sName lunar_lander
version 1
nEpochs 300
nPopSize 100
nTop 10
act 1
populationStrategy 2
randomInjectionRatio 0.35
nLayers 5
vSize 5 8 16 8 4 
vBiases_start
pop 0 layer 0
dims 8 1
0.311512 
0.135082 
0.158941 
0.347283 
-0.168235 
-0.298928 
0.0533348 
0.393388 
pop 0 layer 1
dims 16 1
0.125401 
-0.174791 
0.261023 
0.820064 
0.116088 
-0.0349677 
-0.295085 
-0.216182 
0.617305 
-0.396094 
0.029196 
0.323311 
-0.178192 
0.0372631 
0.110096 
-0.37704 
pop 0 layer 2
dims 8 1
-0.136139 
-0.339749 
-0.366234 
0.201525 
-0.0694771 
0.223374 
-0.0715055 
0.0350557 
pop 0 layer 3
dims 4 1
0.0814881 
0.0860809 
0.303733 
0.335088 
pop 1 layer 0
dims 8 1
0.399792 
0.278453 
0.344254 
0.425588 
-0.450771 
-0.226591 
0.348305 
0.331393 
pop 1 layer 1
dims 16 1
0.0514233 
0.145181 
0.30128 
0.631701 
0.431039 
0.0412368 
-0.323007 
-0.590202 
1.11028 
0.471608 
0.253145 
0.486934 
-0.392622 
0.128389 
0.249342 
-0.723415 
pop 1 layer 2
dims 8 1
-0.080237 
-0.468364 
-0.826609 
0.493596 
-0.0950869 
0.0177116 
0.115735 
0.627276 
pop 1 layer 3
dims 4 1
0.259198 
0.259532 
0.228424 
0.630375 
pop 2 layer 0
dims 8 1
0.331704 
0.380928 
0.480467 
0.383679 
-0.215912 
-0.192954 
0.0962338 
0.0868454 
pop 2 layer 1
dims 16 1
0.214888 
0.0913419 
0.482706 
0.519356 
0.42197 
0.110965 
-0.348107 
-0.211078 
0.903314 
0.580796 
0.269998 
0.202135 
-0.50065 
0.0920448 
0.473293 
-0.838632 
pop 2 layer 2
dims 8 1
-0.0508377 
-0.412657 
-0.943346 
0.403258 
-0.22346 
-0.0347443 
0.0626421 
0.51497 
pop 2 layer 3
dims 4 1
0.391285 
0.146407 
0.179736 
0.637964 
pop 3 layer 0
dims 8 1
0.512081 
0.150926 
0.423007 
0.0178462 
-0.206471 
-0.353224 
0.254332 
0.0795251 
pop 3 layer 1
dims 16 1
0.120304 
-0.0484341 
0.36115 
0.85013 
0.172651 
0.126724 
-0.24832 
-0.340005 
0.921646 
-0.227733 
0.299546 
0.414858 
-0.124135 
-0.156664 
0.290547 
-0.549205 
pop 3 layer 2
dims 8 1
-0.229304 
-0.304575 
-0.406475 
0.279147 
-0.15055 
0.252807 
-0.0692034 
0.129684 
pop 3 layer 3
dims 4 1
0.225552 
0.0283989 
0.273423 
0.418271 
pop 4 layer 0
dims 8 1
0.412586 
0.486439 
0.0598998 
0.477359 
-0.361266 
-0.382263 
0.159331 
0.0235795 
pop 4 layer 1
dims 16 1
0.064512 
-0.121066 
0.438527 
0.839851 
0.462582 
-0.155179 
-0.25459 
-0.16176 
1.17351 
0.425612 
0.334797 
0.4705 
-0.524834 
0.265344 
0.366614 
-0.871979 
pop 4 layer 2
dims 8 1
-0.537861 
-0.547234 
-0.865217 
0.745425 
-0.211248 
0.401407 
0.016475 
0.849011 
pop 4 layer 3
dims 4 1
0.225219 
0.285702 
0.258089 
0.788252 
pop 5 layer 0
dims 8 1
0.532476 
0.308908 
0.345026 
0.340683 
-0.210181 
-0.237202 
0.348607 
0.125115 
pop 5 layer 1
dims 16 1
0.149279 
-0.13826 
0.306701 
0.811814 
0.255635 
-0.129692 
-0.353133 
-0.360191 
1.0942 
-0.0243687 
0.0374848 
0.536137 
-0.193635 
0.141712 
0.197154 
-0.655163 
pop 5 layer 2
dims 8 1
-0.460012 
-0.35033 
-0.486216 
0.335818 
-0.26972 
0.530439 
0.0257999 
0.228149 
pop 5 layer 3
dims 4 1
0.456505 
0.16353 
0.203737 
0.678433 
pop 6 layer 0
dims 8 1
0.378312 
0.461351 
-0.143452 
0.536807 
-0.155603 
-0.0895554 
0.111073 
-0.150348 
pop 6 layer 1
dims 16 1
0.187679 
-0.0803259 
0.454269 
0.68931 
0.389902 
0.113142 
-0.0348554 
0.165842 
1.00074 
0.461125 
0.298492 
0.449859 
-0.351478 
0.188681 
0.280484 
-0.852225 
pop 6 layer 2
dims 8 1
-0.4267 
-0.626586 
-0.615257 
0.781597 
-0.268153 
0.478087 
0.140564 
0.504552 
pop 6 layer 3
dims 4 1
0.400001 
0.217538 
0.311746 
0.876123 
pop 7 layer 0
dims 8 1
0.425683 
0.254103 
0.387157 
0.511976 
-0.193834 
-0.275104 
0.175683 
0.372685 
pop 7 layer 1
dims 16 1
0.114709 
-0.110423 
0.31182 
0.936332 
0.198705 
0.0398948 
-0.286531 
-0.455804 
0.945821 
-0.210519 
0.188594 
0.471209 
-0.251574 
-0.0691613 
0.0914274 
-0.485242 
pop 7 layer 2
dims 8 1
-0.404446 
-0.196843 
-0.358883 
0.124571 
-0.198796 
0.296884 
0.147579 
0.098554 
pop 7 layer 3
dims 4 1
0.139104 
0.0543736 
0.191873 
0.47761 
pop 8 layer 0
dims 8 1
0.267004 
-0.114601 
0.155482 
0.347715 
-0.196946 
-0.00917027 
0.200066 
0.283083 
pop 8 layer 1
dims 16 1
-0.155322 
0.18495 
0.386014 
0.808572 
0.333356 
0.0752111 
0.0374598 
0.122047 
0.859477 
0.522134 
0.209936 
0.613047 
-0.12728 
0.399198 
-0.0262696 
-0.854876 
pop 8 layer 2
dims 8 1
0.0810117 
-0.160079 
-0.86329 
0.363472 
0.0728287 
0.0295654 
-0.0945427 
0.563903 
pop 8 layer 3
dims 4 1
0.466121 
0.02832 
0.401989 
0.483592 
pop 9 layer 0
dims 8 1
0.230464 
0.110603 
-0.0759269 
0.445882 
-0.131944 
-0.20474 
0.108151 
-0.246646 
pop 9 layer 1
dims 16 1
0.242555 
0.01589 
0.290594 
0.46863 
0.173243 
-0.170334 
-0.0730608 
-0.30403 
0.962461 
0.0301496 
0.602333 
0.449835 
-0.44286 
-0.0846546 
0.202011 
-0.499256 
pop 9 layer 2
dims 8 1
-0.329291 
-0.533401 
-0.548689 
0.693347 
-0.403864 
0.44952 
0.168489 
0.414094 
pop 9 layer 3
dims 4 1
0.199532 
0.142503 
0.41838 
0.955603 
vBiases_end
vWeights_start
pop 0 layer 0
dims 8 5
-0.00260533 0.0894529 0.628785 0.19247 -0.161349 
-0.0675999 0.00163873 -0.445279 0.168073 0.493334 
-0.163008 0.276758 -0.110198 -0.257397 -0.268584 
0.125647 -0.258749 -0.478193 0.139259 -0.198528 
0.236854 -0.26347 0.0897338 0.654404 0.42819 
0.342608 0.0175274 0.798253 -0.0571391 0.47406 
-0.076658 -0.358625 0.225728 0.197253 0.106343 
-0.185166 0.295335 -0.0139617 0.441906 0.0849624 
pop 0 layer 1
dims 16 8
-0.216571 -0.0638415 -0.119722 0.299816 -0.392229 0.509503 0.363057 -0.521658 
-0.325074 -0.191735 0.134118 -0.361603 0.0680387 0.490499 -0.195038 -0.0247064 
0.293639 0.595026 -0.413009 0.448139 -0.522305 0.457634 -0.929518 -0.224771 
-0.22504 -0.244643 -0.496672 0.0680436 -0.264548 0.624504 0.0325467 -0.180561 
-0.41148 -0.15317 -0.151842 -0.0302145 -0.390412 0.0327965 -0.0229423 -0.132366 
0.100638 0.162252 -0.421806 -0.0512689 0.702649 -0.378309 -0.088172 -0.268973 
0.314845 0.0774547 0.0756782 0.287588 0.429384 0.138422 0.305212 -0.234241 
-0.710444 0.0847582 0.346264 -0.396688 -0.416376 -0.526606 0.243861 -0.0197111 
0.167114 -0.00708413 -0.449826 -0.208274 0.129199 0.266736 -0.143861 0.418705 
0.481749 -0.0956685 0.0225339 -0.576405 -0.431225 -0.629268 -0.0708138 -0.965155 
0.19223 0.109581 -0.17621 -0.0267353 0.319332 0.587267 -0.348144 0.299226 
0.0423973 -0.0994048 -0.239271 -0.453578 -0.171518 0.397299 0.637426 0.119704 
-0.403425 0.112629 0.312304 -0.104759 -0.375354 -0.117248 -0.0214018 -0.373406 
0.571037 -0.32419 0.491502 -0.148602 -0.120811 0.508017 -0.55809 -0.0941629 
0.619076 0.73051 -0.0731481 -0.583164 0.733824 -0.0782269 -0.128411 0.542266 
-0.260755 0.316481 -0.622431 -0.202466 -0.00065488 -0.570858 0.0134975 -0.294946 
pop 0 layer 2
dims 8 16
-0.168218 -0.172222 -0.276429 -0.394113 0.162787 0.700859 0.276163 0.234495 0.124961 -0.226614 0.355884 -0.00751322 -0.0525155 -0.538003 -0.26674 0.09164 
0.224555 0.197418 -0.285401 0.428886 -0.0503993 0.0865815 0.535601 -0.0923517 -0.0658199 0.517956 0.342406 0.385767 0.10126 0.283809 0.601396 -0.522028 
0.148267 -0.406576 -0.0555254 -0.469481 0.150683 -0.415331 -0.261498 -0.202474 -0.172447 -0.407324 0.416781 0.279851 -0.154581 -0.307968 0.370451 -0.346268 
-0.297207 -0.0504904 0.0832722 0.0013087 -0.212512 -0.0195931 0.526493 -0.123298 -0.352056 -0.241803 0.261819 -0.0244383 -0.0894402 0.580907 0.115493 0.495663 
0.00790901 -0.133741 0.313785 0.115892 -0.136551 -0.178203 0.149918 -0.252684 0.191599 0.552921 0.116252 0.373909 0.112133 0.368266 -0.0368646 0.139351 
-0.0362686 -0.0754513 -0.184965 0.380142 -0.213559 -0.000400908 -0.308423 0.181373 -0.375793 -0.354409 0.0172248 -0.619375 -0.373591 0.229493 -0.142067 -0.549042 
0.113474 -0.0854909 0.273887 0.00557674 0.378982 -0.0911672 -0.179406 -0.305196 0.344965 -0.00724835 0.0400029 0.101088 -0.32241 -0.225851 0.614636 0.123476 
-0.313305 -0.576223 -0.149674 0.321654 0.225672 0.119803 -0.134059 0.413156 0.21601 -0.00582247 0.638307 -0.029052 0.686934 0.425141 0.455082 -0.083821 
pop 0 layer 3
dims 4 8
0.383746 0.0127634 0.574206 -0.771341 -0.0892613 0.308576 -0.345683 -0.551758 
-0.0444728 0.471856 0.440054 0.308234 -0.127692 -0.0912598 0.42101 0.18519 
-0.0268907 0.351839 0.150474 -0.257997 0.832645 -0.214901 0.18135 -0.10986 
-0.0630298 -0.00825566 0.360382 -0.247441 -0.194607 -0.197218 -0.234163 -0.119608 
pop 1 layer 0
dims 8 5
-0.226521 0.0439 0.603203 0.545042 -0.0324217 
-0.15256 0.117497 -0.21345 0.106726 0.623412 
-0.224384 0.179617 -0.196271 -0.104668 -0.317835 
0.0911643 -0.101637 -0.60117 0.0682083 -0.0622379 
0.000896656 -0.120756 0.334646 0.22159 0.523097 
0.602287 -0.0841931 0.817597 -0.426735 0.283945 
0.0161826 -0.337631 0.516542 0.439229 -0.22868 
-0.116971 0.376886 -0.0498474 0.708513 0.104982 
pop 1 layer 1
dims 16 8
-0.179641 -0.426136 -0.0629681 0.547499 -0.162376 0.520604 0.692429 -0.552203 
-0.319832 -0.318732 -0.102212 -0.440949 -0.158219 0.035384 -0.181095 0.3083 
0.63439 0.455808 -0.1418 0.211293 -0.815783 0.215051 -1.29387 -0.27038 
-0.649513 -0.287625 -0.838831 0.157414 -0.191149 0.309326 -0.0634569 -0.238324 
-0.505207 -0.119682 0.087793 -0.270977 -0.401673 -0.186519 -0.506145 -0.191151 
0.374341 0.0293058 -0.157594 0.198226 0.676262 -0.00943389 -0.181395 -0.404719 
0.133204 0.434122 0.193632 0.0202076 0.479836 0.352368 0.432261 -0.0362982 
-0.512424 -0.0151581 0.286265 -0.0933929 -0.387518 -0.307622 0.4844 0.0748207 
-0.0584662 0.0713254 -0.950697 0.107493 0.745236 0.436256 -0.659181 0.549725 
0.488506 0.0012247 -0.0330269 -0.664338 -0.356055 -0.736341 0.207923 -1.02365 
0.466035 -0.00957307 -0.317171 -0.079718 0.254827 0.462973 -0.384997 0.325654 
-0.0378735 -0.262127 -0.297358 -0.793833 -0.375282 0.170542 0.706554 -0.21654 
-0.203034 0.584881 -0.0207277 0.196315 -0.518312 -0.0124493 0.158038 -0.632777 
0.599606 -0.905938 0.54004 0.0294248 0.0255252 0.464993 -0.621243 -0.377391 
0.646755 0.341124 -0.252272 -0.959395 0.620989 -0.0587595 -0.0814753 0.689539 
-0.325155 0.690738 -0.917382 0.301057 -0.0600024 -0.734456 0.269339 -0.25166 
pop 1 layer 2
dims 8 16
0.134644 -0.241992 -0.313691 -0.323155 -0.195757 0.140507 0.122063 0.487994 0.145542 0.150897 0.0548861 -0.430305 0.003174 -0.413634 -0.549541 0.230569 
0.0039577 0.253987 0.455413 0.251659 0.00503637 0.0112501 0.431666 0.206669 -0.390406 0.4595 1.01332 0.573097 0.122722 0.0995706 0.529228 -0.839311 
0.270131 -0.553353 0.262031 -0.231704 0.366348 -1.0298 -0.0906814 0.264461 -0.338773 -0.104616 0.131848 -0.320416 -0.457464 -0.618002 0.570059 0.0647744 
-0.200704 -0.0936631 0.316248 0.472239 -0.268761 -0.119496 0.328425 -0.214822 -0.302534 -0.359547 0.143268 -0.202088 0.0689878 0.189168 -0.0348336 0.913341 
0.71708 0.156956 0.0740572 0.275726 0.194033 0.210008 0.642162 -0.234806 0.154497 0.69867 -0.218841 -0.247054 -0.585653 -0.14405 -0.548944 0.207303 
0.468761 -0.370494 -0.147718 0.478176 -0.510049 -0.534254 -0.130219 -0.0787997 -0.464603 -0.638911 0.196029 -1.17552 0.108093 -0.215898 -0.278807 -1.27545 
0.0741801 0.0935721 -0.329601 0.346055 0.26528 -0.218587 -0.185597 -0.225476 -0.0163809 -0.304022 0.137839 0.0120937 -0.410222 -0.14675 0.00507201 0.052145 
-0.944543 -0.712501 0.227205 0.476315 0.48902 -0.0115276 -0.420908 0.126533 0.0609354 -0.150928 0.272127 0.248536 0.532018 0.298211 0.419239 -0.412339 
pop 1 layer 3
dims 4 8
0.334832 0.0531542 1.13351 -0.434416 -0.339317 0.577692 -0.503651 -0.569439 
-0.253873 0.467769 0.369412 0.372304 -0.552142 -0.430657 0.473894 0.398023 
-0.0687512 0.324936 0.101407 0.129175 0.780157 -0.331748 -0.01447 0.0328811 
0.135368 -0.11188 0.0592896 -0.22154 -0.131261 0.143922 -0.402631 -0.197559 
pop 2 layer 0
dims 8 5
0.0316006 0.128019 0.446583 0.64285 -0.00989036 
0.0869346 0.371321 -0.00529066 0.143611 0.382311 
-0.102622 0.267846 -0.0693832 -0.136885 -0.217492 
-0.0400853 0.231018 -0.502506 0.0975337 -0.0367518 
0.194349 -0.216882 0.414379 0.243386 0.260804 
0.502599 0.293632 0.758309 -0.587554 0.32689 
0.0829764 -0.459285 0.652402 0.37743 -0.083036 
-0.034725 0.250199 0.167997 0.577264 0.0972645 
pop 2 layer 1
dims 16 8
-0.410561 -0.58545 0.245792 0.470013 -0.243344 0.578194 0.923737 -0.594395 
-0.330774 -0.490584 0.0209182 -0.44104 -0.129635 -0.120519 -0.267986 0.344571 
0.652426 0.583349 0.175134 0.20576 -0.882737 0.317108 -1.16945 -0.600061 
-0.511768 -0.154042 -0.796459 0.159457 -0.345581 0.593216 -0.150274 -0.193907 
-0.395887 0.11286 -0.209251 -0.203581 -0.272532 -0.116192 -0.41498 -0.376469 
0.493956 0.265716 0.0247672 0.197435 0.537247 -0.307901 -0.374072 -0.252222 
0.234834 0.247507 0.309172 -0.138568 0.619417 -0.0636821 0.491359 -0.0521475 
-0.610386 -0.21355 0.308074 -0.0245123 -0.486223 -0.241648 0.213017 0.473136 
-0.0671941 0.149903 -0.91664 -0.145418 0.450456 0.326521 -0.458004 0.618008 
0.503797 0.0479097 0.138332 -0.755455 -0.0193651 -0.713418 0.253701 -1.00049 
0.466113 0.163405 -0.0375302 0.10533 0.112188 0.152721 -0.398444 0.470025 
-0.0235908 -0.45108 -0.257928 -0.706241 -0.159117 0.170863 0.803551 -0.379218 
-0.0824326 0.512335 0.0162369 0.252374 -0.22966 0.00434785 -0.0131451 -0.611233 
0.925194 -0.707463 0.673216 -0.226978 0.0919166 0.329819 -0.334294 -0.45968 
0.746651 0.0925856 0.0150351 -0.728911 0.246678 -0.0842281 0.0117901 0.353395 
-0.44262 0.378318 -0.952906 -0.270892 -0.0534194 -0.626305 0.506225 -0.373795 
pop 2 layer 2
dims 8 16
0.200526 -0.240791 -0.178021 -0.307777 -0.198296 0.0836149 0.157424 0.390192 0.0483629 0.0116404 0.17613 -0.372414 -0.00022587 -0.213084 -0.435442 0.260778 
-0.0177474 0.155233 0.41883 0.226237 0.0990227 0.0780904 0.334078 0.239552 -0.340279 0.353313 0.754994 0.557277 0.021761 0.216316 0.336771 -0.948302 
0.211432 -0.596887 0.293188 -0.154274 0.365099 -1.03816 -0.135813 0.324332 -0.160754 -0.119594 0.186594 -0.303388 -0.442173 -0.523005 0.471189 0.101133 
-0.325368 -0.0593983 0.419293 0.377813 -0.215324 0.0325303 0.384222 -0.329584 -0.345484 -0.438497 0.0346173 -0.28355 0.0530461 0.285207 -0.241482 0.699264 
0.659517 0.359065 0.145992 0.335666 -0.0275969 0.299841 0.585608 -0.265768 0.238747 0.675164 -0.144138 -0.233616 -0.571665 -0.0885907 -0.65044 0.297797 
0.26268 -0.379932 -0.222591 0.380398 -0.409008 -0.551036 0.010898 -0.0959785 -0.304606 -0.57168 0.240164 -1.02062 0.162879 -0.312173 -0.284293 -1.07401 
0.0379278 0.111189 -0.396457 0.0814023 0.201431 -0.204689 -0.163303 -0.242492 -0.055383 -0.175182 0.18122 0.205918 -0.272158 -0.172906 0.103992 -0.0178539 
-0.809856 -0.713518 0.248873 0.384498 0.523688 -0.132531 -0.489413 0.444287 0.121441 -0.126505 0.170711 0.289877 0.383922 0.332234 0.351629 -0.562766 
pop 2 layer 3
dims 4 8
0.513559 0.160277 0.877095 -0.400182 0.0681134 0.561445 -0.347866 -0.324739 
0.145759 0.720991 0.51316 0.432047 -0.278377 -0.588336 0.588395 0.451779 
-0.491545 0.124158 0.146229 0.105797 0.677041 -0.31623 -0.329492 -0.0462521 
0.0161471 0.00454108 0.240966 -0.218067 -0.17016 -0.147528 -0.287674 -0.332007 
pop 3 layer 0
dims 8 5
-0.170795 0.115553 0.342624 0.620748 -0.220776 
0.0178681 0.289128 -0.201928 0.0282976 0.333586 
-0.194721 0.138028 0.118757 -0.158768 -0.259348 
-0.119878 -0.206205 -0.657193 0.221743 -0.299395 
-0.105519 0.195741 0.559034 0.230182 0.224869 
0.614211 -0.240059 0.700899 -0.203513 0.482774 
-0.0198706 -0.186322 0.5151 0.484813 -0.312762 
-0.0253858 0.0318568 -0.12787 0.590143 0.224358 
pop 3 layer 1
dims 16 8
-0.194091 -0.198971 0.193682 0.587318 -0.507326 0.353941 0.230024 -0.337537 
-0.441207 -0.260116 0.0219155 -0.237257 0.302397 0.361266 -0.183037 -0.162259 
0.210322 0.619579 -0.382759 0.189117 -0.406408 0.607184 -0.804299 -0.0279271 
-0.152973 -0.213874 -0.538434 0.120088 -0.245393 0.639453 -0.109294 -0.26873 
-0.207637 -0.472946 -0.187324 0.0687554 -0.495827 -0.184794 -0.186903 -0.0881041 
-0.011168 0.328689 -0.38247 -0.239294 0.59207 -0.191779 -0.20961 -0.209067 
0.386392 0.202621 0.0996487 0.29228 0.77372 -0.121714 0.38312 -0.118806 
-0.783819 0.0819293 0.39325 -0.545528 -0.331853 -0.394947 0.251059 -0.0854123 
0.290138 -0.154739 -0.526255 -0.0491548 0.0785747 0.318298 -0.268487 0.555617 
0.548924 0.105369 -0.0799255 -0.42786 -0.259145 -0.640836 0.071196 -1.01814 
0.249989 0.060066 -0.13656 -0.185279 0.355494 0.472454 -0.198457 0.201189 
-0.0755294 -0.134871 -0.345996 -0.652138 -0.307695 0.27939 0.754025 -0.0848783 
-0.34217 0.232987 0.121074 0.101121 -0.214173 -0.366585 0.0700708 -0.3071 
0.45335 -0.254429 0.236832 -0.194429 -0.0359909 0.42657 -0.292486 -0.13897 
0.38044 0.360263 -0.101125 -0.464221 0.747132 -0.0505039 -0.177051 0.597018 
-0.396384 0.250544 -0.831018 -0.126932 0.213236 -0.609371 0.247381 -0.363251 
pop 3 layer 2
dims 8 16
0.0247736 -0.0688817 -0.260938 -0.150681 0.197745 0.615704 0.281622 0.129705 0.0894425 -0.137209 0.143492 -0.0390554 -0.0506009 -0.711305 -0.396078 0.011465 
0.218152 0.123452 -0.309974 0.670154 0.248681 0.297175 0.563939 0.063326 0.0427298 0.656359 0.347291 0.499101 -0.00245062 0.252569 0.618912 -0.550997 
0.169965 -0.230919 0.0334545 -0.37601 0.027126 -0.394096 -0.333416 -0.114279 -0.211145 -0.328948 0.323725 0.137946 -0.161294 -0.287875 0.491307 -0.253503 
-0.355734 -0.0408159 -0.0083242 0.0294598 -0.228427 0.0811882 0.488278 -0.245087 -0.246156 -0.31688 0.178293 -0.00506439 0.2703 0.730224 0.110919 0.491798 
-0.000325291 -0.0523012 0.561191 0.164262 0.00265779 -0.222495 0.356591 -0.290635 0.187296 0.623381 0.0654253 0.293168 0.0960004 0.406259 -0.240705 0.271147 
-0.0769667 -0.0202383 -0.130057 0.42202 -0.0972156 -0.0876756 -0.223817 0.193078 -0.39471 -0.577002 0.094023 -0.625808 -0.317163 0.197075 -0.152927 -0.624319 
-0.0845437 -0.0612868 0.205482 0.112359 0.449596 -0.0579195 -0.138599 -0.364329 0.504362 0.0318984 -0.143479 0.00460769 -0.252322 -0.384217 0.590572 0.184825 
-0.564943 -0.520038 -0.123036 0.420056 0.157284 0.15649 -0.210937 0.230113 0.38235 0.0350132 0.639751 -0.0566919 0.632972 0.665658 0.293083 -0.160274 
pop 3 layer 3
dims 4 8
0.470252 0.0357202 0.516548 -0.682828 -0.243008 0.558407 -0.176931 -0.47981 
-0.15762 0.38918 0.522967 0.229901 0.0037251 0.0980739 0.297455 0.121823 
-0.0197487 0.147629 -0.046063 -0.262489 0.731455 -0.210966 -0.00494703 -0.0740376 
-0.0254511 0.0765011 0.0432485 -0.348529 -0.257504 0.0488115 -0.153819 -0.0980645 
pop 4 layer 0
dims 8 5
-0.300241 0.0102366 0.838061 0.883484 -0.341386 
-0.338773 -0.0818574 -0.156783 0.174044 0.744311 
-0.468532 0.462951 0.0109384 0.0574732 0.376943 
-0.0866786 -0.510554 -0.726088 -0.271756 -0.0639354 
0.121081 -0.0550444 0.127274 0.199802 0.130627 
0.51049 0.224967 1.0529 -0.174167 0.473358 
-0.0734527 -0.326423 0.866819 0.569976 -0.295008 
0.0380863 0.255329 -0.012779 0.404773 0.273019 
pop 4 layer 1
dims 16 8
-0.405707 -0.534563 -0.0801034 0.699441 -0.335738 0.529849 0.89781 -0.547818 
-0.486092 -0.374347 -0.0953398 -0.509571 -0.316169 -0.0479096 -0.170374 0.326482 
0.79185 0.729661 -0.0700671 0.124421 -1.16112 0.30196 -1.42454 -0.25661 
-0.73254 -0.19454 -0.906547 0.190221 -0.272089 0.623499 -0.147363 -0.324007 
-0.511721 0.183582 -0.259596 -0.263292 -0.481731 -0.131427 -0.502372 -0.162947 
0.458364 0.145027 -0.195839 0.0699393 0.507741 -0.13286 -0.247534 -0.396584 
0.208784 0.416046 0.148428 -0.0317164 0.633953 0.11347 0.571965 -0.1424 
-0.758541 0.00369216 0.499687 -0.0283947 -0.555668 -0.357928 0.318819 0.315211 
0.0787518 0.038086 -0.986929 0.019542 0.564295 0.449566 -0.6477 0.864321 
0.588757 0.114507 0.0289075 -0.917999 -0.204708 -0.748626 0.148196 -1.18767 
0.500296 0.0311577 -0.168244 -0.164545 0.16385 0.595404 -0.365343 0.573179 
0.0912329 -0.433563 -0.245971 -0.879456 -0.204917 0.19037 0.823541 -0.223437 
-0.200261 0.529134 -0.143814 0.414257 -0.431694 0.00408895 0.14341 -0.656528 
0.797274 -0.749495 0.740942 -0.169503 -0.00822409 0.473685 -0.578085 -0.598151 
0.729881 0.539958 -0.159581 -1.01048 0.56471 -0.0653215 -0.0340216 0.611229 
-0.313578 0.486918 -1.04397 -0.133609 -0.0537068 -0.854658 0.606848 -0.489982 
pop 4 layer 2
dims 8 16
0.10411 -0.252292 -0.532156 -0.237084 -0.156504 0.354135 0.355038 0.370649 0.113242 0.219054 0.236444 -0.433063 -0.0946147 -0.65319 -0.503914 0.477846 
0.0841363 0.293346 0.417114 0.471383 0.00130667 0.187463 0.467875 0.00244157 -0.0926507 0.484431 1.08018 0.567515 0.145043 0.3534 0.806894 -0.782113 
0.334475 -0.515879 0.182793 -0.249 0.238601 -0.967816 -0.160452 0.324299 -0.480602 0.0133168 0.129226 -0.255625 -0.408649 -0.772461 0.766589 -0.141758 
-0.30091 0.215513 0.350114 0.249972 -0.000659324 -0.237039 0.502665 -0.100159 -0.327789 -0.39924 0.216748 -0.401394 0.0601508 0.493157 -0.0715857 0.974318 
0.54479 0.0758677 0.250856 0.346108 0.347254 0.233875 0.793745 -0.336631 0.14246 0.659579 -0.286471 -0.341617 -0.427054 0.151681 -0.543461 0.166174 
0.411889 -0.242254 -0.119951 0.562838 -0.311099 -0.738919 -0.303859 0.129512 -0.671683 -0.793689 0.110416 -1.27149 0.117226 0.0887955 -0.565572 -1.31746 
0.206851 0.191125 -0.0966081 0.334705 0.254158 -0.228486 -0.191417 -0.295183 0.0310698 -0.244676 -0.0247377 -0.0156887 -0.15572 -0.07334 0.0410944 0.0382972 
-1.05788 -0.712566 0.107543 0.514314 0.211393 0.0201482 -0.255985 0.0365454 0.29032 -0.190067 0.467483 0.237492 0.718362 0.466387 0.61544 -0.320986 
pop 4 layer 3
dims 4 8
0.464221 0.115755 0.917558 -0.576 -0.139408 0.747427 -0.21153 -0.507774 
-0.0412194 0.678723 0.655328 0.469996 -0.514898 -0.661094 0.624027 0.233692 
-0.16729 0.154096 0.0425042 0.0862302 0.787331 -0.37671 -0.279134 0.0654138 
0.0636638 -0.123572 0.351807 -0.324893 -0.471813 -0.0206471 -0.372951 -0.280794 
pop 5 layer 0
dims 8 5
-0.0854819 0.063836 0.478793 0.764786 -0.239412 
0.0534642 0.172965 -0.147371 -0.00702978 0.440113 
-0.0593729 0.163345 0.00816222 -0.172334 -0.182656 
-0.0752134 0.0972106 -0.580118 0.184645 -0.0791734 
-0.061116 0.205912 0.371172 0.121323 0.342346 
0.793651 0.0751728 0.834222 -0.303442 0.596771 
-0.0331619 -0.359235 0.594253 0.202823 -0.246456 
-0.0558246 0.216093 -0.13799 0.469784 0.100763 
pop 5 layer 1
dims 16 8
-0.369547 -0.554813 -0.124765 0.575455 -0.477941 0.412954 0.704881 -0.566427 
-0.418871 -0.174676 0.0520838 -0.521108 -0.115423 0.0718744 -0.152283 0.239826 
0.374585 0.527306 -0.224 0.375338 -0.684838 0.38008 -1.25818 -0.281498 
-0.528458 -0.228506 -0.800376 -0.00868494 -0.166676 0.49199 -0.274111 -0.282018 
-0.520107 -0.198128 -0.14906 -0.19441 -0.382994 -0.0495646 -0.326173 0.00157499 
0.294069 0.124696 -0.309648 -0.0125345 0.587816 -0.199573 -0.171326 -0.438573 
0.30061 0.501057 0.177961 0.0766982 0.837508 0.169562 0.553433 0.0379108 
-0.900725 0.196193 0.394763 -0.176194 -0.242812 -0.287919 0.498398 0.0659389 
-0.0744815 -0.019789 -0.936248 -0.0189036 0.434368 0.378166 -0.42404 0.466352 
0.443971 0.00831514 0.181514 -0.730237 -0.377749 -0.686868 0.0129844 -1.01584 
0.410275 -0.150971 -0.407262 -0.0600091 0.426318 0.428767 -0.349904 0.331674 
-0.0732897 -0.219964 -0.264577 -0.675841 -0.304284 0.11049 0.750477 -0.141204 
-0.4413 0.456288 0.0992156 0.267526 -0.330221 -0.01285 -0.0361579 -0.467902 
0.756252 -0.772683 0.464728 0.0135354 0.0743463 0.305528 -0.480886 -0.62412 
0.507512 0.611016 -0.213635 -0.884829 0.751132 -0.0740813 -0.188272 0.503876 
-0.299269 0.493739 -0.798745 0.0161371 0.0353608 -0.704587 0.407677 -0.308127 
pop 5 layer 2
dims 8 16
-0.0540601 -0.165961 -0.470558 -0.181687 0.498856 0.394326 0.438366 0.306448 0.323676 -0.0669144 0.157237 -0.067012 -0.135283 -0.452438 -0.544332 0.0298213 
0.495733 0.0944774 -0.191612 0.89277 0.159636 0.410725 0.659057 -0.112279 0.233748 0.400664 0.451959 0.591438 0.0990634 0.303752 0.608478 -0.665763 
0.20419 -0.281919 0.128247 -0.243584 0.0947219 -0.518009 -0.276565 -0.000270484 -0.285721 -0.269708 0.27172 0.12821 -0.356204 -0.225327 0.356636 -0.313214 
-0.369751 0.0088865 0.166429 -0.122505 -0.158585 -0.154089 0.493916 -0.189829 -0.32713 -0.366676 0.266498 -0.0595908 0.139694 0.612004 0.21891 0.593436 
0.263114 -0.00227382 0.373198 0.255823 -0.120015 -0.218111 0.333977 -0.179983 0.274493 0.785138 -0.209406 -0.065678 -0.0694682 0.449204 -0.374376 0.255165 
-0.00914154 0.117412 -0.259833 0.29659 -0.171265 -0.135875 -0.547556 0.139028 -0.485344 -0.830846 -0.0310773 -0.779602 -0.173407 0.310084 -0.164961 -0.835716 
0.11682 0.0862655 0.150852 0.342439 0.293374 -0.241414 -0.0775596 -0.450979 0.367736 -0.00297813 -0.0729157 -0.0944407 -0.185974 -0.282604 0.435217 0.0869618 
-0.555114 -0.705838 -0.351521 0.365055 0.238024 0.357867 -0.12732 0.0595109 0.0899751 -0.0701568 0.617997 0.200411 0.553806 0.885647 0.372558 -0.0996856 
pop 5 layer 3
dims 4 8
0.508332 -0.230738 1.10409 -0.589824 -0.411747 0.602499 -0.388906 -0.547722 
-0.14854 0.462656 0.417746 0.635862 -0.499677 -0.555806 0.447788 0.00233397 
-0.139996 0.370578 -0.111404 0.210224 0.74517 -0.148078 -0.377034 -0.0166481 
0.0637515 -0.202692 0.238333 -0.26483 -0.470616 0.0597381 -0.399252 -0.24382 
pop 6 layer 0
dims 8 5
-0.356236 -0.0179744 0.574487 0.295643 -0.136577 
0.00372353 -0.0066728 -0.0517582 0.195397 0.289341 
-0.216636 0.444439 0.110331 -0.0370897 0.255249 
-0.298577 -0.451881 -0.751671 -0.0899675 -0.21717 
0.12427 -0.0671417 -0.0190982 0.0787488 0.236364 
0.504114 0.418535 0.856346 0.217966 -0.00135521 
-0.0349846 -0.229316 0.473554 0.467719 -0.0296237 
0.0892459 0.27305 -0.238642 0.522752 0.330971 
pop 6 layer 1
dims 16 8
-0.421154 -0.311258 -0.17036 0.54944 -0.455947 0.632157 0.581296 -0.571456 
-0.233795 -0.203574 -0.287596 -0.365259 -0.372632 0.195104 -0.0295291 0.462088 
0.578968 0.594384 -0.0134623 0.335191 -0.850186 0.393005 -1.42654 -0.0531421 
-0.662368 -0.434507 -0.562841 0.0440898 -0.122314 0.344487 -0.261185 -0.320622 
-0.307607 0.117527 -0.0980052 -0.0816083 -0.569068 -0.155795 -0.451645 -0.0231528 
0.483889 -0.00665523 -0.29214 -0.0344558 0.340029 -0.127844 -0.131175 -0.555374 
0.0750181 0.42646 0.224374 -0.189914 0.417865 0.0250301 0.388205 -0.0630118 
-0.603863 -0.0873695 0.268003 0.019894 -0.389497 -0.485871 0.240289 0.296255 
0.156059 -0.0560966 -0.745453 0.0582125 0.337365 0.245532 -0.666338 0.536618 
0.395301 0.0602558 0.21313 -0.858202 -0.258756 -0.809288 -0.0563851 -0.894248 
0.318361 -0.0636878 -0.0477869 -0.152726 0.134059 0.646982 -0.0548927 0.557249 
0.072899 -0.527979 -0.0359574 -0.537784 -0.339385 0.253015 0.633114 -0.391037 
-0.0200055 0.278099 -0.118339 0.254933 -0.496153 0.0191742 0.209046 -0.45751 
0.557657 -0.298521 0.443904 -0.165855 0.170246 0.60555 -0.428403 -0.712686 
0.714042 0.620748 -0.458855 -0.658923 0.544788 0.293988 -0.0969406 0.357482 
-0.223965 0.342493 -0.857183 -0.282546 -0.00965806 -0.609224 0.571825 -0.243228 
pop 6 layer 2
dims 8 16
0.26403 -0.248367 -0.196913 -0.303082 -0.103744 0.58004 0.449644 0.540131 0.114858 0.178308 0.141765 -0.0541705 0.101119 -0.646122 -0.362889 0.156043 
0.127689 0.221572 0.256561 0.0829113 -0.161822 0.0249668 0.349575 -0.0692766 0.100504 0.269335 0.527099 0.540575 -0.189704 0.0697014 0.263563 -0.674258 
0.596981 -0.350506 0.176684 -0.0189544 0.0842088 -0.654979 -0.166345 0.102544 -0.255179 0.0932195 0.0119692 -0.205638 -0.213029 -0.415942 0.269968 0.204456 
-0.533998 0.112437 0.0501994 0.104093 0.0173474 -0.515237 0.66886 -0.148971 -0.299039 -0.183585 0.0809198 -0.556876 -0.296793 0.280724 -0.0556746 0.579237 
0.406055 0.0719787 0.30923 0.218893 0.0432111 -0.0142332 0.717085 -0.480869 -0.0457592 0.57128 0.113018 -0.471803 -0.307733 -0.0498955 -0.699638 0.219972 
0.325197 -0.277008 0.0247856 0.395871 -0.0400521 -0.779487 -0.156808 -0.000145945 -0.589968 -0.325513 0.0416307 -0.900895 0.0769125 0.0433706 -0.528068 -0.823146 
-0.063844 0.199991 0.198916 0.0559203 0.125585 -0.148222 -0.322144 -0.464834 0.165013 -0.0982756 0.116314 -0.115661 -0.127256 -0.0445079 0.056145 0.192218 
-0.782023 -0.459466 -0.0943578 0.583919 0.244551 -0.0842162 -0.110703 -0.0821401 0.291861 -0.396647 0.235283 0.315393 0.595635 0.333156 0.438165 -0.13932 
pop 6 layer 3
dims 4 8
0.59341 -0.00863735 0.818674 -0.735478 -0.130252 0.573279 -0.11713 -0.554789 
-0.0914157 0.6286 0.491929 0.346345 -0.0580964 -0.453864 0.404966 0.383502 
-0.0537819 0.199892 0.0753843 -0.328517 0.688962 -0.170411 -0.0126557 0.0322234 
0.129181 -0.157788 0.385478 -0.150367 -0.460502 0.0304311 -0.26813 -0.326431 
pop 7 layer 0
dims 8 5
-0.0682213 0.0694671 0.650944 0.2859 -0.0925428 
-0.0900646 0.086503 -0.376621 0.171707 0.385729 
-0.126752 0.249165 0.0752907 -0.263964 -0.27346 
0.0851112 -0.318023 -0.635862 0.0782717 -0.295848 
0.133169 -0.342504 0.279658 0.435783 0.480941 
0.665104 0.0328633 0.922494 -0.227086 0.57054 
0.0373633 -0.411485 0.353478 0.364902 -0.0955181 
-0.262568 0.418204 0.0642678 0.407984 0.0326224 
pop 7 layer 1
dims 16 8
-0.268101 -0.230031 0.115516 0.546261 -0.505846 0.400181 0.348382 -0.581328 
-0.374974 -0.217722 -0.0148612 -0.363427 0.0962283 0.35343 -0.278705 -0.0168081 
0.162394 0.648535 -0.465182 0.348127 -0.53845 0.615019 -1.01334 -0.187541 
-0.258246 -0.249786 -0.65216 0.0422724 -0.218831 0.574308 -0.0483683 -0.170631 
-0.324154 -0.34309 -0.0599439 0.00381672 -0.353372 -0.0227671 -0.223504 -0.0752217 
0.216011 0.232694 -0.355037 -0.0930447 0.713143 -0.180388 -0.0935047 -0.243145 
0.366852 0.110268 0.208506 0.219622 0.642437 -0.0353241 0.434684 -0.056989 
-0.794024 0.150948 0.33665 -0.393757 -0.428562 -0.563848 0.275189 -0.0688475 
0.246154 -0.176006 -0.689629 -0.242869 0.200515 0.39101 -0.170498 0.542201 
0.588484 0.0649782 0.10013 -0.68219 -0.370748 -0.593268 -0.00928513 -1.00875 
0.18504 0.00991706 -0.132721 -0.072629 0.425861 0.495521 -0.332721 0.330082 
-0.0448508 -0.109223 -0.327965 -0.644392 -0.225266 0.34754 0.675856 0.0550066 
-0.205812 0.192582 0.258292 0.00439456 -0.335594 -0.2587 -0.124453 -0.358884 
0.48621 -0.458026 0.304068 -0.0931919 0.0172536 0.438421 -0.438182 -0.219548 
0.618034 0.598496 -0.204345 -0.538503 0.748057 -0.0906081 -0.191664 0.573201 
-0.471676 0.382724 -0.75881 -0.15118 0.0530896 -0.673451 0.0550883 -0.380762 
pop 7 layer 2
dims 8 16
-0.0873155 -0.0465831 -0.434317 -0.261165 0.381627 0.531687 0.394738 0.126069 0.187582 -0.084714 0.339131 0.150526 -0.139694 -0.562479 -0.52155 0.0511578 
0.44387 0.253479 -0.268533 0.918448 -0.0484211 0.341616 0.352947 -0.215043 -0.0134787 0.631792 0.333903 0.480839 0.0885659 0.436163 0.516583 -0.674604 
0.095306 -0.260369 0.0311412 -0.243992 0.219419 -0.41094 -0.184948 -0.109041 -0.0591543 -0.270363 0.292647 0.172757 -0.151795 -0.0575146 0.342654 -0.242736 
-0.52519 0.126986 0.0382626 -0.0851622 -0.22924 0.0108639 0.418314 -0.359842 -0.282293 -0.197629 0.171764 0.046233 0.383964 0.664158 -0.0589338 0.469567 
-0.152646 -0.0882756 0.55615 0.247063 -0.133952 -0.266496 0.380006 -0.30455 0.311958 0.668671 -0.0873543 -0.0787306 0.0981609 0.418866 -0.0875581 0.163791 
0.0133355 -0.0940334 -0.147675 0.478601 -0.107076 -0.0298993 -0.373032 0.25691 -0.423283 -0.609813 0.0669095 -0.806553 -0.135205 0.280457 -0.165594 -0.57735 
-0.0042782 -0.105571 0.2343 0.131711 0.28788 0.144642 -0.009033 -0.463796 0.25248 -0.142732 -0.0925083 -0.0492244 -0.148651 -0.251305 0.535829 0.00775448 
-0.522389 -0.617497 -0.31394 0.245582 0.20671 0.581812 -0.195558 -0.0804895 0.244723 0.0564454 0.582228 0.148737 0.460807 0.584132 0.275656 -0.176359 
pop 7 layer 3
dims 4 8
0.589041 0.0104233 0.638702 -0.659814 -0.108708 0.576329 -0.0820131 -0.600979 
-0.00813155 0.36641 0.457666 0.263419 -0.0842108 -0.0663766 0.388784 0.199653 
0.0525365 0.296556 0.110043 -0.249879 0.803988 -0.174256 0.118293 -0.0481663 
-0.0279341 -0.158301 0.157998 -0.188996 -0.296465 -0.0774486 -0.201032 -0.15382 
pop 8 layer 0
dims 8 5
-0.174911 0.119214 0.701668 0.510218 -0.0521777 
-0.0141985 0.0519678 -0.0193934 0.106818 0.482874 
-0.340449 0.243573 -0.0610394 -0.0381806 -0.303817 
-0.108525 0.0812772 -0.816387 0.0481637 -0.0248439 
-0.0466385 -0.091379 0.0704289 0.0913889 0.426097 
0.416015 -0.131426 0.711915 -0.471829 0.324117 
0.127521 -0.129285 0.240062 0.401337 -0.23549 
0.0735895 0.414648 -0.0266437 0.627233 0.0641914 
pop 8 layer 1
dims 16 8
-0.224197 -0.195598 -0.269462 0.258552 -0.50513 0.538691 0.472416 -0.484937 
-0.0999035 -0.131292 -0.477033 -0.442105 -0.064308 0.32299 0.0719577 0.14039 
0.434817 0.634058 -0.0328843 0.369125 -0.951922 0.464549 -1.38355 -0.110623 
-0.559877 -0.459226 -0.581733 0.0138844 -0.259798 0.401058 -0.0422777 -0.421274 
-0.278603 -0.108822 0.0508665 -0.0699203 -0.524384 -0.122438 -0.305373 -0.177102 
0.312397 -0.0166903 -0.21374 -0.0940692 0.399822 -0.0679006 0.160644 -0.538828 
0.0820138 0.238453 0.250009 0.111893 0.587697 0.0888495 0.295703 -0.106516 
-0.729691 -0.0853237 0.322696 0.167813 -0.288068 -0.29305 0.295918 0.257729 
0.237945 0.204526 -0.53235 -0.0429933 0.220093 0.445662 -0.805919 0.445679 
-0.0666247 -0.283186 0.0627842 -0.609479 -0.200496 -0.5535 -0.0691513 -0.769357 
0.255159 0.171708 0.0862058 -0.237237 0.0481948 0.536337 0.101383 0.569471 
0.0175739 -0.455053 -0.230123 -0.450085 -0.366445 0.218049 0.426823 -0.213244 
0.0441675 0.0233194 -0.0824939 0.0661136 -0.261693 -0.0448484 0.227023 -0.310145 
0.712467 -0.0785304 0.230903 -0.0846896 -0.0224181 0.485005 -0.36272 -0.525747 
0.589525 0.692084 -0.249371 -0.474686 0.355681 0.380186 -0.232554 0.194662 
-0.165735 0.32435 -0.713885 -0.101674 -0.140302 -0.537441 0.475938 -0.461304 
pop 8 layer 2
dims 8 16
-0.0190215 -0.153297 -0.504807 -0.0489902 -0.151159 0.0988101 0.152518 0.288637 0.345144 0.0880898 -0.103904 -0.267016 0.0219158 -0.378651 -0.445926 0.237625 
-0.0646791 0.309757 0.175084 0.612615 0.248944 -0.0081149 0.189058 0.00862859 -0.29138 0.535974 0.722023 0.314804 0.147172 0.211518 0.691638 -0.733996 
0.0761809 -0.440727 0.034578 -0.37573 0.597287 -1.05432 -0.0807155 0.237644 0.0273366 -0.266388 0.035365 -0.240193 -0.21896 -0.525112 0.518903 -0.0630717 
-0.243329 0.0455383 0.289666 0.469434 -0.0671184 -0.0347396 0.0944728 -0.419367 -0.307893 -0.431937 -0.016621 -0.0128469 0.105561 0.103781 -0.0239594 0.900461 
0.44173 0.191304 -0.0977764 0.130245 0.157813 0.0490583 0.570087 -0.185268 0.283346 0.447983 0.156937 -0.100249 -0.494176 -0.134964 -0.458536 0.19986 
0.275837 -0.525351 -0.124168 0.439387 -0.414159 -0.427554 0.147116 0.00348233 -0.26997 -0.45202 0.136855 -0.640746 0.417902 -0.109868 -0.229545 -1.06311 
-0.190152 0.00205661 -0.31481 0.304664 0.342543 -0.221044 -0.423884 -0.309065 -0.0266821 -0.3347 0.151662 -0.0841786 -0.238446 0.0765436 0.228627 0.11394 
-0.560545 -0.545899 0.415034 0.235958 0.401356 -0.250003 -0.323179 0.257205 -0.34016 0.0174414 0.246912 0.21214 0.47526 0.433127 0.407517 -0.167719 
pop 8 layer 3
dims 4 8
0.404202 -0.0193327 0.71306 -0.907812 0.0468296 0.417111 -0.0753418 -0.515236 
0.0343574 0.532066 0.549116 0.380326 -0.153135 -0.457111 0.414486 0.339582 
0.133629 -0.0752053 0.0951073 -0.369922 0.439554 -0.433176 -0.149658 -0.222848 
0.191504 -0.0323451 0.126474 -0.0147323 -0.267578 0.0246163 -0.11784 -0.251993 
pop 9 layer 0
dims 8 5
-0.41619 -0.0116683 0.330459 0.269205 0.00424638 
-0.0577437 -0.0966429 -0.259124 -0.0155916 0.308846 
-0.226854 0.199283 0.219991 -0.119155 0.331516 
-0.286658 -0.198714 -0.78146 -0.201785 -0.331127 
-0.000793339 -0.180948 -0.0452653 -0.030849 0.439098 
0.45015 0.270912 0.917842 0.0365397 -0.00739723 
-0.0298244 -0.244565 0.334264 0.46623 -0.102471 
0.100648 0.286287 -0.224881 0.620266 0.389024 
pop 9 layer 1
dims 16 8
-0.440616 -0.50605 0.0568348 0.653131 -0.130715 0.25 0.611858 -0.223904 
-0.316102 -0.0171854 -0.241466 -0.152815 -0.0979312 -0.0205889 0.0920872 0.271879 
0.608245 0.559528 0.130568 -0.130293 -1.05316 -0.0119899 -1.11255 -0.231715 
-0.444047 -0.157984 -0.621929 0.233273 -0.383795 0.726424 -0.16154 -0.398172 
-0.281909 0.199984 -0.368774 -0.0590928 -0.324004 -0.100134 -0.148374 0.0108767 
0.294417 0.00630616 -0.0355378 0.233381 0.362402 0.112174 -0.0874962 -0.389212 
-0.0172125 0.392246 -0.0988288 0.0800262 0.677197 0.194009 0.417888 -0.0451757 
-0.286403 0.0857875 0.174205 0.143656 -0.392133 0.055985 0.45002 0.335921 
0.134332 0.0421945 -0.727452 0.20897 0.440467 0.313552 -0.397264 0.641861 
0.353465 0.196044 0.0915769 -0.850656 -0.150467 -0.33839 0.542033 -0.91137 
0.594295 -0.161034 -0.0441502 -0.16882 0.366617 0.300039 -0.151062 0.351581 
0.175447 -0.216106 -0.179739 -0.782967 0.0984355 0.387216 0.615713 -0.0238185 
0.0506738 0.515489 -0.083103 0.471659 -0.0817967 0.245587 0.120654 -0.485196 
0.488211 -0.59156 0.342767 -0.278505 -0.204685 0.183713 -0.511856 -0.405044 
0.608078 0.50337 -0.0462556 -0.820907 0.438977 -0.183935 0.0373127 0.561079 
-0.102023 0.388844 -0.84189 -0.172323 -0.113779 -0.491451 0.466869 -0.34984 
pop 9 layer 2
dims 8 16
0.298988 -0.0837835 -0.170903 -0.156767 -0.101423 0.413826 0.552453 0.503447 0.177197 0.252878 0.138871 0.00447735 -0.0206719 -0.506365 -0.292036 0.0869133 
0.183365 0.279803 0.231885 0.0724553 -0.0689182 -0.00235678 0.246963 0.00364662 0.176874 0.24553 0.603899 0.435037 -0.194977 -0.00358537 0.198981 -0.670509 
0.475511 -0.30218 0.104444 -0.0490846 0.0452303 -0.398784 -0.177322 0.0652768 -0.261718 0.163042 -0.0126711 -0.16446 -0.0423894 -0.448022 0.322983 0.259824 
-0.23855 0.0255628 0.0538077 0.0128803 0.000452531 -0.488197 0.530998 -0.0999725 -0.417557 -0.107867 0.0550532 -0.623224 -0.236399 0.207296 0.0932327 0.531236 
0.433418 0.13956 0.397257 0.30669 -0.0683545 -0.142427 0.604678 -0.427126 -0.0710286 0.49177 0.143715 -0.439499 -0.313491 0.0856452 -0.694273 0.0711457 
0.236171 -0.333778 -0.0572012 0.334391 -0.0713577 -0.540482 -0.104224 -0.0338309 -0.571847 -0.32166 -0.0478267 -0.781403 -0.0316162 0.0671768 -0.607025 -0.764888 
-0.0507161 0.348613 0.153999 -0.0968166 0.0184389 0.0106985 -0.285643 -0.539407 0.168328 -0.0477368 0.00283 -0.0362995 -0.00130883 -0.323363 0.0661143 0.285262 
-0.783745 -0.440172 -0.0623337 0.442203 0.0979662 -0.174196 -0.136207 -0.0554145 0.270316 -0.137922 0.214644 0.267177 0.595025 0.463432 0.352531 -0.00174972 
pop 9 layer 3
dims 4 8
0.564245 0.0361933 0.721308 -0.565714 -0.205967 0.488294 -0.143819 -0.582001 
-0.0688682 0.571853 0.532292 0.385093 -0.124554 -0.546226 0.349584 0.247141 
-0.0241436 0.29451 0.0820231 -0.285128 0.709368 -0.268605 0.0294711 0.0365917 
0.211541 -0.0648601 0.554094 -0.15456 -0.484858 -0.137733 -0.241197 -0.192213 
vWeights_end
generator 378797203 3943410240 1044639839 1662150450 3684223013 2360459783 3996091432 908968098 2309067991 2807557069 3318473583 48638894 1436412856 2625250899 3494597009 1970992134 1398895835 2084167861 3599273016 1318646996 1415727553 2445609535 1341590774 1593453133 3578893166 2773340233 2501505642 998304263 3453164364 4028306217 1854244327 2765863313 2318900891 1127996751 1930435333 1949380913 3579624147 3979722365 3000403867 1833810705 1427480664 708458468 2013136165 21228876 539678252 3726232428 1587353540 1392590339 217976552 3450787208 2118657799 3471871440 1440278920 2331260107 4165821538 3106107123 1624573689 2192039439 3187431760 3036066813 2400423106 2896191879 2512746838 3572702076 4052574741 3513458783 1364010006 3729750379 2782264718 1071813012 1286680898 2183131751 1781711098 2977662129 2102413228 3276995323 3477997700 1552483442 2356734678 1517188173 2503121534 140822246 1853651608 13965946 111168820 213696073 913228726 2116097513 3752361158 3920059282 886397167 2114891861 726336715 1087908227 3921506712 80052854 489317789 747622140 3135732671 1528054995 3882854264 551454752 1519926287 1665803076 3714483601 4192598149 1640793191 655923428 3558886283 4259286358 866759854 40235159 2712426006 219823580 2863580920 305262631 3954986538 436234649 919586391 4194254038 1718100057 2930558760 5522322 2459302245 3114329711 1642356868 4063606966 1572314241 2645603273 2360860789 1088332514 4102678414 3182347529 376387093 1319485727 3700625086 832946579 1071644302 3697276548 2824213016 2095060614 3681501089 1952588076 3070335782 2781783863 2397374621 1716884191 3287516056 2606542512 1884715115 445203157 598136866 4246142777 2791024580 3246924861 433581525 1705216450 389863654 138169638 1619750658 3509868295 3731159050 2989114884 570155814 2113442776 4294441860 1238708310 1314309936 1090374144 2613269509 3056378343 758994463 3121272769 1863266601 855514951 400988005 3583460461 1074885274 2386279874 438645450 1621353009 1157195062 2956190193 1477084868 1376520969 4010233437 1132043327 3096176173 1468779389 1222252556 94200656 51670459 3894626930 1323588830 1305578139 3438044364 4183833170 2481732597 1774257184 609168503 3475448253 1333433722 106624077 2358434492 925375219 784174474 2920404099 3758027750 3921180566 83664395 3742696354 3169042434 1766146611 1361687048 2736927503 2818829813 72141652 3541465796 58488355 2338078735 1549381984 3295026110 3329230822 2615406568 2884122986 1185359176 1016062772 2807063405 230641849 2028309637 3342630625 3036713557 141536199 2534125659 538322095 358535404 4104443748 755994408 2378509711 748232189 3129596182 3739697798 1980968641 3551663558 1410706177 152526134 705718025 2715542490 2709424614 1809830754 1293834388 2323342199 319098502 3438888988 55501583 1587703876 2353926037 3379191116 739184009 549661020 618862509 1803595239 472659923 3719475182 3287787608 1677411389 1763870334 2381515989 1113461554 2855646635 1713649807 3489356292 1051586621 1078808897 3077149410 2716647177 2066230941 2946131547 2128152715 3141220962 3066802320 3689385078 1309588426 1002264792 3233455010 617838530 420603232 1790757112 2608037789 3482203625 3516048505 2694740831 1610715574 4220178066 1351053497 511264396 3295064265 3816689731 1026510363 2895071811 2913774440 3248790978 3004771633 1544555836 2291668917 1754834032 2383838864 645763545 1160191838 1785343925 335340194 103042312 4203500688 696847818 1978320017 3565300849 1090141532 3164931561 4293203023 2995101876 818242522 1527887885 768485822 1764566855 2879392205 2730613673 3890137328 1422601579 363415680 195954644 1505423562 3051596531 912086464 278937025 2272951281 2063942147 836347285 3116726351 1839039939 3482208921 2785117617 3037403782 2510331095 30561971 4135716071 2197362170 852857897 373758261 2687428195 3830889288 1917076712 3104052004 356559233 2848850011 3890699959 3645170510 71415925 1804457688 3914542956 2058956685 291004403 3111621806 2258255999 3312895916 801986024 3037880097 800843931 1608571913 3969669100 834196161 1581003808 3710335279 49083257 3179651037 716745906 1608713910 3348491984 1667544682 1844969700 995608308 820991819 721473192 1235024383 2465623169 1264599692 49287207 2520847567 2511318161 3435912234 494322862 374680150 1687991178 3031876938 3387679944 1750229306 372619256 1966884745 949466972 2036208797 799617891 4074129347 1584808913 124909602 3920418364 4036045584 1081238042 3041160435 2034578195 768257515 3725343696 1946356676 996904589 3496512234 3857322232 1994758837 2956167083 3082748924 1061035472 1886218490 4189697782 551558548 3464128913 1444391028 2103667115 4034220157 2298542189 3603366465 1466693308 3131288420 179539853 2676382872 3952648953 1076681491 1826073379 2302249869 1912834792 4034732244 1522982527 1542142785 3756426130 625719950 1604977273 4115419882 1755421217 4241672728 3867314936 3210601121 1117922459 963754682 3749108570 3750932164 2972705180 4012471718 278743835 4014036970 2094864013 2428588494 1822236152 1484199402 3324069467 3650760330 1443288190 2816233256 672161972 3889182374 2401462912 1440543585 4192348593 4289352346 2626154333 3543544577 1681658728 1857516235 3772541695 4065465993 95510007 3240217619 1985039022 3286424343 442144993 1689205440 1287246850 2613739752 3547374119 2741298543 1203433637 738631338 3337174070 837200544 3632397343 2877717407 3918545505 875159616 3751920721 1904373003 3805822305 2483121125 3006373844 3995564883 920154582 1546856835 4203205993 2221087272 4199694132 1808412681 4278346494 2404940389 3774047092 516969962 2146693149 2710706688 492675290 3572495594 4094930807 1990522724 2562414543 1472751505 2996534221 734629698 2549877159 962091842 1676285909 2885930106 3395731979 1507034324 1156368869 4080851882 1191800935 4020676321 2200238906 225486966 2763511437 2494846130 2994524795 2788044701 2035336621 138050868 3730732162 1261712001 4152723196 4146371030 2615558268 1115681701 123055628 4089118218 3580584442 2315410598 2050725729 3111180217 2721162002 1118006664 3528658028 230957054 2074491986 4271905220 3704414983 225721476 3965372391 3678127940 674553957 3886683951 681529275 3590680955 3803756724 2303886374 1677831090 1030078806 4130481955 2797181731 3703677143 3794057739 4258311191 1173451688 1972857930 1995263963 2833651343 3241636790 859848526 2298127394 3861053788 2515721207 2488883809 2161710443 40385172 3873337625 950096338 50253761 4085724278 2341547108 1327108899 4129171144 2528637903 4042545864 301688835 1306578691 418732520 411649694 2608030698 3494006532 3897540530 2699125040 1822610719 153639106 228671312 1211892932 2151513944 3240824371 155708400 3257974673 1168641094 2066056718 3947333944 1171210623 2513685312 3727930089 2433292681 2246397874 1947625916 966243484 3039574894 319224646 4111502335 3716618470 2809989407
