sName lunar_lander
version 1
nEpochs 200
nPopSize 100
nTop 10
act 1
populationStrategy 2
randomInjectionRatio 0.35
nLayers 5
vSize 5 8 16 8 4 
vBiases_start
pop 0 layer 0
dims 8 1
0.399792 
0.278453 
0.344254 
0.425588 
-0.450771 
-0.226591 
0.348305 
0.331393 
pop 0 layer 1
dims 16 1
0.0514233 
0.145181 
0.30128 
0.631701 
0.431039 
0.0412368 
-0.323007 
-0.590202 
1.11028 
0.471608 
0.253145 
0.486934 
-0.392622 
0.128389 
0.249342 
-0.723415 
pop 0 layer 2
dims 8 1
-0.080237 
-0.468364 
-0.826609 
0.493596 
-0.0950869 
0.0177116 
0.115735 
0.627276 
pop 0 layer 3
dims 4 1
0.259198 
0.259532 
0.228424 
0.630375 
pop 1 layer 0
dims 8 1
0.436601 
0.0904124 
0.408097 
0.388269 
-0.327623 
-0.210803 
0.357288 
0.381161 
pop 1 layer 1
dims 16 1
0.10231 
-0.142509 
0.402605 
0.594338 
0.307258 
0.0617385 
-0.235666 
0.34224 
0.906578 
0.429608 
0.332568 
0.44312 
-0.288407 
-0.132857 
0.20738 
-0.817698 
pop 1 layer 2
dims 8 1
-0.0798451 
-0.341218 
-0.660437 
0.384244 
-0.0433941 
-0.134194 
0.168399 
0.532277 
pop 1 layer 3
dims 4 1
0.24848 
0.127947 
0.335961 
0.66715 
pop 2 layer 0
dims 8 1
0.532476 
0.308908 
0.345026 
0.340683 
-0.210181 
-0.237202 
0.348607 
0.125115 
pop 2 layer 1
dims 16 1
0.149279 
-0.13826 
0.306701 
0.811814 
0.255635 
-0.129692 
-0.353133 
-0.360191 
1.0942 
-0.0243687 
0.0374848 
0.536137 
-0.193635 
0.141712 
0.197154 
-0.655163 
pop 2 layer 2
dims 8 1
-0.460012 
-0.35033 
-0.486216 
0.335818 
-0.26972 
0.530439 
0.0257999 
0.228149 
pop 2 layer 3
dims 4 1
0.456505 
0.16353 
0.203737 
0.678433 
pop 3 layer 0
dims 8 1
0.166336 
0.504866 
-0.0726243 
0.500635 
-0.302325 
-0.171664 
0.208119 
0.0530901 
pop 3 layer 1
dims 16 1
-0.0512718 
-0.233918 
0.463938 
0.684135 
0.104692 
-0.352463 
-0.155204 
-0.264029 
0.778676 
0.544564 
0.477859 
0.471269 
-0.616323 
0.420717 
0.575529 
-0.583026 
pop 3 layer 2
dims 8 1
-0.686808 
-0.25585 
-0.539295 
0.563667 
-0.418189 
0.278549 
-0.0978656 
0.738577 
pop 3 layer 3
dims 4 1
0.355578 
-0.0179147 
0.0704444 
0.797186 
pop 4 layer 0
dims 8 1
0.412586 
0.486439 
0.0598998 
0.477359 
-0.361266 
-0.382263 
0.159331 
0.0235795 
pop 4 layer 1
dims 16 1
0.064512 
-0.121066 
0.438527 
0.839851 
0.462582 
-0.155179 
-0.25459 
-0.16176 
1.17351 
0.425612 
0.334797 
0.4705 
-0.524834 
0.265344 
0.366614 
-0.871979 
pop 4 layer 2
dims 8 1
-0.537861 
-0.547234 
-0.865217 
0.745425 
-0.211248 
0.401407 
0.016475 
0.849011 
pop 4 layer 3
dims 4 1
0.225219 
0.285702 
0.258089 
0.788252 
pop 5 layer 0
dims 8 1
0.378312 
0.461351 
-0.143452 
0.536807 
-0.155603 
-0.0895554 
0.111073 
-0.150348 
pop 5 layer 1
dims 16 1
0.187679 
-0.0803259 
0.454269 
0.68931 
0.389902 
0.113142 
-0.0348554 
0.165842 
1.00074 
0.461125 
0.298492 
0.449859 
-0.351478 
0.188681 
0.280484 
-0.852225 
pop 5 layer 2
dims 8 1
-0.4267 
-0.626586 
-0.615257 
0.781597 
-0.268153 
0.478087 
0.140564 
0.504552 
pop 5 layer 3
dims 4 1
0.400001 
0.217538 
0.311746 
0.876123 
pop 6 layer 0
dims 8 1
0.307177 
0.271974 
-0.00464186 
0.196815 
-0.291075 
-0.197031 
0.056274 
0.0104479 
pop 6 layer 1
dims 16 1
0.24882 
0.192289 
0.231412 
0.763179 
0.323795 
-0.138197 
-0.201113 
-0.191558 
1.08816 
0.12014 
0.512454 
0.315753 
-0.401817 
0.0452327 
0.218763 
-0.629944 
pop 6 layer 2
dims 8 1
-0.459815 
-0.283 
-0.418328 
0.400223 
-0.181057 
0.459415 
-0.00354505 
0.349683 
pop 6 layer 3
dims 4 1
0.303095 
0.00167647 
0.0418271 
1.00236 
pop 7 layer 0
dims 8 1
0.230464 
0.110603 
-0.0759269 
0.445882 
-0.131944 
-0.20474 
0.108151 
-0.246646 
pop 7 layer 1
dims 16 1
0.242555 
0.01589 
0.290594 
0.46863 
0.173243 
-0.170334 
-0.0730608 
-0.30403 
0.962461 
0.0301496 
0.602333 
0.449835 
-0.44286 
-0.0846546 
0.202011 
-0.499256 
pop 7 layer 2
dims 8 1
-0.329291 
-0.533401 
-0.548689 
0.693347 
-0.403864 
0.44952 
0.168489 
0.414094 
pop 7 layer 3
dims 4 1
0.199532 
0.142503 
0.41838 
0.955603 
pop 8 layer 0
dims 8 1
0.523817 
0.208063 
0.437831 
0.295616 
-0.255241 
-0.292614 
0.248996 
0.0712252 
pop 8 layer 1
dims 16 1
0.10937 
-0.0956567 
0.314557 
0.835444 
0.134867 
-0.0236782 
-0.325621 
-0.335829 
1.07168 
-0.201425 
0.131437 
0.494935 
-0.148577 
0.103209 
0.332733 
-0.490076 
pop 8 layer 2
dims 8 1
-0.399226 
-0.258697 
-0.433874 
0.273083 
-0.206814 
0.288342 
0.0688469 
0.137191 
pop 8 layer 3
dims 4 1
0.503644 
-0.0126964 
0.216197 
0.65394 
pop 9 layer 0
dims 8 1
0.420454 
0.190706 
0.345672 
0.300186 
-0.18339 
-0.156674 
0.193905 
-0.220592 
pop 9 layer 1
dims 16 1
0.139323 
-0.0316533 
0.136936 
0.612146 
0.400491 
0.187358 
-0.139652 
-0.191857 
0.73235 
0.184578 
0.284295 
0.216363 
-0.505696 
0.0200038 
0.203392 
-0.80839 
pop 9 layer 2
dims 8 1
-0.532278 
-0.523556 
-0.531897 
0.530065 
-0.0492224 
0.192502 
0.0134868 
0.689831 
pop 9 layer 3
dims 4 1
0.120793 
0.307661 
0.288695 
0.875218 
vBiases_end
vWeights_start
pop 0 layer 0
dims 8 5
-0.226521 0.0439 0.603203 0.545042 -0.0324217 
-0.15256 0.117497 -0.21345 0.106726 0.623412 
-0.224384 0.179617 -0.196271 -0.104668 -0.317835 
0.0911643 -0.101637 -0.60117 0.0682083 -0.0622379 
0.000896656 -0.120756 0.334646 0.22159 0.523097 
0.602287 -0.0841931 0.817597 -0.426735 0.283945 
0.0161826 -0.337631 0.516542 0.439229 -0.22868 
-0.116971 0.376886 -0.0498474 0.708513 0.104982 
pop 0 layer 1
dims 16 8
-0.179641 -0.426136 -0.0629681 0.547499 -0.162376 0.520604 0.692429 -0.552203 
-0.319832 -0.318732 -0.102212 -0.440949 -0.158219 0.035384 -0.181095 0.3083 
0.63439 0.455808 -0.1418 0.211293 -0.815783 0.215051 -1.29387 -0.27038 
-0.649513 -0.287625 -0.838831 0.157414 -0.191149 0.309326 -0.0634569 -0.238324 
-0.505207 -0.119682 0.087793 -0.270977 -0.401673 -0.186519 -0.506145 -0.191151 
0.374341 0.0293058 -0.157594 0.198226 0.676262 -0.00943389 -0.181395 -0.404719 
0.133204 0.434122 0.193632 0.0202076 0.479836 0.352368 0.432261 -0.0362982 
-0.512424 -0.0151581 0.286265 -0.0933929 -0.387518 -0.307622 0.4844 0.0748207 
-0.0584662 0.0713254 -0.950697 0.107493 0.745236 0.436256 -0.659181 0.549725 
0.488506 0.0012247 -0.0330269 -0.664338 -0.356055 -0.736341 0.207923 -1.02365 
0.466035 -0.00957307 -0.317171 -0.079718 0.254827 0.462973 -0.384997 0.325654 
-0.0378735 -0.262127 -0.297358 -0.793833 -0.375282 0.170542 0.706554 -0.21654 
-0.203034 0.584881 -0.0207277 0.196315 -0.518312 -0.0124493 0.158038 -0.632777 
0.599606 -0.905938 0.54004 0.0294248 0.0255252 0.464993 -0.621243 -0.377391 
0.646755 0.341124 -0.252272 -0.959395 0.620989 -0.0587595 -0.0814753 0.689539 
-0.325155 0.690738 -0.917382 0.301057 -0.0600024 -0.734456 0.269339 -0.25166 
pop 0 layer 2
dims 8 16
0.134644 -0.241992 -0.313691 -0.323155 -0.195757 0.140507 0.122063 0.487994 0.145542 0.150897 0.0548861 -0.430305 0.003174 -0.413634 -0.549541 0.230569 
0.0039577 0.253987 0.455413 0.251659 0.00503637 0.0112501 0.431666 0.206669 -0.390406 0.4595 1.01332 0.573097 0.122722 0.0995706 0.529228 -0.839311 
0.270131 -0.553353 0.262031 -0.231704 0.366348 -1.0298 -0.0906814 0.264461 -0.338773 -0.104616 0.131848 -0.320416 -0.457464 -0.618002 0.570059 0.0647744 
-0.200704 -0.0936631 0.316248 0.472239 -0.268761 -0.119496 0.328425 -0.214822 -0.302534 -0.359547 0.143268 -0.202088 0.0689878 0.189168 -0.0348336 0.913341 
0.71708 0.156956 0.0740572 0.275726 0.194033 0.210008 0.642162 -0.234806 0.154497 0.69867 -0.218841 -0.247054 -0.585653 -0.14405 -0.548944 0.207303 
0.468761 -0.370494 -0.147718 0.478176 -0.510049 -0.534254 -0.130219 -0.0787997 -0.464603 -0.638911 0.196029 -1.17552 0.108093 -0.215898 -0.278807 -1.27545 
0.0741801 0.0935721 -0.329601 0.346055 0.26528 -0.218587 -0.185597 -0.225476 -0.0163809 -0.304022 0.137839 0.0120937 -0.410222 -0.14675 0.00507201 0.052145 
-0.944543 -0.712501 0.227205 0.476315 0.48902 -0.0115276 -0.420908 0.126533 0.0609354 -0.150928 0.272127 0.248536 0.532018 0.298211 0.419239 -0.412339 
pop 0 layer 3
dims 4 8
0.334832 0.0531542 1.13351 -0.434416 -0.339317 0.577692 -0.503651 -0.569439 
-0.253873 0.467769 0.369412 0.372304 -0.552142 -0.430657 0.473894 0.398023 
-0.0687512 0.324936 0.101407 0.129175 0.780157 -0.331748 -0.01447 0.0328811 
0.135368 -0.11188 0.0592896 -0.22154 -0.131261 0.143922 -0.402631 -0.197559 
pop 1 layer 0
dims 8 5
-0.167528 0.0255748 0.66646 0.3641 -0.0210549 
-0.000932895 -0.0531849 -0.202593 0.170896 0.570059 
-0.189666 0.232435 -0.0673068 -0.168575 -0.213021 
0.0314657 -0.27949 -0.641939 0.149015 -0.209119 
0.0683732 -0.178068 0.390404 0.295223 0.550951 
0.643756 0.103457 0.803888 -0.332825 0.342226 
0.0863526 -0.385007 0.355562 0.323875 -0.231541 
-0.236794 0.496354 0.0542366 0.597851 0.132032 
pop 1 layer 1
dims 16 8
-0.370147 -0.214192 -0.225116 0.376853 -0.454672 0.637616 0.545534 -0.484409 
-0.250971 -0.281266 -0.237734 -0.421274 -0.526314 0.197916 -0.0532724 0.482501 
0.468102 0.588311 -0.00558065 0.273253 -0.64054 0.246333 -1.18733 0.085953 
-0.623959 -0.391053 -0.500275 0.217338 -0.0937508 0.231191 -0.469442 -0.32314 
-0.362667 0.0207613 -0.15565 -0.147848 -0.511598 -0.251831 -0.315263 -0.0869567 
0.458243 0.026903 -0.274184 0.00131262 0.233201 -0.029438 -0.22387 -0.49659 
-0.0280442 0.515562 0.433054 -0.350752 0.280851 -0.1572 0.385297 -0.0531227 
-0.541673 -0.00267841 0.267481 -0.15443 -0.405836 -0.454743 0.110202 0.36182 
0.122722 -0.0967922 -0.788695 0.171102 0.293878 0.222197 -0.486061 0.482215 
0.240107 -0.0378631 0.230904 -0.712431 -0.58911 -0.713272 -0.126441 -0.722608 
0.429978 -0.139803 -0.0238546 -0.239586 0.0202468 0.659945 0.14485 0.635268 
0.0995231 -0.50305 -0.0849713 -0.476994 -0.280909 0.0065972 0.595897 -0.537732 
0.0542312 0.291129 -0.0245245 0.287377 -0.362544 0.0757021 0.206672 -0.204652 
0.730516 -0.309411 0.628612 0.024776 -0.0293188 0.668819 -0.313594 -0.578577 
0.649245 0.688594 -0.515525 -0.578819 0.483775 0.189661 -0.0205987 0.390954 
-0.209172 0.248054 -0.764674 -0.354726 0.0837746 -0.578941 0.191788 -0.0343322 
pop 1 layer 2
dims 8 16
0.0303903 -0.256199 -0.221532 -0.285955 -0.196898 0.0379729 0.153936 0.393769 0.187808 0.0152145 0.183995 -0.5102 -0.189338 -0.411348 -0.452119 0.185621 
0.180791 0.265192 0.368851 0.379167 0.00568129 0.024735 0.404225 0.150248 -0.4483 0.467341 1.13838 0.626684 0.127715 0.144374 0.579341 -0.59563 
0.0921507 -0.627356 0.13002 -0.163515 0.459797 -0.995272 0.154161 0.142874 -0.296413 -0.0338263 0.225195 -0.290931 -0.400993 -0.498639 0.820397 0.136671 
-0.299867 0.0261387 0.299581 0.363949 -0.410565 0.0765537 0.448309 -0.211305 -0.219284 -0.464264 0.134801 -0.0203733 0.152561 0.0511992 -0.00139138 0.965709 
0.640753 0.0712628 0.0526231 0.182418 0.221464 0.254678 0.782217 -0.265681 0.0975407 0.489124 -0.291092 -0.286604 -0.509479 -0.00935988 -0.489582 0.222517 
0.28182 -0.241834 -0.215889 0.435441 -0.483406 -0.634045 0.0140819 -0.119859 -0.291957 -0.625911 0.115222 -0.969605 0.132776 -0.182564 -0.363945 -1.08781 
0.00605728 0.0212632 -0.266269 0.494426 0.0437928 -0.0871849 -0.217109 -0.0502521 0.0325039 -0.420339 0.127523 0.0357368 -0.555933 -0.204532 -0.0459282 0.0251023 
-1.00404 -0.629684 0.177514 0.362755 0.462818 -0.0996064 -0.429354 0.0833852 0.0400965 -0.0801496 0.564714 0.232852 0.440038 0.465156 0.474644 -0.333544 
pop 1 layer 3
dims 4 8
0.560953 -0.0158722 0.618672 -0.617643 -0.173317 0.507344 -0.211663 -0.446314 
-0.0956907 0.541291 0.453975 0.412811 -0.163533 -0.270897 0.427536 0.356171 
-0.0108931 0.156069 0.101077 -0.293974 0.679372 -0.0463429 0.00565949 0.00978922 
0.0522251 -0.152561 0.33074 -0.303719 -0.400029 -0.046129 -0.198939 -0.232987 
pop 2 layer 0
dims 8 5
-0.0854819 0.063836 0.478793 0.764786 -0.239412 
0.0534642 0.172965 -0.147371 -0.00702978 0.440113 
-0.0593729 0.163345 0.00816222 -0.172334 -0.182656 
-0.0752134 0.0972106 -0.580118 0.184645 -0.0791734 
-0.061116 0.205912 0.371172 0.121323 0.342346 
0.793651 0.0751728 0.834222 -0.303442 0.596771 
-0.0331619 -0.359235 0.594253 0.202823 -0.246456 
-0.0558246 0.216093 -0.13799 0.469784 0.100763 
pop 2 layer 1
dims 16 8
-0.369547 -0.554813 -0.124765 0.575455 -0.477941 0.412954 0.704881 -0.566427 
-0.418871 -0.174676 0.0520838 -0.521108 -0.115423 0.0718744 -0.152283 0.239826 
0.374585 0.527306 -0.224 0.375338 -0.684838 0.38008 -1.25818 -0.281498 
-0.528458 -0.228506 -0.800376 -0.00868494 -0.166676 0.49199 -0.274111 -0.282018 
-0.520107 -0.198128 -0.14906 -0.19441 -0.382994 -0.0495646 -0.326173 0.00157499 
0.294069 0.124696 -0.309648 -0.0125345 0.587816 -0.199573 -0.171326 -0.438573 
0.30061 0.501057 0.177961 0.0766982 0.837508 0.169562 0.553433 0.0379108 
-0.900725 0.196193 0.394763 -0.176194 -0.242812 -0.287919 0.498398 0.0659389 
-0.0744815 -0.019789 -0.936248 -0.0189036 0.434368 0.378166 -0.42404 0.466352 
0.443971 0.00831514 0.181514 -0.730237 -0.377749 -0.686868 0.0129844 -1.01584 
0.410275 -0.150971 -0.407262 -0.0600091 0.426318 0.428767 -0.349904 0.331674 
-0.0732897 -0.219964 -0.264577 -0.675841 -0.304284 0.11049 0.750477 -0.141204 
-0.4413 0.456288 0.0992156 0.267526 -0.330221 -0.01285 -0.0361579 -0.467902 
0.756252 -0.772683 0.464728 0.0135354 0.0743463 0.305528 -0.480886 -0.62412 
0.507512 0.611016 -0.213635 -0.884829 0.751132 -0.0740813 -0.188272 0.503876 
-0.299269 0.493739 -0.798745 0.0161371 0.0353608 -0.704587 0.407677 -0.308127 
pop 2 layer 2
dims 8 16
-0.0540601 -0.165961 -0.470558 -0.181687 0.498856 0.394326 0.438366 0.306448 0.323676 -0.0669144 0.157237 -0.067012 -0.135283 -0.452438 -0.544332 0.0298213 
0.495733 0.0944774 -0.191612 0.89277 0.159636 0.410725 0.659057 -0.112279 0.233748 0.400664 0.451959 0.591438 0.0990634 0.303752 0.608478 -0.665763 
0.20419 -0.281919 0.128247 -0.243584 0.0947219 -0.518009 -0.276565 -0.000270484 -0.285721 -0.269708 0.27172 0.12821 -0.356204 -0.225327 0.356636 -0.313214 
-0.369751 0.0088865 0.166429 -0.122505 -0.158585 -0.154089 0.493916 -0.189829 -0.32713 -0.366676 0.266498 -0.0595908 0.139694 0.612004 0.21891 0.593436 
0.263114 -0.00227382 0.373198 0.255823 -0.120015 -0.218111 0.333977 -0.179983 0.274493 0.785138 -0.209406 -0.065678 -0.0694682 0.449204 -0.374376 0.255165 
-0.00914154 0.117412 -0.259833 0.29659 -0.171265 -0.135875 -0.547556 0.139028 -0.485344 -0.830846 -0.0310773 -0.779602 -0.173407 0.310084 -0.164961 -0.835716 
0.11682 0.0862655 0.150852 0.342439 0.293374 -0.241414 -0.0775596 -0.450979 0.367736 -0.00297813 -0.0729157 -0.0944407 -0.185974 -0.282604 0.435217 0.0869618 
-0.555114 -0.705838 -0.351521 0.365055 0.238024 0.357867 -0.12732 0.0595109 0.0899751 -0.0701568 0.617997 0.200411 0.553806 0.885647 0.372558 -0.0996856 
pop 2 layer 3
dims 4 8
0.508332 -0.230738 1.10409 -0.589824 -0.411747 0.602499 -0.388906 -0.547722 
-0.14854 0.462656 0.417746 0.635862 -0.499677 -0.555806 0.447788 0.00233397 
-0.139996 0.370578 -0.111404 0.210224 0.74517 -0.148078 -0.377034 -0.0166481 
0.0637515 -0.202692 0.238333 -0.26483 -0.470616 0.0597381 -0.399252 -0.24382 
pop 3 layer 0
dims 8 5
-0.0244054 -0.275254 0.605945 0.70156 -0.429844 
-0.478318 -0.0991123 -0.101475 0.136692 0.623829 
-0.404674 0.530331 -0.159204 -0.0472961 0.175256 
0.138139 -0.311764 -0.598212 -0.175581 -0.142101 
0.185736 -0.338884 0.161589 0.0985765 0.224809 
0.660701 0.216559 1.06085 0.130046 0.354492 
0.2156 -0.401813 0.830092 0.279442 -0.310124 
-0.088322 -0.0305671 0.0798072 0.384259 0.209723 
pop 3 layer 1
dims 16 8
-0.146587 -0.114553 -0.0283654 0.692276 -0.17573 0.654125 0.940279 -0.581904 
-0.151916 -0.280238 0.284548 0.115661 -0.116167 0.0290162 -0.0272072 0.103402 
0.438582 0.256049 -0.181304 0.190455 -0.663146 0.501733 -1.34124 -0.0522525 
-0.566987 -0.141503 -0.976953 0.220294 -0.118633 0.472366 -0.0659853 -0.278684 
-0.205066 0.165576 -0.34733 0.0915843 -0.222378 -0.270747 -0.475366 -0.0452765 
0.237198 0.22645 -0.385919 -0.0567716 0.188023 -0.325949 0.049027 0.0158099 
-0.262775 0.700237 -0.00311524 -0.441778 0.476652 -0.117546 0.290413 -0.201548 
-1.08757 -0.0944703 0.678057 0.0026094 -0.342998 -0.127698 0.36641 0.184872 
0.221025 0.173043 -0.602559 -0.0833629 0.554273 0.352861 -0.754759 0.421628 
0.266947 -0.260946 -0.219251 -0.964778 -0.333247 -0.639896 0.368517 -0.761127 
0.141002 0.114303 -0.400347 0.0262074 0.105136 0.426694 -0.432297 0.288514 
-0.251829 -0.135942 -0.0578874 -0.932878 0.23527 0.16147 0.66138 -0.166384 
-0.397707 0.807542 -0.20081 0.581621 -0.367894 -0.253226 0.0899675 -0.287896 
0.594736 -0.438725 0.711204 0.108582 0.176794 0.827627 -0.410439 -0.70161 
0.466948 0.342075 0.089969 -0.792675 0.706168 0.0362045 0.26668 0.118924 
-0.271402 0.334628 -0.945128 -0.00805659 0.338382 -0.885868 0.435588 -0.229976 
pop 3 layer 2
dims 8 16
0.0303425 -0.343725 -0.362102 -0.313881 0.189364 0.0623988 0.470197 0.242264 0.192772 0.0562492 0.0430676 -0.430761 -0.0826655 -0.602371 -0.61418 0.444111 
-0.212618 0.20345 -0.139693 0.64115 -0.0874858 0.430582 0.433201 -0.138197 0.196551 0.384933 1.02914 0.856864 0.312611 0.413043 0.595129 -0.418993 
0.20488 -0.515715 0.168563 -0.471779 0.287871 -0.813153 -0.117756 0.184039 -0.295182 -0.079179 0.134273 -0.391661 -0.632706 -0.523475 0.116273 -0.00546378 
-0.1432 0.213316 0.313687 0.369334 0.080815 -0.33395 0.407375 -0.06933 -0.353484 -0.454858 0.194151 -0.0669137 0.308334 0.644473 -0.0363252 0.900121 
0.624888 -0.134038 0.263422 0.294358 0.63406 0.257983 0.773188 0.012247 0.156484 0.924156 -0.286848 -0.288093 -0.347581 0.2114 -0.545515 0.0719129 
0.350823 -0.0152034 -0.0555564 0.640959 -0.481456 -0.650251 -0.333485 0.0964543 -0.53241 -0.904605 0.125312 -1.09028 -0.0433908 0.044808 -0.828343 -1.07191 
0.267191 -0.0633769 -0.0340491 0.25366 0.248827 -0.140736 -0.270835 -0.140932 0.12609 -0.353488 -0.0134653 -0.197295 -0.199151 -0.448231 0.0569511 -0.322302 
-0.999795 -0.805283 -0.0912856 0.512743 0.138143 0.004994 -0.160513 -0.173231 0.294822 -0.049998 0.391165 0.238588 0.625227 0.57568 0.394605 0.0106939 
pop 3 layer 3
dims 4 8
0.255746 0.105307 0.997838 -0.271331 -0.376531 0.694748 -0.0471553 -0.551156 
-0.0834093 0.765058 0.642125 0.262024 -0.179618 -0.436288 0.613444 -0.0859835 
0.0907702 0.291413 0.0470332 0.136805 0.579917 -0.462168 -0.133762 0.205408 
0.259661 -0.293841 0.263035 -0.208408 -0.275632 0.233848 -0.236815 -0.305121 
pop 4 layer 0
dims 8 5
-0.300241 0.0102366 0.838061 0.883484 -0.341386 
-0.338773 -0.0818574 -0.156783 0.174044 0.744311 
-0.468532 0.462951 0.0109384 0.0574732 0.376943 
-0.0866786 -0.510554 -0.726088 -0.271756 -0.0639354 
0.121081 -0.0550444 0.127274 0.199802 0.130627 
0.51049 0.224967 1.0529 -0.174167 0.473358 
-0.0734527 -0.326423 0.866819 0.569976 -0.295008 
0.0380863 0.255329 -0.012779 0.404773 0.273019 
pop 4 layer 1
dims 16 8
-0.405707 -0.534563 -0.0801034 0.699441 -0.335738 0.529849 0.89781 -0.547818 
-0.486092 -0.374347 -0.0953398 -0.509571 -0.316169 -0.0479096 -0.170374 0.326482 
0.79185 0.729661 -0.0700671 0.124421 -1.16112 0.30196 -1.42454 -0.25661 
-0.73254 -0.19454 -0.906547 0.190221 -0.272089 0.623499 -0.147363 -0.324007 
-0.511721 0.183582 -0.259596 -0.263292 -0.481731 -0.131427 -0.502372 -0.162947 
0.458364 0.145027 -0.195839 0.0699393 0.507741 -0.13286 -0.247534 -0.396584 
0.208784 0.416046 0.148428 -0.0317164 0.633953 0.11347 0.571965 -0.1424 
-0.758541 0.00369216 0.499687 -0.0283947 -0.555668 -0.357928 0.318819 0.315211 
0.0787518 0.038086 -0.986929 0.019542 0.564295 0.449566 -0.6477 0.864321 
0.588757 0.114507 0.0289075 -0.917999 -0.204708 -0.748626 0.148196 -1.18767 
0.500296 0.0311577 -0.168244 -0.164545 0.16385 0.595404 -0.365343 0.573179 
0.0912329 -0.433563 -0.245971 -0.879456 -0.204917 0.19037 0.823541 -0.223437 
-0.200261 0.529134 -0.143814 0.414257 -0.431694 0.00408895 0.14341 -0.656528 
0.797274 -0.749495 0.740942 -0.169503 -0.00822409 0.473685 -0.578085 -0.598151 
0.729881 0.539958 -0.159581 -1.01048 0.56471 -0.0653215 -0.0340216 0.611229 
-0.313578 0.486918 -1.04397 -0.133609 -0.0537068 -0.854658 0.606848 -0.489982 
pop 4 layer 2
dims 8 16
0.10411 -0.252292 -0.532156 -0.237084 -0.156504 0.354135 0.355038 0.370649 0.113242 0.219054 0.236444 -0.433063 -0.0946147 -0.65319 -0.503914 0.477846 
0.0841363 0.293346 0.417114 0.471383 0.00130667 0.187463 0.467875 0.00244157 -0.0926507 0.484431 1.08018 0.567515 0.145043 0.3534 0.806894 -0.782113 
0.334475 -0.515879 0.182793 -0.249 0.238601 -0.967816 -0.160452 0.324299 -0.480602 0.0133168 0.129226 -0.255625 -0.408649 -0.772461 0.766589 -0.141758 
-0.30091 0.215513 0.350114 0.249972 -0.000659324 -0.237039 0.502665 -0.100159 -0.327789 -0.39924 0.216748 -0.401394 0.0601508 0.493157 -0.0715857 0.974318 
0.54479 0.0758677 0.250856 0.346108 0.347254 0.233875 0.793745 -0.336631 0.14246 0.659579 -0.286471 -0.341617 -0.427054 0.151681 -0.543461 0.166174 
0.411889 -0.242254 -0.119951 0.562838 -0.311099 -0.738919 -0.303859 0.129512 -0.671683 -0.793689 0.110416 -1.27149 0.117226 0.0887955 -0.565572 -1.31746 
0.206851 0.191125 -0.0966081 0.334705 0.254158 -0.228486 -0.191417 -0.295183 0.0310698 -0.244676 -0.0247377 -0.0156887 -0.15572 -0.07334 0.0410944 0.0382972 
-1.05788 -0.712566 0.107543 0.514314 0.211393 0.0201482 -0.255985 0.0365454 0.29032 -0.190067 0.467483 0.237492 0.718362 0.466387 0.61544 -0.320986 
pop 4 layer 3
dims 4 8
0.464221 0.115755 0.917558 -0.576 -0.139408 0.747427 -0.21153 -0.507774 
-0.0412194 0.678723 0.655328 0.469996 -0.514898 -0.661094 0.624027 0.233692 
-0.16729 0.154096 0.0425042 0.0862302 0.787331 -0.37671 -0.279134 0.0654138 
0.0636638 -0.123572 0.351807 -0.324893 -0.471813 -0.0206471 -0.372951 -0.280794 
pop 5 layer 0
dims 8 5
-0.356236 -0.0179744 0.574487 0.295643 -0.136577 
0.00372353 -0.0066728 -0.0517582 0.195397 0.289341 
-0.216636 0.444439 0.110331 -0.0370897 0.255249 
-0.298577 -0.451881 -0.751671 -0.0899675 -0.21717 
0.12427 -0.0671417 -0.0190982 0.0787488 0.236364 
0.504114 0.418535 0.856346 0.217966 -0.00135521 
-0.0349846 -0.229316 0.473554 0.467719 -0.0296237 
0.0892459 0.27305 -0.238642 0.522752 0.330971 
pop 5 layer 1
dims 16 8
-0.421154 -0.311258 -0.17036 0.54944 -0.455947 0.632157 0.581296 -0.571456 
-0.233795 -0.203574 -0.287596 -0.365259 -0.372632 0.195104 -0.0295291 0.462088 
0.578968 0.594384 -0.0134623 0.335191 -0.850186 0.393005 -1.42654 -0.0531421 
-0.662368 -0.434507 -0.562841 0.0440898 -0.122314 0.344487 -0.261185 -0.320622 
-0.307607 0.117527 -0.0980052 -0.0816083 -0.569068 -0.155795 -0.451645 -0.0231528 
0.483889 -0.00665523 -0.29214 -0.0344558 0.340029 -0.127844 -0.131175 -0.555374 
0.0750181 0.42646 0.224374 -0.189914 0.417865 0.0250301 0.388205 -0.0630118 
-0.603863 -0.0873695 0.268003 0.019894 -0.389497 -0.485871 0.240289 0.296255 
0.156059 -0.0560966 -0.745453 0.0582125 0.337365 0.245532 -0.666338 0.536618 
0.395301 0.0602558 0.21313 -0.858202 -0.258756 -0.809288 -0.0563851 -0.894248 
0.318361 -0.0636878 -0.0477869 -0.152726 0.134059 0.646982 -0.0548927 0.557249 
0.072899 -0.527979 -0.0359574 -0.537784 -0.339385 0.253015 0.633114 -0.391037 
-0.0200055 0.278099 -0.118339 0.254933 -0.496153 0.0191742 0.209046 -0.45751 
0.557657 -0.298521 0.443904 -0.165855 0.170246 0.60555 -0.428403 -0.712686 
0.714042 0.620748 -0.458855 -0.658923 0.544788 0.293988 -0.0969406 0.357482 
-0.223965 0.342493 -0.857183 -0.282546 -0.00965806 -0.609224 0.571825 -0.243228 
pop 5 layer 2
dims 8 16
0.26403 -0.248367 -0.196913 -0.303082 -0.103744 0.58004 0.449644 0.540131 0.114858 0.178308 0.141765 -0.0541705 0.101119 -0.646122 -0.362889 0.156043 
0.127689 0.221572 0.256561 0.0829113 -0.161822 0.0249668 0.349575 -0.0692766 0.100504 0.269335 0.527099 0.540575 -0.189704 0.0697014 0.263563 -0.674258 
0.596981 -0.350506 0.176684 -0.0189544 0.0842088 -0.654979 -0.166345 0.102544 -0.255179 0.0932195 0.0119692 -0.205638 -0.213029 -0.415942 0.269968 0.204456 
-0.533998 0.112437 0.0501994 0.104093 0.0173474 -0.515237 0.66886 -0.148971 -0.299039 -0.183585 0.0809198 -0.556876 -0.296793 0.280724 -0.0556746 0.579237 
0.406055 0.0719787 0.30923 0.218893 0.0432111 -0.0142332 0.717085 -0.480869 -0.0457592 0.57128 0.113018 -0.471803 -0.307733 -0.0498955 -0.699638 0.219972 
0.325197 -0.277008 0.0247856 0.395871 -0.0400521 -0.779487 -0.156808 -0.000145945 -0.589968 -0.325513 0.0416307 -0.900895 0.0769125 0.0433706 -0.528068 -0.823146 
-0.063844 0.199991 0.198916 0.0559203 0.125585 -0.148222 -0.322144 -0.464834 0.165013 -0.0982756 0.116314 -0.115661 -0.127256 -0.0445079 0.056145 0.192218 
-0.782023 -0.459466 -0.0943578 0.583919 0.244551 -0.0842162 -0.110703 -0.0821401 0.291861 -0.396647 0.235283 0.315393 0.595635 0.333156 0.438165 -0.13932 
pop 5 layer 3
dims 4 8
0.59341 -0.00863735 0.818674 -0.735478 -0.130252 0.573279 -0.11713 -0.554789 
-0.0914157 0.6286 0.491929 0.346345 -0.0580964 -0.453864 0.404966 0.383502 
-0.0537819 0.199892 0.0753843 -0.328517 0.688962 -0.170411 -0.0126557 0.0322234 
0.129181 -0.157788 0.385478 -0.150367 -0.460502 0.0304311 -0.26813 -0.326431 
pop 6 layer 0
dims 8 5
-0.101803 0.0155767 0.563348 0.606923 -0.213469 
-0.240401 0.0361826 -0.235653 0.327979 0.62106 
-0.496839 0.574557 -0.034271 0.151032 0.338123 
0.0129785 -0.492706 -0.535062 -0.119171 -0.320202 
0.289695 -0.152498 -0.000738018 -0.0109456 0.0920469 
0.480746 0.158374 0.89812 -0.1675 0.586673 
-0.0514122 -0.292195 0.757564 0.50334 -0.150749 
0.0694441 0.20152 -0.115671 0.38539 0.151281 
pop 6 layer 1
dims 16 8
-0.401509 -0.494898 0.019555 0.682342 -0.0906904 0.420029 0.851638 -0.438041 
-0.372002 -0.160108 -0.196951 -0.236627 -0.249996 -0.12376 -0.0847513 0.223274 
0.665407 0.531733 -0.0923276 0.0816546 -1.02021 0.112221 -0.957702 -0.241448 
-0.548478 -0.13023 -0.63467 0.199871 -0.27175 0.687513 -0.0948461 -0.242492 
-0.406819 0.242446 -0.308234 -0.0346708 -0.316891 -0.155703 -0.301037 -0.114784 
0.371355 0.0477314 -0.142873 0.144378 0.43142 0.177135 -0.0811264 -0.379631 
0.069932 0.379632 -0.169545 0.0178482 0.652161 0.262383 0.379387 -0.118705 
-0.344329 0.0331723 0.188502 0.0762788 -0.359728 -0.0204562 0.398861 0.317067 
0.0316116 0.00283196 -0.952492 0.227877 0.482361 0.42072 -0.662833 0.991767 
0.403557 0.115345 0.203189 -0.908409 -0.198702 -0.286968 0.332765 -0.881602 
0.616224 -0.124917 -0.0330128 -0.1892 0.358015 0.353021 -0.184822 0.459051 
0.30423 -0.332183 -0.257607 -0.836336 0.0274608 0.215446 0.642419 0.158426 
-0.0363067 0.515793 -0.158541 0.407449 -0.0488263 0.186757 0.214064 -0.562993 
0.53848 -0.591352 0.467218 -0.116427 -0.0926565 0.293099 -0.692865 -0.532659 
0.704043 0.45545 -0.0420488 -0.778396 0.531613 -0.165652 -0.0491976 0.591404 
-0.160545 0.412623 -0.837497 -0.0775072 -0.0876081 -0.645051 0.472439 -0.298233 
pop 6 layer 2
dims 8 16
-0.0723939 -0.287389 -0.52252 -0.147211 0.368707 0.520244 0.485857 0.318143 0.180767 -0.0455719 0.142484 -0.140566 -0.272199 -0.407105 -0.543441 0.0485324 
0.487736 -0.0722789 -0.280439 0.87529 0.178617 0.437614 0.62834 -0.0214526 0.145988 0.470432 0.686789 0.563916 0.212263 0.208473 0.647215 -0.6054 
0.270406 -0.373463 0.0982895 -0.345632 0.0626176 -0.612256 -0.262992 -0.161054 -0.310746 -0.152518 0.144442 -0.0406482 -0.338035 -0.290908 0.525381 -0.0769881 
-0.328985 0.0829441 0.210496 -0.0230938 -0.123609 -0.273237 0.44645 -0.233536 -0.31669 -0.314002 0.433383 0.022073 0.0690282 0.516192 0.22013 0.497574 
0.362608 0.0766383 0.316059 0.372031 0.0715111 -0.124013 0.382689 -0.201322 0.219992 0.884633 -0.348723 -0.20817 -0.169414 0.455424 -0.4156 0.417282 
0.0935781 0.0210169 -0.198207 0.305809 -0.137346 -0.297773 -0.584164 0.293341 -0.534395 -0.876736 0.0643232 -0.907294 -0.298564 0.198242 -0.229909 -1.01332 
0.0741072 0.0539904 -0.162114 0.249502 0.435149 -0.296135 0.106271 -0.36897 0.278426 -0.0453006 -0.0480683 -0.168654 -0.0809184 -0.244712 0.296354 -0.075186 
-0.640556 -0.813851 -0.308146 0.552595 0.214173 0.311376 -0.105978 0.074761 0.0830143 -0.226617 0.468284 0.215563 0.446658 0.781663 0.432978 -0.114165 
pop 6 layer 3
dims 4 8
0.286725 0.223163 0.886437 -0.488172 -0.344497 0.546846 0.0151695 -0.627644 
-0.0821163 0.745863 0.462832 0.293917 -0.27588 -0.486533 0.815837 -0.047521 
-0.0297935 0.629312 -0.0277209 0.12119 0.448625 -0.268518 -0.0267311 0.141556 
0.428558 -0.187828 0.295197 -0.244266 -0.223847 0.203476 0.173779 -0.25393 
pop 7 layer 0
dims 8 5
-0.41619 -0.0116683 0.330459 0.269205 0.00424638 
-0.0577437 -0.0966429 -0.259124 -0.0155916 0.308846 
-0.226854 0.199283 0.219991 -0.119155 0.331516 
-0.286658 -0.198714 -0.78146 -0.201785 -0.331127 
-0.000793339 -0.180948 -0.0452653 -0.030849 0.439098 
0.45015 0.270912 0.917842 0.0365397 -0.00739723 
-0.0298244 -0.244565 0.334264 0.46623 -0.102471 
0.100648 0.286287 -0.224881 0.620266 0.389024 
pop 7 layer 1
dims 16 8
-0.440616 -0.50605 0.0568348 0.653131 -0.130715 0.25 0.611858 -0.223904 
-0.316102 -0.0171854 -0.241466 -0.152815 -0.0979312 -0.0205889 0.0920872 0.271879 
0.608245 0.559528 0.130568 -0.130293 -1.05316 -0.0119899 -1.11255 -0.231715 
-0.444047 -0.157984 -0.621929 0.233273 -0.383795 0.726424 -0.16154 -0.398172 
-0.281909 0.199984 -0.368774 -0.0590928 -0.324004 -0.100134 -0.148374 0.0108767 
0.294417 0.00630616 -0.0355378 0.233381 0.362402 0.112174 -0.0874962 -0.389212 
-0.0172125 0.392246 -0.0988288 0.0800262 0.677197 0.194009 0.417888 -0.0451757 
-0.286403 0.0857875 0.174205 0.143656 -0.392133 0.055985 0.45002 0.335921 
0.134332 0.0421945 -0.727452 0.20897 0.440467 0.313552 -0.397264 0.641861 
0.353465 0.196044 0.0915769 -0.850656 -0.150467 -0.33839 0.542033 -0.91137 
0.594295 -0.161034 -0.0441502 -0.16882 0.366617 0.300039 -0.151062 0.351581 
0.175447 -0.216106 -0.179739 -0.782967 0.0984355 0.387216 0.615713 -0.0238185 
0.0506738 0.515489 -0.083103 0.471659 -0.0817967 0.245587 0.120654 -0.485196 
0.488211 -0.59156 0.342767 -0.278505 -0.204685 0.183713 -0.511856 -0.405044 
0.608078 0.50337 -0.0462556 -0.820907 0.438977 -0.183935 0.0373127 0.561079 
-0.102023 0.388844 -0.84189 -0.172323 -0.113779 -0.491451 0.466869 -0.34984 
pop 7 layer 2
dims 8 16
0.298988 -0.0837835 -0.170903 -0.156767 -0.101423 0.413826 0.552453 0.503447 0.177197 0.252878 0.138871 0.00447735 -0.0206719 -0.506365 -0.292036 0.0869133 
0.183365 0.279803 0.231885 0.0724553 -0.0689182 -0.00235678 0.246963 0.00364662 0.176874 0.24553 0.603899 0.435037 -0.194977 -0.00358537 0.198981 -0.670509 
0.475511 -0.30218 0.104444 -0.0490846 0.0452303 -0.398784 -0.177322 0.0652768 -0.261718 0.163042 -0.0126711 -0.16446 -0.0423894 -0.448022 0.322983 0.259824 
-0.23855 0.0255628 0.0538077 0.0128803 0.000452531 -0.488197 0.530998 -0.0999725 -0.417557 -0.107867 0.0550532 -0.623224 -0.236399 0.207296 0.0932327 0.531236 
0.433418 0.13956 0.397257 0.30669 -0.0683545 -0.142427 0.604678 -0.427126 -0.0710286 0.49177 0.143715 -0.439499 -0.313491 0.0856452 -0.694273 0.0711457 
0.236171 -0.333778 -0.0572012 0.334391 -0.0713577 -0.540482 -0.104224 -0.0338309 -0.571847 -0.32166 -0.0478267 -0.781403 -0.0316162 0.0671768 -0.607025 -0.764888 
-0.0507161 0.348613 0.153999 -0.0968166 0.0184389 0.0106985 -0.285643 -0.539407 0.168328 -0.0477368 0.00283 -0.0362995 -0.00130883 -0.323363 0.0661143 0.285262 
-0.783745 -0.440172 -0.0623337 0.442203 0.0979662 -0.174196 -0.136207 -0.0554145 0.270316 -0.137922 0.214644 0.267177 0.595025 0.463432 0.352531 -0.00174972 
pop 7 layer 3
dims 4 8
0.564245 0.0361933 0.721308 -0.565714 -0.205967 0.488294 -0.143819 -0.582001 
-0.0688682 0.571853 0.532292 0.385093 -0.124554 -0.546226 0.349584 0.247141 
-0.0241436 0.29451 0.0820231 -0.285128 0.709368 -0.268605 0.0294711 0.0365917 
0.211541 -0.0648601 0.554094 -0.15456 -0.484858 -0.137733 -0.241197 -0.192213 
pop 8 layer 0
dims 8 5
-0.0866456 0.0507676 0.450801 0.682476 -0.141694 
0.107369 0.299881 -0.224079 0.0947316 0.393394 
-0.0278289 0.213231 0.125696 -0.149621 -0.201841 
-0.0954711 -0.102299 -0.600063 0.159678 -0.0301704 
0.00714289 0.199782 0.536575 0.210178 0.294187 
0.774222 -0.142665 0.905573 -0.215062 0.647553 
-0.138598 -0.368174 0.585978 0.286791 -0.301306 
0.0514339 0.137384 -0.160154 0.54681 0.12401 
pop 8 layer 1
dims 16 8
-0.336013 -0.386719 0.0176307 0.57574 -0.485389 0.324451 0.512932 -0.632759 
-0.479319 -0.0810238 -0.0751749 -0.392093 -0.0982472 0.165505 -0.211679 0.0910272 
0.309312 0.595404 -0.34601 0.265854 -0.628955 0.52303 -1.15695 -0.285181 
-0.322715 -0.27783 -0.773961 -0.0316706 -0.219024 0.498012 -0.181549 -0.26709 
-0.435299 -0.233314 -0.147173 -0.0750704 -0.369353 -0.094449 -0.324114 -0.0671591 
0.279084 0.197664 -0.366652 -0.00647871 0.633054 -0.327042 -0.145506 -0.276387 
0.191085 0.257518 0.198087 0.172269 0.651112 0.0655532 0.384286 -0.046852 
-0.812317 0.297557 0.370488 -0.384316 -0.39527 -0.553964 0.394696 -0.0157612 
0.016368 -0.027713 -0.805638 -0.137064 0.371418 0.29597 -0.260317 0.503397 
0.418532 0.0683971 -0.0156767 -0.889188 -0.409712 -0.653269 -0.0209439 -1.12188 
0.264213 -0.14296 -0.224259 -0.092367 0.28356 0.41089 -0.309832 0.486439 
-0.161139 -0.187882 -0.299355 -0.698062 -0.317525 0.0670807 0.765214 -0.133837 
-0.264322 0.375787 0.20957 0.107937 -0.260364 -0.176628 -0.0266031 -0.438103 
0.537275 -0.659654 0.374293 -0.0824788 -0.00412907 0.306955 -0.543392 -0.438749 
0.58031 0.645859 -0.0820609 -0.566251 0.819393 -0.155697 -0.266342 0.41043 
-0.324497 0.578484 -0.838805 0.0239359 -0.0940377 -0.595374 0.0609492 -0.383801 
pop 8 layer 2
dims 8 16
-0.0539826 0.021983 -0.394392 -0.293516 0.458792 0.476391 0.41851 0.188008 0.239611 -0.133444 0.157961 0.0439964 -0.165904 -0.617657 -0.424585 -0.0209638 
0.374925 0.162958 -0.309615 0.790391 0.1146 0.369052 0.585626 -0.128132 0.0592306 0.663059 0.443918 0.458808 0.111832 0.321671 0.609692 -0.61623 
0.223046 -0.206785 0.0944923 -0.256907 0.0646477 -0.474254 -0.212431 -0.00747361 -0.238304 -0.354344 0.363706 0.0824045 -0.294007 -0.222573 0.436188 -0.269436 
-0.444208 0.176675 0.0445472 -0.0988619 -0.231771 0.00176924 0.478929 -0.211126 -0.263073 -0.284162 0.248843 -0.00966278 0.299571 0.649255 0.0715524 0.443513 
0.0305699 -0.0584171 0.590963 0.095562 -0.0917137 -0.259794 0.426945 -0.301772 0.197911 0.6484 -0.0321758 0.0221487 0.193045 0.543836 -0.244728 0.31409 
-0.0935024 -0.00994796 -0.120046 0.350867 -0.142523 -0.18582 -0.431847 0.249145 -0.287708 -0.73558 0.108855 -0.880896 -0.193906 0.198346 -0.18462 -0.742663 
0.0298829 -0.0455756 0.205346 0.249539 0.36564 0.0603876 -0.0522653 -0.443138 0.314055 -0.113872 -0.145568 -0.0461827 -0.284067 -0.407168 0.426417 0.059103 
-0.477774 -0.617985 -0.251461 0.416114 0.206806 0.374519 -0.162929 0.0960031 0.272473 0.0571566 0.661969 0.12175 0.581314 0.69459 0.236231 -0.13002 
pop 8 layer 3
dims 4 8
0.505073 -0.278058 1.10439 -0.49505 -0.416156 0.449962 -0.274597 -0.478458 
-0.0640547 0.384506 0.451869 0.509219 -0.598477 -0.372989 0.551342 -0.177976 
-0.207908 0.468527 -0.124565 0.19996 0.689422 -0.173232 -0.306456 0.00914084 
0.117601 -0.344563 0.21896 -0.236542 -0.466772 0.0298356 -0.254704 -0.203691 
pop 9 layer 0
dims 8 5
-0.231841 0.174985 0.500554 0.535041 -0.194069 
0.125685 -0.0366578 0.00314391 -0.08983 0.15339 
-0.220021 -0.043059 -0.0143745 -0.0431261 0.076904 
-0.32618 -0.245913 -0.65726 0.144105 -0.121157 
-0.183211 0.124633 0.323253 0.053726 0.591588 
0.575446 0.31476 0.712754 -0.467942 0.208568 
0.189722 -0.0686643 0.237772 0.534305 -0.0493713 
-0.247503 0.540974 -0.279047 0.487908 0.313201 
pop 9 layer 1
dims 16 8
-0.184416 -0.219268 0.0246363 0.534686 -0.261378 0.659561 0.696635 -0.414509 
-0.19599 -0.175909 0.033167 -0.405714 -0.031028 0.193539 -0.0358439 0.208024 
0.6895 0.463309 -0.157759 -0.0407085 -0.480649 0.382638 -1.18433 -0.108766 
-0.326672 -0.202862 -0.541967 0.0612481 -0.103039 0.594047 -0.232086 -0.123618 
-0.194206 -0.120769 -0.0902465 -0.206328 -0.162491 -0.135998 -0.518378 -0.0698814 
0.408308 0.238129 -0.166221 0.11937 0.307839 -0.0471442 -0.0665312 -0.267032 
0.0264187 0.193157 0.141927 0.0409139 0.622597 0.365472 0.49441 -0.236955 
-0.63373 0.32268 0.313971 -0.183894 -0.169255 -0.30166 0.208283 0.198066 
0.177012 -0.131659 -0.79032 0.156816 0.629304 0.320428 -0.591582 0.437873 
0.287169 0.23491 -0.236451 -0.517947 -0.175882 -0.736756 0.0928952 -0.824811 
0.434149 -0.133057 -0.289195 -0.147954 0.145007 0.387212 -0.271037 0.308288 
0.183732 -0.298469 -0.186268 -0.581132 -0.245898 0.579687 0.702882 -0.221673 
-0.0831729 0.390716 0.0888901 0.0179596 -0.388716 -0.0964556 -0.100949 -0.475733 
0.608701 -0.730877 0.30435 -0.15595 0.200043 0.298049 -0.42604 -0.441326 
0.721326 0.561255 0.0261755 -0.816096 0.457272 0.11982 -0.0943936 0.536676 
-0.499237 0.427735 -0.710394 -0.0802486 0.0298576 -0.554491 0.592162 -0.398767 
pop 9 layer 2
dims 8 16
0.151597 -0.265494 -0.627308 -0.193345 0.183556 -0.137622 0.59287 0.165391 0.492642 0.0167814 0.14353 -0.17724 -0.0387439 -0.454183 -0.669542 0.195495 
-0.0511957 0.128841 0.0876196 0.72095 0.189058 0.489372 0.296975 0.141149 -0.430102 0.12925 0.623131 0.309898 0.201299 0.10191 0.792311 -0.79405 
-0.0526838 -0.838066 0.331659 0.335585 0.41039 -0.987539 -0.0735154 0.0594503 -0.275927 -0.0477464 0.0094911 0.124643 -0.50991 -0.547654 0.102483 -0.259034 
-0.0732181 0.281189 0.172666 -0.125757 -0.101781 -0.60646 0.369329 -0.107465 -0.246692 -0.194879 0.0982906 -0.482462 0.0714438 0.493423 0.222694 0.507453 
0.101271 0.234099 0.17127 0.746247 0.455524 0.0243486 0.430639 -0.344462 -0.159282 0.538193 -0.152796 -0.140941 0.101713 0.189539 -0.488486 0.262068 
0.205325 -0.135682 -0.292093 0.178976 -0.415654 -0.634298 -0.367951 0.406495 -0.337292 -0.756862 0.101355 -1.02206 0.231907 0.0233012 -0.465501 -0.689612 
-0.0486267 -0.0198618 0.047974 0.0226117 0.205204 0.0924817 -0.124217 0.0932789 0.00738814 -0.716045 -0.23453 0.0183962 -0.337925 -0.310697 -0.488493 -0.0465018 
-0.584716 -0.661517 -0.0273665 0.397081 0.272557 0.397944 -0.0792442 -0.139502 0.342881 0.0138222 0.405194 0.340925 0.534713 0.2024 0.524271 0.137236 
pop 9 layer 3
dims 4 8
0.437832 -0.0974449 0.709559 -0.331957 -0.175594 0.534358 -0.165707 -0.559756 
-0.0775067 0.428642 0.599194 0.294666 -0.407898 -0.589118 0.298542 0.0605157 
-0.136059 0.067789 0.164759 0.00821986 0.667858 -0.214248 -0.166228 0.0790721 
0.124425 -0.0495933 0.372815 -0.097996 -0.263725 0.0401018 -0.555608 -0.237046 
vWeights_end
generator 1482320860 2585087913 1212026584 2667785417 328113684 1776708244 3707736734 3368076808 1893218722 3622307687 26817968 3496916507 565100327 4236881953 1251526075 1981784749 558379083 970490377 1630854822 1907486304 3962934855 3385473927 118154795 3878352936 1123512404 4164433102 2380535966 2832883041 3098756510 3786793006 2795819935 1189889188 3375383529 2929255652 858542523 536575244 3122639100 716333464 2106679498 1146898970 1052137068 425267538 1626906409 3194870848 1893234559 3549960268 3108275003 3737806567 3174847451 1684919097 755825710 4090503902 720352565 24912845 76237247 1816640586 2315226431 564626164 3564119583 1985970514 3486950942 2971567490 4276423329 934847140 3195110725 880160826 4071999924 1565952459 4178854647 3077950484 1930543590 3352071227 3129491236 440705856 2412385682 3010418754 870411986 819765621 2117077953 4075913091 3223150309 3987784892 3347905968 2018381751 2378097426 2609323004 918332337 3208904019 1906517961 1554542157 2426898556 1077869443 1052202396 2199170481 3477296401 2506802277 626890155 2601460715 3466141242 3505016023 2563213786 283143242 2144890944 1668648235 1603114746 4161144500 4082313176 211082481 3951657113 3503381370 3148591234 1925378583 3482807017 3496935518 3718639441 164538059 2941538582 3465116827 4279402265 1183665935 2447635454 176006776 593981767 1053180770 3244944428 1944350600 1220351441 3190313030 3653345081 1035847441 1782921122 3054680987 185197569 838931245 2931525387 2485157364 4190913364 428726563 2185060538 3457017202 651266942 899179511 1900991504 1663500825 983649022 3194621251 1821750193 1266234749 4110963383 2018667651 2187571807 1191585181 3390955710 3977925494 3311960446 1010980812 2323101608 1666036286 1391948698 2183679094 445270616 88370065 3704497788 2890302234 694853570 1617675461 1757209344 1859455976 467557282 2889034264 3328514723 3210426779 217281310 1754272446 1514889937 1678917408 1720085301 385493864 1964018279 345863971 2072973729 2686362948 2700950455 2309760319 723528616 802786018 1900892709 1886711628 2797533335 4095163339 368190162 3806807559 3650239725 242567387 2184277050 3859861540 790660631 917300198 3941697935 1415107445 4144841965 871354436 897085376 3898490592 1578617473 707532984 2081464925 1162263453 1727406490 3527492226 1020967544 3771029510 4188541110 1211658711 1021008319 4138531573 2186068999 160305808 1755719420 3034667720 613917952 111392535 4109759327 2815075065 3286673310 3347164682 3856937358 2013650011 4146318506 2857029504 4019665084 3801144736 1847901412 3241220980 2161879431 3252420194 979508712 2709673353 794790730 781315138 4100123748 2643019597 895842046 1692734552 1093711610 1405120681 3372397339 2356589266 4234855829 3117986629 3998003216 183316963 1336860620 2041332192 865074069 2090533197 1163320484 45451358 3439252193 3783304668 875869451 509354700 851290411 1525854238 3958316933 3466236990 3637529052 1442050371 1106990192 4265162011 3948809365 1507742306 2540420179 733651582 1536913635 1807261665 1664873701 1376258885 1851481275 1637031674 2301754334 1851926805 2864899334 329700838 2338460248 1285550118 2038060007 3284060050 2624463490 1273331783 1693306426 2086990594 550500754 494495584 271217548 294267670 4203422835 646616554 4184707574 404539647 1070022177 3401955838 3544470908 3819902929 2293352782 3617407714 3195082016 1953071433 3371906551 3370291044 722367010 399181778 2026818436 3240808368 238819233 1402257130 591153058 3795467228 2206069171 2418039596 3398276634 2527200805 3255756534 891498574 323988622 541298628 2523449495 2199650797 2950011787 818122314 856293943 1556668115 4004437074 3120073570 1289465172 409146022 313365222 4263047994 1035088203 3816878182 3908227694 473821893 3341721494 428148709 2850550793 2227162001 36598087 2400973990 1750205327 4077016531 2625783958 970134800 2269855524 2574531602 2815204261 225413284 285540666 2969039872 875030641 510745811 3794477080 1345417460 3772221123 2964363851 3447992317 24540409 3525841149 849526531 3634872328 2473167866 1934415375 838470914 1135000346 1239802036 3097628392 150365692 14770126 2051231997 1680962751 2619441692 910369777 2613332179 3788174782 3643950725 2116622448 1522576947 2541144407 68351717 1330375908 1599909518 3390277265 652145241 2935715446 4232155920 2725106569 2039385543 481924318 2062236923 1980487473 2332849437 1056986621 2717869037 332886136 1447255859 3956467021 3413562085 1690344943 1274928152 1216055479 2058308208 3959066163 653123299 1442295619 4157769877 3591669767 543461179 1786801147 3247941063 868187608 1675070740 2753406769 2618711526 1367720290 4071701979 3466600166 2188323321 1585598022 142270059 3508895276 3963958305 411044826 1598365722 1185505927 2914619407 2945657003 4179416731 1636034354 697599248 2711996640 3905097850 781415369 2159938160 2335467032 2670033340 235179529 2553276962 1214015855 1739471601 2811718549 151145049 1560877296 1321516554 1604005446 1786455784 1607383416 3131599185 1584979208 3655761596 1826285971 4204827612 3346557601 1922959745 3980845677 2752531435 1405704180 2875866771 1505402413 3265136995 2370048208 1459392443 4023758049 3472985445 2058923958 3433896489 3698794768 1019785134 1039039412 3429671307 875147073 3845525156 1108518462 2740930615 2608440831 1328672580 1511566978 2774724181 1846455597 2416751195 3550132581 1784428023 1307040144 827063742 46667201 4062951989 3288861032 3382919880 2904227058 3448919428 1819192191 905936984 2475279329 2710876008 4228878228 1199265490 500147246 125364082 204672221 1856617898 3381492426 2724620307 2103257708 3228218951 1823503823 1304983691 3589183202 2235999937 365183929 2585929031 202384919 2461629829 1615230267 3963112086 2389131007 574011623 162793909 2460526593 3918754975 2164980493 3693069990 3017918485 2695338871 3344612377 1480703614 2815634358 757245254 1487047896 1732153049 1316821152 15294764 1370184123 2076610602 728417838 3644717254 588825345 4156605061 3908609459 520042115 1412626663 4138465167 1869343161 2699849800 1264486196 4146134943 2734390119 764196726 4055738504 1761358146 3480744471 885986768 4104260849 365446058 1663504648 2571394915 1068441144 196888836 1716358434 3565826273 1497961670 1853553761 81569343 3385084192 380894770 3265278243 1151132615 3679608525 3729058571 2564210 723337092 627366536 4239158737 2254871466 4110454661 3323753628 930479807 1318649285 3795122919 1132490354 536121055 1828950310 3262892451 2381945142 1260698912 3054941286 726331854 713802345 2556119189 4213015622 3489090607 2385746880 2672262243 1185559042 653888768 1147789496 3301167432 1700568991 2396342451 2604723213 853533028 3350037839 3614100872 2851447828 3040885693 1648094109 1415350244 1723100264 2882135224 2156649553 2608365861 1338043158 4069329768 814863171 1936636269 2104832048 815046960
