sName lunar_lander
version 1
nEpochs 400
nPopSize 100
nTop 10
act 1
populationStrategy 2
randomInjectionRatio 0.15
nLayers 5
vSize 5 8 16 8 4 
vBiases_start
pop 0 layer 0
dims 8 1
-0.350942 
0.357352 
-0.0218565 
-0.15303 
-0.124468 
-0.147144 
-0.14323 
0.029262 
pop 0 layer 1
dims 16 1
0.257696 
0.631586 
-0.373483 
-0.116062 
0.0267598 
0.131445 
0.240108 
0.0908673 
-0.179333 
0.331993 
-0.0969906 
0.0583221 
0.214435 
-0.0882083 
-0.543271 
0.137516 
pop 0 layer 2
dims 8 1
-0.437182 
-0.526563 
0.00260058 
0.158476 
-0.00476151 
0.197047 
0.0986496 
-0.00596308 
pop 0 layer 3
dims 4 1
0.296948 
-0.359738 
-0.169134 
-0.0241379 
pop 1 layer 0
dims 8 1
-0.130036 
0.285035 
-0.0641591 
-0.265783 
-0.244201 
-0.110343 
-0.0505715 
0.140107 
pop 1 layer 1
dims 16 1
0.105757 
0.442965 
-0.275969 
-0.295293 
0.301346 
0.259063 
0.033883 
0.129958 
-0.350294 
0.157367 
0.0313753 
-0.0178675 
0.195238 
-0.0147721 
-0.572363 
-0.0162393 
pop 1 layer 2
dims 8 1
-0.224283 
-0.486544 
0.0732367 
0.09488 
-0.0687449 
0.0711184 
-0.0692285 
-0.0217706 
pop 1 layer 3
dims 4 1
0.21261 
0.0775154 
0.287705 
0.205541 
pop 2 layer 0
dims 8 1
-0.32299 
0.00679483 
-0.158319 
-0.0704085 
-0.246786 
0.0951495 
0.0172695 
0.193193 
pop 2 layer 1
dims 16 1
-0.14879 
0.597821 
-0.572666 
-0.204441 
-0.070025 
0.291369 
0.341548 
0.183267 
0.0590534 
-0.10826 
-0.38657 
-0.197953 
0.316623 
-0.226811 
-0.478901 
0.346857 
pop 2 layer 2
dims 8 1
0.364499 
-0.29478 
0.0515929 
0.381938 
-0.334754 
-0.364076 
-0.219851 
0.0540734 
pop 2 layer 3
dims 4 1
0.120423 
-0.47576 
0.109317 
-0.026515 
pop 3 layer 0
dims 8 1
-0.224691 
0.0587648 
-0.0402249 
-0.144497 
-0.384649 
-0.125232 
-0.189006 
0.0200356 
pop 3 layer 1
dims 16 1
-0.110903 
0.594568 
-0.515788 
-0.101061 
0.0113616 
0.441462 
0.253992 
0.203499 
0.124848 
-0.132402 
-0.294866 
-0.178665 
0.389936 
-0.374292 
-0.704371 
0.116055 
pop 3 layer 2
dims 8 1
-0.224175 
-0.400305 
0.347106 
0.374289 
-0.220431 
-0.0701848 
-0.113522 
0.180417 
pop 3 layer 3
dims 4 1
0.268742 
-0.0689515 
0.378469 
-0.0149721 
pop 4 layer 0
dims 8 1
-0.308129 
0.131665 
0.0942376 
-0.109347 
-0.1705 
-0.022901 
-0.0649368 
0.105655 
pop 4 layer 1
dims 16 1
0.00723425 
0.252129 
-0.0214759 
-0.391115 
0.246381 
0.394568 
0.0438953 
0.026895 
0.114002 
-0.0564662 
-0.152456 
0.0144633 
0.158963 
-0.171172 
-0.465335 
-0.155169 
pop 4 layer 2
dims 8 1
0.107333 
-0.42903 
0.253558 
0.50172 
-0.244537 
0.0536215 
-0.0265554 
0.127725 
pop 4 layer 3
dims 4 1
0.393032 
-0.262363 
0.0845351 
0.0634842 
pop 5 layer 0
dims 8 1
0.0713124 
0.0651155 
-0.51108 
-0.0166066 
-0.290977 
-0.551671 
-0.622849 
0.233612 
pop 5 layer 1
dims 16 1
-0.122376 
0.555949 
-0.515362 
-0.071393 
-0.176048 
0.469585 
0.296931 
0.226087 
0.324526 
-0.222662 
-0.159433 
0.0198953 
0.188102 
-0.0436067 
-0.563676 
-0.0267977 
pop 5 layer 2
dims 8 1
-0.0680819 
-0.537782 
0.254817 
0.502359 
-0.0569616 
-0.028897 
-0.0726865 
0.374899 
pop 5 layer 3
dims 4 1
0.355825 
-0.0259272 
0.24643 
0.0626857 
pop 6 layer 0
dims 8 1
-0.388234 
0.0380094 
0.00965802 
-0.376636 
-0.518028 
0.086285 
-0.203631 
0.00171635 
pop 6 layer 1
dims 16 1
0.0982592 
0.373604 
-0.375159 
-0.0827776 
0.0991351 
0.395014 
0.261111 
0.133571 
-0.20601 
0.0531125 
-0.258245 
-0.0206275 
0.306392 
0.000184157 
-0.263356 
0.0221464 
pop 6 layer 2
dims 8 1
-0.289455 
-0.435333 
-0.0849585 
0.267699 
-0.0313559 
-0.155299 
-0.0290254 
-0.0888073 
pop 6 layer 3
dims 4 1
0.207594 
0.094039 
0.278323 
0.168413 
pop 7 layer 0
dims 8 1
-0.153928 
0.158474 
-0.0464235 
-0.126128 
-0.19422 
-0.0343379 
-0.099382 
0.147347 
pop 7 layer 1
dims 16 1
0.0577824 
0.441691 
-0.441363 
-0.157338 
0.0374967 
0.279362 
0.236355 
0.132946 
-0.21714 
0.0927802 
-0.0382167 
0.0532933 
0.242868 
-0.0257401 
-0.617708 
0.0248302 
pop 7 layer 2
dims 8 1
-0.245593 
-0.488085 
0.0771529 
0.315243 
-0.0336809 
0.246467 
-0.0243273 
0.0765814 
pop 7 layer 3
dims 4 1
0.262877 
-0.291478 
0.0702944 
0.0410172 
pop 8 layer 0
dims 8 1
0.052642 
0.00525154 
0.114184 
0.0582142 
-0.231639 
-0.0611665 
-0.0424587 
0.195373 
pop 8 layer 1
dims 16 1
-0.0125644 
0.575778 
-0.528845 
-0.3237 
0.0156999 
0.177382 
0.290515 
0.147891 
-0.163495 
-0.10708 
-0.081298 
-0.132757 
0.139911 
-0.225095 
-0.39539 
0.061024 
pop 8 layer 2
dims 8 1
0.0504442 
-0.40809 
0.233561 
0.407098 
-0.273265 
-0.0151511 
0.0322148 
0.155642 
pop 8 layer 3
dims 4 1
0.16568 
-0.171988 
-0.0230253 
0.0798601 
pop 9 layer 0
dims 8 1
-0.23932 
0.100104 
-0.224863 
-0.197935 
-0.177285 
0.270978 
-0.0208964 
0.222704 
pop 9 layer 1
dims 16 1
0.113879 
0.349445 
-0.144238 
-0.19712 
0.141314 
0.201293 
-0.212054 
0.210949 
-0.078701 
0.228563 
0.0990754 
-0.178695 
0.302789 
-0.0231556 
-0.370554 
-0.181499 
pop 9 layer 2
dims 8 1
0.145947 
-0.483881 
-0.0193991 
0.367953 
-0.192601 
-0.400331 
-0.0848294 
0.113651 
pop 9 layer 3
dims 4 1
0.360904 
-0.210921 
-0.0934295 
-0.102522 
vBiases_end
vWeights_start
pop 0 layer 0
dims 8 5
-0.376493 -0.118652 -0.136452 -0.0107272 -0.273293 
0.295679 0.254422 0.366842 0.172224 0.181876 
-0.0736682 -0.108251 0.0421722 0.236956 0.411453 
0.0626031 -0.0984847 0.562625 -0.258324 -0.445813 
-0.288121 0.320532 -0.197009 0.549726 0.484499 
0.122885 -0.29377 -0.325241 0.277167 0.0641756 
-0.196771 -0.0895753 -0.464751 -0.162676 0.0988692 
0.198517 0.235305 -0.312343 0.227924 -0.144298 
pop 0 layer 1
dims 16 8
-0.105477 -0.339663 0.32646 -0.162079 0.295953 0.296402 0.213273 0.0239411 
0.20498 0.329516 0.0362 -0.534593 0.491552 -0.203801 0.204478 0.0852452 
0.246441 0.0622135 -0.070204 -0.64574 0.11546 -0.154947 0.298151 -0.496316 
0.146497 0.0444005 0.209776 -0.231033 0.252821 -0.150184 -0.408204 -0.0544625 
0.104338 -0.277541 0.246965 -0.379677 0.0681629 -0.165885 -0.0413355 0.244227 
0.246733 0.0247623 0.0805155 0.0385774 0.0752162 0.20858 0.451902 0.252914 
0.304804 0.011746 0.0252979 0.06701 0.154489 -0.00582969 0.170474 0.199143 
-0.0462596 0.322778 -0.052626 0.203866 -0.147127 0.0904591 0.0665622 -0.168476 
-0.0970364 0.112896 -0.269542 -0.202329 -0.0809368 0.380288 -0.261122 -0.111518 
-0.180682 -0.280871 -0.665617 0.386963 0.407472 -0.103901 0.0406849 -0.34703 
0.0165794 0.289384 -0.0502329 -0.234064 0.363794 -0.0234388 -0.232298 -0.131859 
0.713947 -0.133223 0.207106 -0.227358 0.277143 0.15544 -0.472899 0.192008 
0.0646442 -0.0369002 -0.54554 0.139197 0.227985 0.198679 0.0678996 -0.218781 
-0.418784 -0.151702 0.0272908 0.188597 0.118844 0.674326 -0.116889 0.18766 
-0.333422 -0.0405008 -0.18373 -0.125269 -0.107993 0.229383 0.271361 -0.0630789 
0.0387408 0.254616 -0.219184 0.137146 -0.275734 0.192829 0.224217 0.10235 
pop 0 layer 2
dims 8 16
0.0995071 0.137043 0.0124416 0.180597 -0.425172 -0.20987 0.195997 -0.0567351 0.439191 -0.27636 0.0154747 -0.188861 -0.0691462 -0.120401 -0.0681207 -0.137864 
0.291575 0.415033 0.161487 0.168627 0.302785 -0.0741981 -0.162149 -0.138586 -0.28367 -0.121416 -0.0627394 0.167463 -0.23466 0.255693 -0.323425 -0.188725 
0.362496 0.0851866 0.233557 -0.15229 -0.0687065 0.358584 -0.169065 -0.210604 0.149481 -0.021397 -0.0506563 -0.112934 0.0916599 -0.161589 0.0764665 -0.058692 
-0.201126 0.196554 0.190314 -0.0819443 -0.35895 -0.174857 -0.0994915 0.215529 -0.110888 0.550623 0.11432 0.257794 -0.0290448 -0.130676 0.0797618 0.240282 
-0.589882 -0.434903 -0.0836532 0.159576 -0.200661 0.252774 -0.293726 0.379947 -0.276136 0.276628 0.0060026 0.130835 -0.0234372 0.168974 -0.149636 0.317183 
0.624231 0.436472 0.000108907 -0.05549 0.0746178 0.257336 0.336409 -0.103849 0.136422 -0.336212 0.196871 -0.375999 -0.0633836 -0.0243026 -0.162577 0.118365 
-0.697664 -0.424338 0.148735 0.309057 -0.0973182 0.133731 -0.351525 -0.0989863 -0.449135 0.0486382 0.285906 -0.119004 -0.140163 -0.119178 0.133411 -0.193889 
0.167748 -0.0377456 -0.238502 0.249058 0.215992 0.128511 -0.516581 0.148469 -0.096735 -0.085501 0.31393 0.0670545 -0.0122171 0.0293124 0.160071 0.302526 
pop 0 layer 3
dims 4 8
0.0263409 0.0882311 -0.391554 -0.491237 0.225714 0.06356 0.19756 0.0113428 
-0.0015215 -0.17922 0.16587 0.526019 -0.534476 0.151329 -0.332678 0.238245 
-0.0722164 -0.162931 0.0732168 0.498837 -0.175665 0.171885 0.234101 0.0218084 
-0.52665 -0.17646 0.286531 0.0723822 0.0358466 -0.296201 -0.287406 -0.0689534 
pop 1 layer 0
dims 8 5
-0.295901 -0.4231 0.0421339 -0.0958492 -0.218236 
0.268885 0.453303 0.563461 -0.00102685 -0.00665031 
-0.0724457 -0.272376 -0.00106395 0.187109 0.572979 
0.107415 -0.125635 0.473806 -0.435103 -0.368647 
-0.164315 0.248311 0.0510763 0.668065 0.401419 
0.0111691 -0.448295 -0.565445 0.496281 -0.119839 
-0.0425011 -0.353239 -0.439315 -0.254334 -0.0929814 
0.094899 0.451876 -0.20854 0.353558 -0.0544709 
pop 1 layer 1
dims 16 8
-0.131942 -0.323879 0.364971 -0.404862 0.367998 0.0108969 0.266622 0.17537 
0.189906 0.324423 0.234131 -0.533331 0.453789 -0.07793 0.141687 0.120148 
0.317237 0.115446 -0.0258077 -0.523746 0.137602 -0.125131 0.382103 -0.434813 
0.0124928 0.0142246 0.319461 -0.273578 0.322152 -0.210742 -0.453366 0.129899 
0.227372 -0.311185 0.203951 -0.147959 0.173129 -0.0934385 -0.0849398 0.161466 
0.0527683 -0.106181 -0.0432349 0.314065 -0.0992726 -0.0877826 0.344575 0.258427 
0.395001 -0.0565316 0.265913 0.0108576 0.140264 0.0532245 -0.0160333 0.387202 
0.0491323 0.154572 0.0531505 0.403792 0.0377873 0.139077 -0.0474641 -0.181757 
-0.128045 0.234341 0.0287428 0.00408673 -0.283967 0.480132 -0.377905 0.0905031 
-0.394801 -0.0783367 -0.634229 0.452962 0.157641 -0.347674 0.0391283 -0.218601 
-0.160165 0.488933 0.105759 -0.321093 0.578284 -0.0911687 -0.405667 -0.151999 
0.471068 -0.0552041 0.14521 -0.0831383 0.342253 0.220774 -0.251289 0.22065 
-0.233867 -0.0103103 -0.38623 0.184358 0.198044 0.0912036 -0.0256229 -0.166759 
-0.502598 -0.176793 0.153551 0.177151 0.0161747 0.727348 0.0499828 0.210671 
-0.199417 -0.141656 -0.328253 -0.192197 -0.113548 0.270341 0.20241 -0.0996859 
0.11312 0.121405 -0.315815 -0.0969119 -0.269643 0.189829 0.25609 -0.0283285 
pop 1 layer 2
dims 8 16
0.177619 0.0919148 0.0360173 0.315588 -0.349705 0.0671268 -0.232097 -0.144835 0.428542 0.00111511 0.00547195 -0.291879 -0.0796349 -0.386143 -0.236326 -0.129098 
0.35984 0.67025 0.0659893 0.108164 0.314295 -0.00125368 0.0903832 -0.401062 -0.25506 0.00747126 -0.0465752 0.129411 -0.332203 0.324416 -0.253193 -0.125352 
0.558122 0.244734 0.208881 -0.108661 -0.197133 0.211879 0.0203386 -0.0823429 0.246386 0.0116298 -0.0438151 -0.120461 -0.0849323 0.0787865 -0.0617063 -0.0607777 
-0.0058665 0.191521 -0.0761656 0.148174 -0.287046 -0.296525 -0.192138 -0.0827836 -0.136897 0.398696 0.082057 0.143677 0.0409806 -0.163149 0.152181 -0.0835456 
-0.610496 -0.285173 -0.0753438 0.244544 -0.246471 0.409401 -0.0249146 0.50218 -0.440215 0.429488 -0.109393 -0.0151364 0.149355 0.0668821 -0.288466 0.347622 
0.56788 0.298341 -0.194064 0.267724 -0.0461723 0.110712 0.314256 -0.18243 0.201125 -0.23891 0.275481 -0.587522 -0.146109 0.0395028 -0.0274151 0.0276591 
-0.608906 -0.737963 -0.0772016 0.326729 -0.0184651 -0.0554329 -0.380905 -0.213737 -0.0583021 0.0568575 0.444282 0.0522081 -0.0213914 -0.224374 -0.179611 -0.30741 
0.131344 0.186571 -0.0944643 0.294631 0.0305562 0.32149 -0.317429 0.254138 -0.235169 0.00683959 0.186831 -0.063932 -0.040703 -0.0265046 0.152232 0.493409 
pop 1 layer 3
dims 4 8
-0.0612333 0.331783 -0.30502 -0.336951 0.469853 -0.0271711 0.409697 -0.215288 
0.0798015 -0.00656359 0.165148 0.457203 -0.396408 0.0704713 -0.241449 0.0568673 
-0.137769 -0.081406 -0.0811029 0.204985 -0.0334107 -0.0465545 0.074599 -0.41295 
-0.136253 -0.135918 0.0347677 -0.154365 -0.0446257 -0.188278 -0.190037 0.0760772 
pop 2 layer 0
dims 8 5
-0.0726316 -0.304949 0.156968 -0.263273 0.00131307 
0.456763 0.466501 0.50024 -0.346086 -0.0196311 
-0.0889171 0.182854 0.0390523 0.25809 0.123687 
0.155321 -0.0747247 0.611456 -0.327904 -0.430112 
0.220347 0.213439 -0.268267 0.518372 0.287367 
0.114401 -0.00625183 -0.625142 0.0920356 -0.287429 
-0.131085 -0.0591772 -0.699203 -0.283893 -0.0444794 
-0.110697 0.183899 -0.434439 -0.0858667 0.29798 
pop 2 layer 1
dims 16 8
-0.425056 0.0163357 0.520212 -0.730325 0.00584595 -0.0363372 -0.303511 0.470024 
-0.18464 0.672686 0.0600913 -0.607299 0.453689 -0.0825257 0.528334 0.146746 
0.00717101 -0.607813 0.0569534 -0.39099 -0.0159783 0.138327 0.661489 -0.4116 
-0.582324 -0.306748 0.121075 0.0454886 0.20715 0.0908596 -0.382773 -0.248873 
0.654948 -0.264954 0.152212 -0.373607 0.268544 -0.231341 -0.284888 -0.192939 
-0.0228228 0.224068 -0.128799 0.00302785 -0.292186 -0.118235 0.0883872 0.0892769 
0.238035 -0.171908 -0.18183 -0.010705 -0.0124724 0.0393178 0.0912313 0.471355 
-0.114916 0.559137 0.128373 0.0466837 -0.307737 0.317503 -0.354734 -0.361967 
0.155443 0.131758 -0.12449 -0.0298141 -0.171823 0.432812 0.192513 0.0427525 
-0.234124 -0.260155 -0.170985 0.195841 0.256531 -0.220582 0.519868 -0.18703 
-0.185317 0.202786 0.426917 -0.483645 -0.0474953 0.513399 -0.19905 -0.342804 
0.254473 -0.0809527 -0.262835 -0.166561 0.074443 0.0993149 -0.590748 -0.0477082 
-0.115124 -0.331596 -0.464177 0.145941 -0.141588 -0.180483 0.251476 -0.0613779 
-0.0297909 0.0183485 -0.307984 0.0299116 -0.157071 0.860947 0.383555 0.235674 
-0.332037 -0.721265 -0.0454585 0.0631713 0.632913 0.22353 -0.121745 -0.280518 
0.0544001 0.557379 -0.240263 0.0355366 0.12276 0.108893 0.063903 -0.0468588 
pop 2 layer 2
dims 8 16
0.389733 0.0135022 0.114319 0.264673 -0.185515 0.430564 -0.4596 0.094627 0.10129 -0.507794 -0.434289 0.192766 -0.0352965 -0.101445 0.0340731 -0.2695 
0.292896 0.603869 0.0313377 -0.0376393 -0.226171 -0.225212 0.233624 -0.161276 0.000113267 0.0127946 0.0899708 -0.403523 -0.207898 0.293403 -0.18523 -0.160929 
0.484302 0.21371 0.142312 -0.0200838 -0.0573359 0.40386 -0.332883 0.0741616 0.262457 0.00846561 0.266547 0.0729427 0.384582 -0.128931 0.250538 0.0456535 
-0.296468 0.219241 0.148869 0.0492183 -0.0682605 -0.540148 -0.32436 -0.045664 -0.105763 0.323842 -0.00138077 0.583417 0.158581 -0.226752 -0.126585 -0.258563 
-0.310758 -0.416749 0.10486 0.389451 -0.380275 0.0743912 -0.144647 -0.107806 -0.00607711 0.157189 -0.1972 -0.278912 0.151421 0.112573 -0.18142 0.194813 
0.439122 0.213981 0.0416609 0.225534 -0.493375 0.0872382 0.194925 0.353193 0.228218 -0.257605 -0.0188774 -0.505542 -0.259663 -0.0431299 -0.00939581 0.173185 
-0.990132 -0.498386 0.165785 -0.00524632 -0.333793 0.456496 -0.157882 -0.0257102 -0.596183 -0.124019 0.308285 -0.252086 0.0904139 -0.146073 0.170544 -0.069268 
0.0371055 0.26589 -0.0987453 0.470697 0.156816 -0.0322136 -0.405853 0.0219476 -0.0347054 0.000373078 0.298522 0.0454695 0.075935 0.0597358 -0.0423664 0.142441 
pop 2 layer 3
dims 4 8
0.121361 0.136129 -0.316907 -0.437791 0.125857 0.0849643 0.338238 0.056598 
0.196328 -0.0868418 0.217205 0.423976 -0.60566 0.164628 -0.264855 0.190964 
-0.317634 -0.22745 0.242725 0.217229 0.0038116 0.0171738 -0.0716271 -0.0618551 
-0.480472 0.0906799 0.204764 0.316226 -0.163592 -0.285581 -0.344343 -0.00389151 
pop 3 layer 0
dims 8 5
-0.296728 0.03597 0.130202 -0.0636937 -0.241389 
0.071533 0.439781 0.515578 -0.125289 0.00319095 
-0.26368 0.155333 -0.322472 0.131812 0.553877 
0.411519 -0.165176 0.598406 -0.404812 -0.418075 
-0.0812003 0.379476 -0.14242 0.352107 0.358084 
0.0986947 -0.312139 -0.383405 0.221161 0.0369993 
-0.246355 -0.081446 -0.515627 -0.197086 -0.190156 
0.198923 0.486109 -0.221563 0.210355 -0.294011 
pop 3 layer 1
dims 16 8
-0.403858 0.0333165 0.470093 -0.802237 0.129107 -0.0502325 -0.147816 0.516246 
-0.289888 0.778303 -0.116264 -0.669497 0.392739 -0.162787 0.758712 0.247585 
-0.03442 -0.459355 0.168165 -0.335939 -0.13178 0.199618 0.559908 -0.285403 
-0.353349 -0.12511 0.285601 0.267732 0.15168 0.0446614 -0.555461 -0.175388 
0.827674 -0.263825 0.151392 -0.666735 0.247241 -0.353215 -0.310474 0.0346563 
0.02805 0.0537308 -0.00442449 0.0411514 -0.16841 -0.210673 0.261042 -0.0173427 
0.233968 -0.231173 -0.186961 0.00102149 0.204576 0.0829736 0.233576 0.66186 
-0.12429 0.339616 0.101101 0.0286894 -0.335671 0.423461 -0.381716 -0.394956 
0.179526 0.159155 -0.187563 0.00296944 -0.205583 0.580978 0.0671503 -0.0479704 
-0.346724 -0.261512 -0.210603 0.142161 0.190579 -0.386923 0.473989 -0.191196 
-0.286374 0.229587 0.315296 -0.245788 0.0593106 0.433857 -0.30723 -0.386711 
0.322292 -0.195801 -0.134365 -0.0950301 -0.0289337 0.0180631 -0.591613 0.00161173 
-0.136544 -0.40768 -0.497882 0.134087 -0.0685717 -0.258731 0.279161 -0.0375678 
0.0210287 -0.0606232 -0.336066 0.0549923 -0.189709 0.854668 0.584388 0.0856974 
-0.323356 -0.621623 -0.219761 0.0211669 0.673734 0.210508 -0.191364 -0.354715 
0.0636393 0.504476 -0.286412 -0.0840251 0.192908 0.212495 0.0719129 0.0911559 
pop 3 layer 2
dims 8 16
0.294207 -0.0675502 0.0987145 0.238789 -0.293531 0.192518 -0.44132 -0.104195 0.328434 -0.628193 -0.195693 0.00213119 -0.265797 -0.32247 0.0420908 -0.380919 
0.117278 0.855806 0.170143 0.112655 -0.0966845 -0.220683 0.346615 -0.199621 0.124252 -0.00346042 0.0392708 -0.0994265 -0.0321988 0.490222 -0.134293 -0.288784 
0.641963 0.176372 0.240776 0.0530448 -0.0754155 0.376621 -0.131743 0.143508 0.385779 0.0546477 0.237551 -0.192854 0.0636062 -0.117 0.115658 -0.119781 
-0.144653 0.167555 0.0134434 0.309366 -0.114913 -0.536324 -0.332611 0.106397 -0.238714 0.231854 0.0262639 0.494644 -0.0965384 0.0915638 -0.110308 -0.0983042 
-0.405002 -0.114386 0.157405 0.0141789 -0.549752 0.0689663 -0.128747 0.0177582 -0.176222 0.247798 -0.0114156 -0.0595343 0.0450723 0.159831 -0.2553 0.109988 
0.343975 0.19059 -0.226993 0.149551 -0.0456759 0.174217 0.293821 -0.0505789 0.315773 -0.175741 0.0867198 -0.489651 -0.300433 0.130723 0.0231502 0.415338 
-0.862982 -0.357859 0.233157 0.0634345 -0.104378 0.198731 -0.445237 -0.0663379 -0.520824 0.118413 0.198581 -0.353787 -0.181678 0.0259235 0.123274 -0.00824984 
0.145478 0.20611 -0.0790818 0.192163 0.423245 0.112713 -0.351013 0.45853 0.0213871 -0.140461 0.162983 -0.0838053 -0.18925 0.18782 -0.0618302 0.151066 
pop 3 layer 3
dims 4 8
-0.0371787 0.137045 -0.352665 -0.325402 0.125057 0.0808327 0.10379 0.125965 
0.139465 0.0516066 0.133186 0.365751 -0.412761 0.242537 -0.276169 0.353034 
-0.111947 -0.252279 0.16962 0.266278 -0.309429 -0.231403 0.123346 -0.23938 
-0.479575 -0.129689 0.654451 0.315251 -0.13975 -0.553205 -0.404356 -0.258519 
pop 4 layer 0
dims 8 5
-0.267472 -0.111144 0.05077 -0.190064 -0.0553251 
0.320732 0.387671 0.340541 -0.18299 0.0170576 
-0.275495 0.129731 0.156643 0.331288 0.309202 
0.22149 -0.107954 0.700966 -0.345938 -0.376466 
0.189371 0.390412 -0.19809 0.417874 0.245191 
0.0691321 -0.167442 -0.522032 0.306883 -0.2443 
-0.393076 -0.124542 -0.652309 -0.179149 0.0815573 
-0.108246 0.206781 -0.410756 -0.128358 -0.0652598 
pop 4 layer 1
dims 16 8
-0.362663 0.0088886 0.145808 -0.445241 0.451584 -0.0447528 0.118256 0.322034 
0.179892 0.210168 0.138866 -0.63427 0.359087 0.00593165 0.51825 0.0726761 
-0.0344136 -0.081283 0.198714 -0.409089 0.00906427 -0.0998729 0.573176 -0.902119 
0.194158 -0.387507 0.0758697 -0.0206694 0.0443919 0.00201737 -0.669494 -0.322401 
0.332713 -0.110704 0.321137 -0.495774 0.0372575 -0.185153 0.148245 0.0771078 
-0.0232761 -0.0516992 -0.304416 0.00464731 -0.0496099 -0.282981 0.246106 -0.0550217 
0.461059 -0.184434 -0.0849547 -0.160239 0.153279 0.185484 0.166073 0.260809 
0.0932878 0.358336 -0.182257 0.205591 -0.408877 0.281649 -0.404869 -0.405563 
-0.190536 -0.190264 -0.340131 -0.223048 0.0977247 0.0667897 -0.406996 -0.137238 
-0.154799 -0.0733764 -0.444251 -0.102768 0.228872 -0.378229 0.428748 0.0204475 
-0.164757 0.453713 0.118448 -0.193159 0.421192 -0.0002192 -0.270848 -0.34256 
0.304394 -0.0157736 0.068349 -0.0846371 0.085186 0.727262 -0.473634 0.190937 
0.121678 -0.0782569 -0.663139 -0.0241858 0.0962499 0.237599 0.194966 -0.265675 
-0.243377 0.0135899 0.0149007 0.095713 -0.0771292 0.489035 0.0263934 0.142881 
-0.160818 0.0247726 0.0604523 0.0884469 0.125906 0.0291588 0.182205 -0.50609 
-0.187214 0.157435 -0.0668206 0.0183664 0.0278757 0.325496 0.0873367 -0.0271937 
pop 4 layer 2
dims 8 16
0.183799 -0.23708 0.1956 0.16727 -0.0882672 0.0583981 -0.211509 0.24444 0.302989 -0.319895 -0.0423499 -0.0367605 -0.333266 -0.203561 0.101273 -0.326434 
0.133118 0.783649 0.260377 0.183691 -0.0399426 -0.114141 0.217266 -0.0187644 0.188303 -0.200439 0.158697 -0.164854 -0.319979 0.44774 -0.245029 -0.235766 
0.54956 0.229747 0.48112 0.062704 -0.197319 0.288901 -0.173305 -0.079115 0.48967 0.00169641 0.131361 0.0171199 0.0134843 -0.109056 0.181075 -0.29602 
-0.245125 0.129729 -0.06468 0.0504023 -0.109338 -0.492428 -0.305927 0.223891 -0.339538 0.286427 0.172089 0.453776 0.0949905 0.0894953 -0.225911 -0.0841346 
-0.46637 -0.0415315 0.00455666 0.1312 -0.406606 0.126569 -0.0963557 -0.224307 -0.153316 0.220912 0.101406 -0.33551 0.139886 -0.0278878 -0.64263 0.149264 
0.654109 0.333693 0.0276485 0.468278 -0.104579 -0.0129429 0.220164 -0.0271409 0.323646 -0.353143 0.0016052 -0.475776 -0.159152 0.0195925 -0.176067 0.163089 
-0.767637 -0.509165 0.375219 0.119669 0.00589371 0.347501 -0.314085 0.170025 -0.693424 -0.00291799 0.336006 -0.380018 0.075551 -0.0718746 0.216521 0.0532455 
0.119704 0.325375 -0.120292 0.462075 0.192582 0.0489263 -0.347436 0.219624 -0.196943 -0.11649 0.0337085 -0.0743305 0.0927737 0.0156573 0.0249647 0.0361849 
pop 4 layer 3
dims 4 8
-0.0305323 0.294432 -0.297264 -0.41141 0.167456 -0.0290174 0.255314 -0.146459 
0.0642251 0.0476185 0.237724 0.558571 -0.516218 0.275323 -0.308707 0.180869 
-0.112926 -0.124108 0.105703 0.420837 -0.027261 0.0961832 0.0440384 -0.336659 
-0.244487 -0.192774 0.141175 0.169777 -0.096029 -0.480223 -0.286133 -0.193011 
pop 5 layer 0
dims 8 5
0.179391 0.157886 -0.0597765 0.474948 0.288975 
0.160105 0.212159 0.228195 -0.28046 -0.0861513 
-0.435504 0.133192 0.504554 0.150986 0.472788 
-0.153798 0.0757614 0.0720191 -0.820358 -0.672444 
-0.182405 0.134747 0.0325868 0.38324 0.455625 
0.196812 0.432353 -0.236266 0.0332092 0.31568 
-0.0911104 -0.0376809 -0.390484 -0.141268 -0.0538625 
-0.354864 0.323176 -0.23753 0.0451609 -0.00487682 
pop 5 layer 1
dims 16 8
-0.220178 0.0534898 0.529774 -0.674679 0.0511525 0.0781433 -0.0102617 0.484037 
-0.172584 0.347245 0.163741 -0.588265 0.617425 -0.0977555 0.648667 0.334154 
-0.186011 -0.273795 0.330492 -0.319421 -0.0177014 0.168897 0.758167 -0.45715 
-0.202974 -0.200094 0.440614 0.464886 0.240743 -0.159019 -0.616751 -0.132636 
0.841493 -0.270969 0.170438 -0.568967 0.108957 -0.483802 -0.187053 0.118282 
0.0699488 0.110361 -0.0478561 -0.0209076 0.0498035 -0.312295 0.169938 0.158289 
0.17721 -0.27591 -0.181301 0.195735 0.317972 0.211975 0.0531752 0.675411 
-0.172869 0.247233 0.011156 -0.0102847 -0.233155 0.300172 -0.631491 -0.487597 
0.162325 0.274926 -0.20302 -0.0210222 -0.184213 0.763669 -0.030284 -0.142674 
-0.378539 -0.290163 -0.17667 0.340829 0.0478557 -0.305129 0.449664 -0.500539 
-0.125594 0.211251 0.355663 -0.31812 -0.045308 0.440405 -0.460959 -0.388138 
0.134595 -0.108104 -0.365032 -0.166532 0.00583752 0.194971 -0.866187 0.0645872 
-0.188391 -0.261449 -0.424566 0.143266 -0.163513 -0.191929 0.219057 -0.118329 
0.00154008 0.0250014 -0.145583 -0.0528223 -0.30711 0.879223 0.426148 0.150571 
-0.363653 -0.444303 0.0754389 0.020383 0.727476 0.414119 -0.275627 -0.182953 
-0.0793114 0.468204 -0.361912 -0.192561 0.17203 0.129477 -0.0301597 0.100434 
pop 5 layer 2
dims 8 16
0.331645 -0.112729 -0.106711 0.186131 -0.24485 0.171027 -0.290961 -0.145503 0.512921 -0.554464 -0.0785986 -0.0845949 -0.133421 -0.305151 -0.10439 -0.437018 
0.431927 0.623583 0.284796 0.141855 0.014135 -0.170925 0.23526 -0.20316 0.13507 0.0796372 0.244821 -0.248237 -0.207711 0.342572 -0.210151 -0.344761 
0.609498 0.401966 0.30012 0.207886 -0.161088 0.455125 -0.0997885 -0.0219969 0.284505 0.156857 -0.00676186 0.259462 0.0255339 0.0186005 -0.016728 -0.0125656 
-0.180318 0.28698 0.0171046 0.303051 -0.199357 -0.388118 -0.15978 0.289981 -0.145821 0.450877 -0.0182098 0.25967 -0.0534238 -0.152551 -0.0601734 -0.136547 
-0.453527 -0.278951 -0.095418 0.250393 -0.151207 0.319663 -0.171246 -0.0527227 -0.287604 0.444359 0.0109312 -0.221686 0.128438 0.109104 -0.348826 0.326252 
0.538795 0.556162 -0.244309 -0.0116787 0.0564503 0.0569255 0.477958 0.0933269 0.224335 -0.211101 -0.11901 -0.719615 -0.266077 -0.0364427 0.0431979 0.342129 
-0.688887 -0.392499 0.544341 0.0770504 -0.132024 0.0389587 -0.235901 -0.106878 -0.333207 -0.0267772 0.279418 -0.112825 0.241598 -0.1113 0.236032 -0.137583 
-0.0760436 -0.0251329 -0.0879588 0.463839 0.255157 -0.00225683 -0.634193 0.0286115 0.00104659 -0.353458 -0.0403983 -0.133196 0.190248 0.160942 -0.0569838 0.170724 
pop 5 layer 3
dims 4 8
-0.195706 0.250809 -0.0668175 -0.54439 0.0646034 -0.15054 0.260245 0.138299 
0.0986267 0.143475 -0.074454 0.606721 -0.532501 -0.0925395 -0.449948 0.00822643 
0.0621668 -0.0939064 0.23767 0.279323 -0.124763 -0.181241 0.0806437 -0.33212 
-0.714587 0.140056 0.478773 0.220348 0.0694485 -0.0874081 -0.46953 0.135973 
pop 6 layer 0
dims 8 5
-0.085151 -0.177546 0.0843997 -0.0839044 0.00950682 
0.437545 0.280737 0.482619 0.114483 -0.190663 
-0.276808 0.0719551 -0.031239 0.117683 0.454427 
0.345692 0.0275049 0.433026 -0.503621 -0.355787 
-0.0579142 0.370493 -0.135815 0.44065 0.15466 
-0.187374 -0.377381 -0.541054 0.226931 -0.181245 
-0.0918142 -0.0931442 -0.600194 -0.308846 0.00232395 
-0.0414477 0.402909 0.0340234 0.240319 -0.0129638 
pop 6 layer 1
dims 16 8
-0.34257 -0.145551 0.184928 -0.518967 0.231266 0.0226607 0.354975 0.0839861 
0.273485 0.11041 -0.00309418 -0.591018 0.424952 -0.025369 0.255122 -0.035626 
0.296415 0.128451 0.250853 -0.559284 -0.0837968 -0.23735 0.346085 -0.413725 
-0.0583994 -0.0192821 0.271811 -0.0336914 -0.0842873 -0.0384443 -0.553575 0.025828 
0.205094 -0.143617 0.122239 -0.573229 -0.0186825 -0.332422 0.039844 0.404538 
0.269261 -0.206296 -0.162526 0.248448 -0.0419419 -0.151506 0.380406 0.265401 
0.418479 0.159158 0.069524 -0.118627 0.0506397 0.218841 0.171774 0.133257 
0.0395806 0.123114 0.0854134 0.253782 -0.192123 0.237168 -0.0332507 -0.30066 
-0.231238 -0.0869399 -0.287316 -0.0619822 -0.406215 0.386696 -0.46629 -0.077303 
-0.143136 -0.0598826 -0.577812 0.227452 0.254592 -0.335104 0.0705073 -0.157729 
0.0984205 0.318628 0.298259 -0.454025 0.272276 -0.00451953 -0.267898 -0.209963 
0.502297 0.160474 0.151642 0.0552925 0.251872 0.152886 -0.432245 0.0480898 
0.00782894 -0.286185 -0.606326 -0.152013 0.0519469 0.0128785 0.0727984 -0.341244 
-0.100147 -0.098254 -0.0332975 0.188209 -0.110032 0.571419 0.38913 -0.0462456 
-0.573721 -0.259795 -0.159203 -0.0701352 0.139106 0.0086014 0.307263 -0.143925 
0.187514 0.131566 -0.207452 -0.173309 -0.490808 0.0874852 0.455142 -0.111661 
pop 6 layer 2
dims 8 16
0.278592 0.0680198 -0.0827859 0.0853106 -0.465962 -0.110086 -0.142192 -0.00594531 0.0918705 -0.42089 0.110308 0.0282642 -0.0787997 -0.217141 -0.0691832 -0.0919023 
0.301847 0.734426 -0.151241 -0.0589624 0.284405 0.0889611 0.0343315 -0.269487 -0.0325674 0.0342265 0.000365485 0.0560708 -0.393401 0.399486 -0.460145 -0.19681 
0.551282 0.215161 0.36266 -0.0752794 -0.0701262 0.181194 -0.138526 -0.0697393 0.209688 -0.0538125 0.128686 0.324024 -0.0500243 -0.0417139 -0.307447 -0.18962 
-0.0549064 0.358458 0.0260014 0.227889 -0.272393 -0.372121 0.0235617 0.0947773 -0.0462053 0.399397 0.118122 0.266572 0.0503341 0.0176169 -0.00280889 -0.0555523 
-0.507047 -0.421666 -0.221889 0.244628 -0.189827 0.3992 -0.270502 0.279805 -0.284857 0.324147 -0.271831 0.0150038 0.167563 0.135954 -0.277054 0.172257 
0.327756 0.306436 -0.0828858 0.0473891 0.0323135 0.221338 0.451385 -0.0384542 0.326549 -0.363905 0.0858407 -0.418466 -0.12903 -0.0868048 0.0835428 0.0642845 
-0.644541 -0.727922 0.0612809 0.193812 -0.240247 0.0453783 -0.118821 0.14551 -0.473292 -0.0608493 0.0873117 -0.0629908 -0.130216 -0.324537 -0.107804 0.0330108 
-0.115809 0.0819376 0.0183379 0.0734837 0.219332 0.102325 -0.389818 0.286193 -0.322878 -0.124387 0.0759851 -0.0623742 0.061924 -0.0210498 0.256945 0.279343 
pop 6 layer 3
dims 4 8
-0.081496 0.258742 -0.370783 -0.294109 0.29626 0.0177632 0.35824 -0.082844 
0.11173 0.0304947 0.317294 0.510735 -0.209676 0.0755788 -0.268753 0.0884284 
0.0300753 -0.10388 0.107278 0.283532 -0.156384 -0.00639134 0.115183 -0.29593 
-0.324142 0.00325611 0.137769 -0.123236 -0.037352 -0.337709 -0.290927 0.0555802 
pop 7 layer 0
dims 8 5
-0.328801 -0.176947 -0.0474603 -0.00826585 -0.103919 
0.307929 0.368645 0.47923 0.0919259 0.0877499 
-0.101083 -0.1391 0.0218142 0.198596 0.454674 
0.139982 -0.140186 0.561727 -0.387316 -0.380929 
-0.153457 0.371003 -0.0336992 0.54745 0.358677 
-0.0199422 -0.34627 -0.392835 0.400968 -0.0363999 
-0.0794921 -0.161901 -0.507316 -0.288085 -0.0570011 
0.145637 0.448326 -0.176545 0.159103 -0.109747 
pop 7 layer 1
dims 16 8
-0.193399 -0.36459 0.253636 -0.300416 0.256071 0.118582 0.303297 0.103609 
0.324182 0.295554 0.0797211 -0.598542 0.535664 -0.138072 0.0359422 0.130442 
0.3575 0.041046 0.037135 -0.605658 0.0161374 -0.0834493 0.503607 -0.597707 
0.0249251 -0.0884677 0.286205 -0.214663 0.383026 -0.177299 -0.433554 0.0129124 
0.259696 -0.1891 0.320351 -0.390633 0.196628 -0.203424 -0.156153 0.174331 
0.179597 -0.0615186 -0.0267746 0.258927 0.0205162 -0.0707147 0.466021 0.260779 
0.338757 -0.091022 0.142401 0.0627737 0.10592 0.209335 0.150264 0.291933 
-0.0112312 0.171629 0.0804397 0.405065 -0.0791391 0.208983 -0.0472485 -0.16273 
-0.146242 0.142556 -0.194441 -0.134159 -0.0969935 0.292627 -0.36463 -0.0700595 
-0.249895 -0.168566 -0.632628 0.323844 0.310125 -0.327668 0.064215 -0.360526 
0.000209794 0.441732 0.165831 -0.278737 0.488884 -0.0276726 -0.330769 -0.169174 
0.543871 -0.0264132 0.133738 -0.085717 0.318266 0.249068 -0.448419 0.147981 
-0.0820307 -0.065579 -0.487841 0.168179 0.0286081 0.140642 -0.0649255 -0.228426 
-0.448826 -0.219915 0.159013 0.213883 0.0588664 0.754377 -0.0454192 0.18653 
-0.250365 -0.163424 -0.212127 -0.104863 -0.0254313 0.30498 0.260934 -0.107589 
0.138086 0.24735 -0.308532 0.00665405 -0.371618 0.235737 0.280466 0.125524 
pop 7 layer 2
dims 8 16
0.0763253 0.0255337 -0.0529292 0.337905 -0.385351 -0.136065 -0.0151473 0.0621689 0.379149 -0.256193 0.0988162 -0.170079 -0.0582091 -0.22112 -0.124607 -0.115837 
0.332886 0.668204 0.0187557 0.113173 0.358675 0.101059 -0.0854402 -0.256647 -0.302544 -0.0751348 -0.0437336 0.0844899 -0.482311 0.335518 -0.348706 -0.202771 
0.543209 0.148628 0.21803 -0.170291 -0.138712 0.26379 -0.0507118 -0.0361087 0.215923 0.0618365 0.0943907 0.0443924 0.0132911 -0.0605263 -0.0267809 -0.0765296 
0.0020125 0.236227 -0.0268938 0.0404866 -0.336479 -0.240708 -0.00585245 0.17426 0.0287697 0.47077 0.0792907 0.320904 0.166425 -0.0544522 -0.0132661 -0.00564151 
-0.60929 -0.432967 0.0123051 0.226978 -0.236133 0.356675 -0.165241 0.426514 -0.449524 0.29007 -0.146831 0.0360884 0.136475 0.0654938 -0.215258 0.309802 
0.54264 0.351518 -0.285762 0.137949 0.0539696 0.122896 0.436919 -0.0710443 0.212052 -0.382023 0.188983 -0.464166 -0.149763 -0.0253744 -0.0272567 0.131794 
-0.615004 -0.670643 0.0715204 0.372113 -0.0671703 0.170464 -0.204962 -0.109698 -0.368454 0.135098 0.383216 -0.126036 -0.126667 -0.277593 -0.218428 -0.0949446 
0.0657634 0.081878 -0.0940654 0.289324 0.311538 0.239178 -0.449752 0.347031 -0.163097 -0.0733019 0.078111 0.0562689 0.0051027 -0.0609989 0.153092 0.3571 
pop 7 layer 3
dims 4 8
-0.0778166 0.174327 -0.34177 -0.470543 0.347838 -0.0371882 0.245737 -0.0910873 
0.030748 -0.101321 0.129943 0.650305 -0.626814 0.173036 -0.3279 0.338844 
-0.134826 -0.34596 0.0818137 0.282891 -0.054398 -0.0491216 0.169091 -0.0599805 
-0.470985 -0.132706 0.306875 0.214676 -0.0893111 -0.3425 -0.374023 -0.120157 
pop 8 layer 0
dims 8 5
-0.229193 -0.0303523 -0.039048 -0.00240561 -0.132395 
0.29699 0.2383 0.367923 0.216858 0.157275 
-0.0353148 -0.159953 -0.115972 0.13776 0.341599 
0.0566887 -0.114922 0.351786 -0.26746 -0.237193 
0.0540453 0.386685 -0.158743 0.553788 0.290054 
-0.0631605 -0.365996 -0.272632 0.426179 -0.040945 
0.00523847 -0.193064 -0.378321 -0.256368 0.0235589 
0.0311429 0.338837 -0.0507721 0.185409 -0.201634 
pop 8 layer 1
dims 16 8
-0.238537 -0.327546 0.122239 -0.209232 -0.00917862 -0.00397344 0.288835 0.101751 
0.173724 0.337421 -0.0152764 -0.593553 0.48905 -0.176275 -0.00955038 0.0415294 
0.209787 -0.0361787 0.0741751 -0.627329 0.0871305 -0.187327 0.303145 -0.583546 
0.0410457 -0.102966 0.277401 -0.0296112 0.148538 -0.168296 -0.394428 -0.0878654 
0.369982 -0.380133 0.377132 -0.172008 0.0472184 -0.239373 -0.0200645 0.0685279 
0.287547 0.00738718 -0.00421435 0.199712 -0.053302 -0.0867447 0.435131 0.351829 
0.315906 -0.147798 0.246023 0.162527 0.0581758 0.0919038 0.0238843 0.225832 
0.158187 0.158561 0.10262 0.430423 0.0168774 0.216837 -0.162823 -0.0607352 
-0.0651405 -0.0884836 9.26656e-05 -0.213081 0.14196 0.184245 -0.168796 0.0686329 
-0.177752 -0.315504 -0.591512 0.302229 0.220606 -0.506849 -0.0994428 -0.312601 
-0.0972233 0.360446 0.20702 -0.202554 0.449408 -0.0794292 -0.223139 -0.027406 
0.448825 -0.156746 0.158545 -0.0272662 0.207383 0.311428 -0.176945 0.196693 
-0.143789 0.0602149 -0.367164 0.149618 -0.121726 0.11482 0.0152089 -0.0655377 
-0.50803 -0.0519009 0.0819828 0.209595 0.135067 0.84264 -0.224645 0.168704 
-0.291888 0.0263707 -0.269528 0.0252655 -0.0576344 0.0962844 0.251195 -0.161462 
0.059934 0.286916 -0.124639 0.106795 -0.338929 0.1319 0.481556 0.189998 
pop 8 layer 2
dims 8 16
0.0832769 -0.149991 0.122019 0.265387 0.00313449 0.0661113 -0.329034 0.0907633 0.230316 -0.413759 0.0835505 0.15616 -0.255409 -0.191985 0.207048 -0.378656 
-0.0427135 0.514505 0.166769 0.266195 -0.0240791 0.104694 0.506195 -0.191078 0.229406 -0.199791 0.0619084 -0.185048 -0.27328 0.594384 -0.230196 -0.343458 
0.599768 0.137404 0.544553 0.114923 -0.0701006 0.336345 -0.210835 -0.0233419 0.565178 0.0788916 0.32417 0.0862347 0.0135534 -0.0242041 0.30286 -0.562868 
-0.209384 0.180406 -0.165358 0.13198 -0.219885 -0.479371 -0.14903 0.219542 -0.409102 0.395259 0.199151 0.29501 0.150717 -0.0867671 -0.336455 -0.347081 
-0.385913 -0.115175 -0.0128044 0.0847434 -0.456137 0.223265 -0.0279228 -0.0919857 -0.174477 0.244333 0.168286 -0.269861 0.126735 -0.155438 -0.632665 0.0523168 
0.373229 0.278308 0.0655649 0.372013 -0.136561 -0.0591295 0.183627 0.0271448 0.438578 -0.377659 -0.180562 -0.271594 -0.214376 0.0295093 -0.173027 0.105902 
-0.899261 -0.229908 0.275715 0.105059 -0.0708418 0.400672 -0.26555 0.0512483 -0.702051 0.120058 0.254637 -0.388529 0.176318 -0.155014 0.281891 0.0360878 
-0.0763368 0.229232 -0.0897182 0.492403 0.0973388 0.113577 -0.271025 0.264112 -0.211358 -0.187836 -0.0767619 -0.124435 0.0259024 0.105688 -0.116124 0.041668 
pop 8 layer 3
dims 4 8
0.0141162 0.294329 -0.419031 -0.459488 0.154429 -0.0275935 0.270765 0.056636 
-0.0686518 0.0540771 0.0887402 0.715846 -0.58406 0.319452 -0.367869 0.253567 
-0.248854 -0.25331 0.126465 0.391346 0.000199468 -0.00931635 0.155949 -0.14106 
-0.458237 -0.183891 0.274837 0.0962604 -0.0973614 -0.319177 -0.352916 -0.100497 
pop 9 layer 0
dims 8 5
-0.129373 -0.165234 -0.00148234 -0.40918 -0.000199783 
0.371284 0.427593 0.414961 -0.279586 0.00636776 
-0.0610142 0.269012 0.00367767 0.270961 0.0805347 
-0.0436779 0.082567 0.345724 -0.343055 -0.547516 
0.215711 0.259076 -0.151583 0.499152 0.138353 
0.014848 0.0034456 -0.735515 -0.00642156 -0.294952 
-0.141212 -0.0601907 -0.584103 0.021675 -0.0301488 
-0.0373278 0.244799 -0.187217 -0.126484 0.238821 
pop 9 layer 1
dims 16 8
-0.484152 0.0629284 -0.0645144 -0.273558 0.137964 -0.307672 -0.212243 0.490034 
0.291695 0.181422 -0.0537305 -0.430691 0.550307 -0.18034 0.303056 -0.0191399 
0.0509199 -0.119285 0.00932629 -0.159258 0.193667 -0.0889462 0.403053 -0.48336 
0.1971 -0.0860306 0.274335 -0.220822 0.110319 -0.230753 -0.513486 -0.47809 
0.602093 -0.0945695 0.431478 -0.380785 -0.168383 0.0367383 -0.0691821 -0.105933 
-0.00172286 -0.158198 -0.137892 0.119636 -0.164537 -0.191125 0.273163 -0.0316852 
0.426253 -0.223355 -0.0150182 0.0926451 0.0141115 0.425747 0.184659 0.387211 
-0.168291 0.186955 0.0606988 0.164825 -0.245331 0.277473 -0.242486 -0.369901 
-0.273574 0.010262 -0.189742 -0.0682477 0.0352238 0.0955516 -0.0646087 -0.28312 
0.0263185 -0.368133 -0.310671 0.0302498 0.360022 -0.322167 0.500202 0.0538614 
-0.24728 -0.0112243 0.0647417 -0.36113 0.220574 -0.491401 -0.193862 -0.271576 
0.249127 0.0964615 0.304816 -0.150811 -0.00813184 0.594794 -0.648539 -0.0399832 
0.196957 0.138107 -0.50227 -0.0139963 0.185602 0.158644 0.266107 -0.213654 
-0.348759 -0.164999 0.510679 -0.206105 -0.0603853 0.455959 0.341749 0.0972073 
-0.00685631 0.173165 -0.0356091 0.216147 0.122353 0.133898 0.0495417 -0.111131 
-0.446764 -0.0454202 0.0348242 0.186583 -0.12947 0.205356 -0.111386 -0.25291 
pop 9 layer 2
dims 8 16
0.319726 -0.0499085 0.0929783 0.182334 -0.109626 0.286975 -0.40498 0.109423 0.182571 -0.236955 -0.352961 0.175979 -0.0903916 -0.103856 -0.0679587 -0.368675 
0.19595 0.622821 -0.00872955 -0.0171512 -0.0873809 -0.212739 0.0708537 -0.185397 0.178663 0.108453 -0.100041 -0.455069 -0.220627 0.198526 -0.119399 -0.182757 
0.493406 0.202968 0.0173787 0.0107449 -0.142081 0.261814 -0.473023 0.205527 0.188317 -0.153111 0.273 0.168068 0.313521 -0.0900217 0.156275 0.0170748 
-0.187449 0.203897 0.132713 0.151297 -0.0704566 -0.558668 -0.326991 -0.0412512 -0.187533 0.261023 -0.106601 0.384059 0.106355 -0.28779 -0.00547905 -0.321029 
-0.367277 -0.454519 -0.0109986 0.151154 -0.31827 0.0203841 -0.132274 0.0154137 0.00974279 0.148106 -0.0344215 -0.219238 0.159009 0.0458332 -0.137138 0.12859 
0.229634 0.170421 0.211306 0.254996 -0.440076 -0.060569 0.270115 0.461448 0.169853 -0.153105 -0.0622246 -0.505055 -0.353239 -0.00364639 -0.124303 0.121708 
-1.06838 -0.494161 -0.0720325 -0.164762 -0.251837 0.396556 -0.194372 -0.13866 -0.427113 -0.058486 0.441251 -0.332077 -0.0381317 -0.051473 -0.0478316 0.0602975 
-0.210827 0.280265 -0.0603376 0.268404 0.0359652 -0.0247005 -0.388915 0.0974215 -0.0879291 0.22007 0.360703 -0.00235896 0.132456 -0.0900843 -0.144779 0.280885 
pop 9 layer 3
dims 4 8
-0.114893 0.174623 -0.0301083 -0.503921 0.176083 0.119132 0.294338 0.0825586 
-0.0653455 0.134521 0.0317185 0.526774 -0.519386 -0.0763988 -0.319635 0.254697 
-0.201685 -0.250336 0.0786192 0.630357 -0.17521 -0.0563182 -0.0527921 0.245825 
-0.255043 -0.313475 0.219073 0.227264 0.130792 -0.391566 -0.167956 -0.1967 
vWeights_end
generator 1217953711 2837666214 1169576466 2195052421 1338660254 3322599810 3338352540 4255788328 748173764 2372601637 252840191 2621092858 2931680607 1464896383 2736460484 1212611102 1988369627 1843631190 2031575069 3501707076 1884957810 270565448 1648170330 35943915 2059655038 845393871 3928258032 504989382 2138896375 2810525358 4156808138 2473403227 3867168068 4162356201 2596518561 1157619010 1145909495 2433586516 2880778148 3318107592 3997776255 1148498210 3309773982 753515192 3754491685 1251853714 961800759 1517018298 86524474 4241375963 1873047165 3188788650 1637011215 4019041931 4142452311 3002076670 686363774 3137758743 2799026620 849935409 688848229 3854625852 420117087 3063705418 669227369 3453358164 2188309042 3704141163 3422106772 827443263 209576587 1369290141 1787349352 1499897436 2694539811 3160802059 2585420429 2963497925 3850650563 3539824039 4273196828 1188152421 4166007254 2404195421 3126314878 864462770 454702255 3996854703 3470314863 107309955 2402340434 725168189 2131841682 3313982342 2099784019 1416115626 824695627 2176545549 673483733 121744180 594614395 818383536 3560353115 1422541692 1607948537 1182039677 1005539805 2382341434 2081146998 870883378 3420154278 2311216590 1991806674 4140256159 167972278 907012567 2704964135 155614986 2880490651 1843881203 4159792234 3043681749 2958381015 4055835522 695719910 3580473330 3634171170 2344677199 1975509749 44335629 3001663851 2735031672 540396611 4272842594 3212422451 3661118107 936226785 1942704836 3207179450 1050221451 4179886449 3436814732 2056113267 2636468652 3495934451 2935962889 872685280 2809643005 4213056177 2177761369 4249313876 3134866328 581912326 1392959204 1808320235 3110151643 12880533 141393514 3028585837 2200766141 2226471147 3822330309 1846143858 2785101339 2534513624 1633775333 4078267177 1456477538 3923290830 1660518898 3164164886 478214018 3915262430 3760070599 1267480588 316206143 516367058 1659531796 18781773 1333284931 3420419926 1465990151 2163833976 278029674 591918555 1044792140 3325649834 1950506237 3895765422 3964153634 509657744 3294633925 1094631143 1367606110 3312866528 2581051277 3370941877 2974751867 1440278740 3088277763 2748493630 2809179595 603529630 1704350061 4049498215 1380760768 809256745 3100167059 1700158612 910336840 3916415851 2220203891 3503931810 2507380787 2155490960 4052389446 2301230069 2527955844 3037969959 2706329778 2914989242 3274192078 430359925 996138636 2996619573 719464978 3902198306 4184254209 1835873147 1731233643 2480543975 1785489368 1321615672 1610212274 1357577728 3055651808 759418110 1468228843 4066925753 777882303 3006706754 1355712545 3081256299 2592259202 595436006 4114985762 3175539194 1428038279 1564312310 2712691207 1379128170 1686120521 2433209542 4281349175 526732860 2893442532 1419130029 1162654810 726586148 674843375 1709013566 1716878060 3160748928 3422212086 1803071671 1161715464 2653250019 2983981646 379849723 631399664 37120767 488286848 670370318 3280308209 1594112045 1452199619 3869623776 1947259283 3412889041 4244017925 1358646181 2776269255 4089883194 1509308980 2972479920 2640354441 2035451717 1710888615 3991557886 314787876 1672323942 2819744654 3566774001 3213572300 3683452859 1580930769 4269535369 1215811207 2330498601 2270736468 4015242438 832003895 4049639666 3382328271 1572864586 101080746 1543034577 397792378 1645585815 4232511438 1387612264 1393127040 2959678226 3739985696 2027178572 3661988862 55477422 4256463283 2272487494 1642019461 1241016112 1722115898 2426311386 1170868253 646721341 3179735489 2935460909 2370331747 30386912 3301144437 2598263129 4139499339 3237188433 1142528155 443546742 366201029 1153317415 385519699 3395528229 2021251180 294322545 2517681396 3685197531 858518123 3135419797 2067445669 684103712 1041601995 2157003598 2740963151 1201583013 84966938 1890688451 2038903267 3378744607 2419571451 705688901 2058600300 1767117651 2959098872 4129943783 538062161 2339767352 1132891866 530162568 538298562 2521641359 2087103539 573974330 3608748638 3046979650 4006843571 558617139 3394127951 3576111847 2006562492 3306918866 203702963 833760061 2088448823 4048391262 497407314 3221661901 4099090242 4039212252 3461253272 1611489089 3705439438 2192782323 2321878438 1247275895 2488410322 1423898356 3532431597 1398280524 2779314543 3455759762 3720859793 3795971277 1767831949 571553009 3100392293 502742244 3847220001 4211946204 1736527638 3077067282 2573850001 2545152906 4097767724 143616515 1936426240 1716565613 3034303117 2082371963 2522178837 4061734873 2365513423 4134785898 3898101288 3126735916 2769619148 241624640 2986712715 2137262722 1383975596 1198460580 3498747857 2564872356 2165228605 3729871951 241666219 2419180823 2181322988 3971803484 3576016647 2402990784 34753511 3828406482 1791522947 542981837 1027450016 2867261475 820874316 1122353475 4283939747 4170903730 95364208 562834453 433733193 2118456937 2703196743 271251876 687670222 740632814 4139749871 1054350590 1770231042 3978860323 1021356990 1204788184 3257435768 3191418122 3297888368 1972725746 828032732 3550975590 2237991400 3376733236 3945570626 1469893336 2662443138 1796788639 1991886733 453053924 2177138352 1892135137 428436599 2991901911 1239189908 2956594565 1458525252 1988864596 1080078108 898752745 1836740961 3453099803 3314557525 274967417 780657674 1177746897 1938466368 2336849950 94626011 2730758908 3153262097 1960710334 3955730298 1113516148 4195111246 3851474631 4255576546 3524287848 3036195174 992140835 3382024142 3720179162 592542946 3404391843 151706781 2942092264 577652117 3413745013 3935946171 2053790482 3294176105 3852871560 3916802080 2666983839 2790935520 2313658145 4037877431 2737725453 2525822603 1154919442 1049921796 3149197783 2675622848 2702844872 1289527739 1072625517 11155535 3946392374 1429619176 2506987979 2185692176 1887482413 3078491734 21967181 4175040753 4287933790 3674104783 4110084052 3304147632 3359857011 473135655 613639025 2981175854 4180103726 2410094911 3949481262 111803888 4254534781 3167705676 328735423 1379218202 1747873089 2672894037 280215033 2372285757 2640596606 1347564189 1969769590 3641596150 2929647960 1077181036 2400598518 4181137736 848172101 3039849877 652500171 864181806 3116237965 4076945259 684824182 765277909 2371972230 593261832 2549495340 3263873012 1833085861 317396976 143199704 199250094 3924445077 3362007100 2965047254 2719236807 4002340832 18127003 841922107 2666655732 799004104 1168638988 2098810115 1595221132 692877685 580075474 2842163122 598344022 2060404657 790077280 2999476475 3965006005 741976082 4124058142 2899227930 3257469640 3918891500 3368332138 4008535355 164698327 2647556387 1349546467 3355573653 2921130453 4266423047 4270321828 3331980140 2224045139 2792749151 3511695481 4254185620 817773210
