sName lunar_lander
version 1
nEpochs 500
nPopSize 100
nTop 10
act 1
populationStrategy 2
randomInjectionRatio 0.35
nLayers 5
vSize 5 8 16 8 4 
vBiases_start
pop 0 layer 0
dims 8 1
0.12403 
-0.038497 
0.113409 
0.398441 
-0.119867 
-0.284133 
0.163172 
0.555296 
pop 0 layer 1
dims 16 1
0.128466 
-0.113982 
0.136497 
0.80854 
0.301897 
-0.148903 
-0.24192 
-0.355633 
1.0099 
0.0710855 
0.0390006 
0.552465 
-0.171639 
0.0832583 
0.108181 
-0.648406 
pop 0 layer 2
dims 8 1
-0.178032 
-0.338354 
-0.350575 
0.316942 
-0.0624053 
0.263521 
-0.162975 
-0.0224316 
pop 0 layer 3
dims 4 1
0.149291 
0.186328 
0.064783 
0.382227 
pop 1 layer 0
dims 8 1
0.21681 
0.178292 
0.326784 
0.218649 
-0.170708 
-0.2256 
0.181032 
0.419235 
pop 1 layer 1
dims 16 1
-0.012767 
-0.150708 
0.114845 
0.799705 
0.0514797 
0.0727682 
-0.285552 
-0.183129 
0.416155 
-0.153274 
0.172784 
0.286275 
-0.0916972 
0.253358 
0.115589 
-0.409096 
pop 1 layer 2
dims 8 1
-0.0930755 
-0.17743 
-0.40847 
0.118979 
-0.00586918 
0.355159 
-0.00440102 
-0.111839 
pop 1 layer 3
dims 4 1
0.00162666 
0.0239681 
0.164245 
0.279934 
pop 2 layer 0
dims 8 1
0.311512 
0.135082 
0.158941 
0.347283 
-0.168235 
-0.298928 
0.0533348 
0.393388 
pop 2 layer 1
dims 16 1
0.125401 
-0.174791 
0.261023 
0.820064 
0.116088 
-0.0349677 
-0.295085 
-0.216182 
0.617305 
-0.396094 
0.029196 
0.323311 
-0.178192 
0.0372631 
0.110096 
-0.37704 
pop 2 layer 2
dims 8 1
-0.136139 
-0.339749 
-0.366234 
0.201525 
-0.0694771 
0.223374 
-0.0715055 
0.0350557 
pop 2 layer 3
dims 4 1
0.0814881 
0.0860809 
0.303733 
0.335088 
pop 3 layer 0
dims 8 1
0.399792 
0.278453 
0.344254 
0.425588 
-0.450771 
-0.226591 
0.348305 
0.331393 
pop 3 layer 1
dims 16 1
0.0514233 
0.145181 
0.30128 
0.631701 
0.431039 
0.0412368 
-0.323007 
-0.590202 
1.11028 
0.471608 
0.253145 
0.486934 
-0.392622 
0.128389 
0.249342 
-0.723415 
pop 3 layer 2
dims 8 1
-0.080237 
-0.468364 
-0.826609 
0.493596 
-0.0950869 
0.0177116 
0.115735 
0.627276 
pop 3 layer 3
dims 4 1
0.259198 
0.259532 
0.228424 
0.630375 
pop 4 layer 0
dims 8 1
0.353074 
-0.0223544 
0.259361 
-0.000507791 
-0.274302 
-0.503738 
0.342946 
0.141779 
pop 4 layer 1
dims 16 1
0.13609 
0.154578 
0.277274 
0.707242 
0.503732 
0.00180375 
-0.168639 
-0.56665 
0.994988 
0.391506 
-0.000968883 
0.536632 
-0.42409 
-0.070143 
0.0960191 
-0.636129 
pop 4 layer 2
dims 8 1
-0.165974 
-0.322407 
-0.376993 
0.270793 
-0.199537 
0.167872 
0.185971 
0.112509 
pop 4 layer 3
dims 4 1
0.423164 
0.190944 
0.156758 
0.546976 
pop 5 layer 0
dims 8 1
0.224446 
0.0967849 
0.0680886 
0.373842 
-0.0601394 
-0.178597 
0.0634118 
0.4549 
pop 5 layer 1
dims 16 1
0.0536743 
-0.18355 
0.318486 
1.02418 
0.227932 
-0.0362889 
-0.480178 
-0.412997 
1.04711 
-0.343948 
0.212617 
0.342631 
-0.221757 
-0.203412 
0.125559 
-0.528017 
pop 5 layer 2
dims 8 1
-0.43484 
-0.278072 
-0.378351 
0.0367488 
-0.258639 
0.281225 
0.15278 
0.209608 
pop 5 layer 3
dims 4 1
0.127518 
0.13438 
0.195254 
0.344458 
pop 6 layer 0
dims 8 1
0.512081 
0.150926 
0.423007 
0.0178462 
-0.206471 
-0.353224 
0.254332 
0.0795251 
pop 6 layer 1
dims 16 1
0.120304 
-0.0484341 
0.36115 
0.85013 
0.172651 
0.126724 
-0.24832 
-0.340005 
0.921646 
-0.227733 
0.299546 
0.414858 
-0.124135 
-0.156664 
0.290547 
-0.549205 
pop 6 layer 2
dims 8 1
-0.229304 
-0.304575 
-0.406475 
0.279147 
-0.15055 
0.252807 
-0.0692034 
0.129684 
pop 6 layer 3
dims 4 1
0.225552 
0.0283989 
0.273423 
0.418271 
pop 7 layer 0
dims 8 1
0.326053 
0.224373 
0.4051 
0.197729 
-0.49462 
-0.164912 
0.135177 
0.167924 
pop 7 layer 1
dims 16 1
-0.0330112 
-0.176438 
0.336109 
0.692597 
0.15915 
-0.024191 
-0.0695946 
-0.211213 
0.656828 
-0.178122 
0.448024 
0.209373 
0.0158586 
-0.1097 
0.215153 
-0.462875 
pop 7 layer 2
dims 8 1
-0.129805 
-0.284328 
-0.338566 
0.300026 
0.0169575 
0.317741 
-0.0683226 
0.213479 
pop 7 layer 3
dims 4 1
0.116083 
-0.0573536 
0.19747 
0.319025 
pop 8 layer 0
dims 8 1
0.425683 
0.254103 
0.387157 
0.511976 
-0.193834 
-0.275104 
0.175683 
0.372685 
pop 8 layer 1
dims 16 1
0.114709 
-0.110423 
0.31182 
0.936332 
0.198705 
0.0398948 
-0.286531 
-0.455804 
0.945821 
-0.210519 
0.188594 
0.471209 
-0.251574 
-0.0691613 
0.0914274 
-0.485242 
pop 8 layer 2
dims 8 1
-0.404446 
-0.196843 
-0.358883 
0.124571 
-0.198796 
0.296884 
0.147579 
0.098554 
pop 8 layer 3
dims 4 1
0.139104 
0.0543736 
0.191873 
0.47761 
pop 9 layer 0
dims 8 1
0.0540164 
0.0108599 
0.253853 
0.218156 
-0.226446 
-0.155802 
0.142983 
0.402921 
pop 9 layer 1
dims 16 1
0.0296767 
-0.140722 
0.23915 
0.552486 
0.112494 
0.154076 
-0.282261 
-0.319879 
0.462111 
-0.212779 
0.0759579 
0.223305 
-0.0228844 
0.316269 
0.0752807 
-0.353644 
pop 9 layer 2
dims 8 1
-0.170618 
-0.267741 
-0.395989 
0.356409 
0.00542724 
0.231172 
-0.00358504 
0.318167 
pop 9 layer 3
dims 4 1
0.116728 
-0.046452 
0.250894 
0.251658 
vBiases_end
vWeights_start
pop 0 layer 0
dims 8 5
-0.0431116 0.104022 0.704188 0.181546 -0.112108 
-0.0586246 -0.078895 -0.469554 0.0952757 0.483567 
-0.187094 0.295687 0.0286896 -0.242962 -0.161595 
0.137349 -0.351635 -0.302395 0.113864 -0.102485 
0.198005 -0.274644 -0.189724 0.497657 0.301306 
0.158246 0.0462141 0.743008 -0.0933773 0.424319 
0.0351468 -0.406154 0.142242 0.120675 -0.0187917 
-0.208165 0.296886 0.0575985 0.576789 0.150722 
pop 0 layer 1
dims 16 8
-0.346608 -0.425353 -0.0810393 0.525536 -0.37013 0.436476 0.566185 -0.33865 
-0.588629 -0.167582 0.0111687 -0.487713 0.0326797 -0.135474 -0.156521 0.296242 
0.242679 0.512744 -0.364691 0.352514 -0.575187 0.281221 -1.18834 -0.351459 
-0.426667 -0.252343 -0.701664 -0.00367095 0.0769985 0.244547 -0.222854 -0.398143 
-0.375302 -0.130505 -0.119797 -0.0790955 -0.106034 0.171682 -0.203564 -0.0558968 
0.312099 0.0599828 -0.0595904 -0.0413914 0.452282 -0.345996 0.0133709 -0.28528 
0.364981 0.48969 0.162514 -0.0299347 0.55874 0.170538 0.496367 0.108546 
-0.813823 0.114648 0.305657 -0.186147 -0.226812 -0.203606 0.401835 0.103225 
-0.0751897 0.0936328 -1.12479 -0.045408 0.330118 0.534116 -0.510008 0.327223 
0.411449 -0.148156 0.0451502 -0.612231 -0.238094 -0.58804 -0.0602315 -1.12133 
0.358472 -0.0200263 -0.308035 -0.0747328 0.411525 0.319204 -0.123979 0.176594 
-0.181642 -0.0631755 -0.197872 -0.575006 -0.18182 0.0455024 0.570899 -0.187056 
-0.311253 0.432457 0.260211 0.237916 -0.197529 0.184618 -0.236385 -0.468884 
0.751397 -0.641642 0.153277 -0.028739 0.0858424 0.153918 -0.288014 -0.647479 
0.488045 0.525545 -0.0684507 -0.874304 0.725486 0.0791646 0.00536498 0.364958 
-0.143218 0.661319 -0.783184 -0.0477678 -0.237431 -0.69501 0.396923 -0.312716 
pop 0 layer 2
dims 8 16
-0.132629 -0.0611247 -0.314887 -0.248054 0.144258 0.564904 0.302367 0.283184 0.0280616 -0.228617 0.266993 -0.0938233 -0.357888 -0.542156 -0.312179 0.0175283 
0.251361 0.256128 -0.359259 0.439876 -0.103222 0.152477 0.504879 0.0841484 0.112711 0.374426 0.318372 0.518164 0.000300206 0.168873 0.568202 -0.370609 
0.0824798 -0.31768 -0.0676931 -0.141167 0.0976812 -0.26583 -0.271903 -0.247075 -0.252306 -0.321212 0.332612 0.329896 -0.152054 -0.200572 0.339772 -0.192498 
-0.228589 0.127487 -0.0980968 0.00522401 -0.273353 -0.0541596 0.305069 -0.124958 -0.333532 -0.335055 0.226688 -0.0359814 -0.0714722 0.719535 0.0219808 0.463516 
-0.120827 -0.237355 0.205011 0.0138474 0.0046186 -0.118385 0.0855356 -0.362001 0.181006 0.557562 0.0933849 0.277038 0.15954 0.252883 -0.0379458 0.126366 
0.0113435 -0.060817 -0.148254 0.417117 -0.205825 -0.02206 -0.292637 0.146784 -0.313584 -0.297079 0.0433564 -0.581659 -0.315541 0.103393 -0.228448 -0.467714 
0.02937 0.0611764 0.305412 -0.0455474 0.342421 -0.146869 -0.396449 -0.188205 0.376706 0.0970643 0.0179728 0.186258 -0.329152 -0.106738 0.529918 0.01899 
-0.2736 -0.428562 -0.079261 0.393734 0.168705 -0.085272 -0.0639923 0.381175 0.137631 -0.30979 0.754571 -0.106831 0.585455 0.360773 0.330839 -0.137792 
pop 0 layer 3
dims 4 8
0.211457 0.137623 0.548019 -0.620138 -0.162241 0.326611 -0.288244 -0.442847 
-0.148737 0.345047 0.504176 0.364229 -0.302467 -0.124369 0.333765 0.472239 
-0.111404 0.234651 0.208044 -0.213421 0.690096 -0.144961 0.285845 -0.0509623 
-0.00984074 0.0561204 0.118196 -0.183171 -0.322275 -0.234305 -0.254466 -0.163837 
pop 1 layer 0
dims 8 5
-0.0503057 0.100937 0.598714 0.183664 -0.151576 
-0.122058 -0.0472746 -0.383291 0.072486 0.460897 
-0.075456 0.357774 -0.181077 -0.367414 -0.140151 
0.0584922 -0.268805 -0.280146 0.290633 -0.222018 
0.313929 -0.180822 0.0351638 0.619185 0.30489 
0.204362 0.0917364 0.682737 0.0266305 0.507788 
-0.118537 -0.251936 0.251549 0.102644 0.193996 
-0.356023 0.364976 0.0634894 0.524503 0.0713158 
pop 1 layer 1
dims 16 8
-0.31535 -0.162595 -0.087901 0.457009 -0.372615 0.530599 0.479429 -0.470888 
-0.207669 -0.203564 0.132882 -0.34238 -0.0827686 0.462542 -0.080468 -0.11835 
0.319151 0.466271 -0.197614 0.694498 -0.409092 0.401806 -0.9721 -0.182247 
-0.145845 -0.200935 -0.393775 0.0316732 -0.290743 0.606873 0.0688615 -0.0834755 
-0.432698 -0.146328 -0.287517 -0.191603 -0.348496 0.0167045 -0.0361201 -0.102252 
0.0175419 0.123074 -0.367977 -0.0824361 0.56431 -0.394843 0.105127 -0.118852 
0.395029 0.0694085 -0.0859807 0.203154 0.472542 0.0863348 0.294027 -0.189898 
-0.490233 0.0487708 0.391354 -0.321939 -0.290827 -0.43375 0.166955 -0.00797607 
0.142352 0.216571 -0.33636 -0.429873 0.0732386 0.289269 -0.200931 0.483195 
0.555844 -0.117809 -0.00367437 -0.679246 -0.331749 -0.554386 -0.221407 -0.815872 
0.185595 -0.0921271 -0.123517 0.0304237 0.262611 0.54741 -0.269931 0.371614 
0.016646 -0.102575 -0.194459 -0.348743 -0.124217 0.502347 0.784816 0.30451 
-0.337867 -0.0132401 0.136981 -0.0994393 -0.0705292 -0.191565 -0.0908549 -0.43605 
0.588156 -0.379919 0.45814 -0.0747253 -0.0569452 0.348325 -0.473587 -0.0604732 
0.574736 0.700116 -0.091302 -0.583386 0.778986 0.0242309 0.0559367 0.524911 
-0.0874567 0.22464 -0.553784 -0.191277 0.0562251 -0.695722 -0.0662906 -0.313501 
pop 1 layer 2
dims 8 16
0.00978601 0.138017 -0.226146 0.0802061 0.137456 0.632486 0.191893 0.512186 0.242203 -0.326992 0.191232 -0.236773 -0.480541 -0.487265 -0.063176 0.073332 
0.400115 0.232366 -0.332011 0.295404 -0.168973 0.322999 0.596848 0.217918 0.322505 0.233744 0.120161 0.292517 0.113701 -0.195737 0.488217 -0.429674 
0.145733 -0.258513 -0.033396 -0.11295 -0.0515703 -0.250082 -0.155061 -0.158112 -0.152646 -0.393303 0.144405 0.163634 -0.109948 0.00713146 0.302736 0.134721 
-0.275764 0.168393 0.0803253 -0.156323 -0.238535 -0.00139857 0.177079 -0.112502 -0.425133 -0.39477 0.237171 -0.150819 -0.120033 0.514113 0.174585 0.263135 
0.180127 -0.454858 -0.0867151 0.0344091 0.0121628 -0.143096 -0.0979915 -0.369528 0.25818 0.432047 -0.0119345 0.071858 0.288473 0.109473 -0.145335 0.35658 
0.0431836 -0.205698 -0.0571157 0.580437 -0.172443 -0.0628882 0.063485 0.126536 -0.201176 -0.267555 0.126735 -0.476673 -0.186642 -0.125259 -0.386123 -0.113805 
0.0808499 -0.111712 0.148879 -0.0497326 0.304426 -0.269087 -0.472651 -0.251054 0.128956 -0.171275 -0.215565 0.29611 -0.210863 -0.0199528 0.525384 0.0544094 
-0.33677 -0.373573 -0.322437 0.121207 -0.108194 -0.0722342 -0.150157 0.337176 -0.120557 -0.224048 0.394609 -0.139328 0.63226 0.182511 0.308915 -0.0425481 
pop 1 layer 3
dims 4 8
0.305591 0.0424104 0.587141 -0.800478 -0.161664 0.271199 -0.404007 -0.515172 
0.0423779 0.354016 0.304831 0.308065 -0.153636 -0.135311 0.44712 0.16104 
-0.164283 0.404442 -0.0376623 -0.301326 0.885611 -0.0815815 0.103702 0.00380565 
0.0550032 0.170946 0.21653 -0.178383 -0.185211 -0.113659 -0.121757 -0.172579 
pop 2 layer 0
dims 8 5
-0.00260533 0.0894529 0.628785 0.19247 -0.161349 
-0.0675999 0.00163873 -0.445279 0.168073 0.493334 
-0.163008 0.276758 -0.110198 -0.257397 -0.268584 
0.125647 -0.258749 -0.478193 0.139259 -0.198528 
0.236854 -0.26347 0.0897338 0.654404 0.42819 
0.342608 0.0175274 0.798253 -0.0571391 0.47406 
-0.076658 -0.358625 0.225728 0.197253 0.106343 
-0.185166 0.295335 -0.0139617 0.441906 0.0849624 
pop 2 layer 1
dims 16 8
-0.216571 -0.0638415 -0.119722 0.299816 -0.392229 0.509503 0.363057 -0.521658 
-0.325074 -0.191735 0.134118 -0.361603 0.0680387 0.490499 -0.195038 -0.0247064 
0.293639 0.595026 -0.413009 0.448139 -0.522305 0.457634 -0.929518 -0.224771 
-0.22504 -0.244643 -0.496672 0.0680436 -0.264548 0.624504 0.0325467 -0.180561 
-0.41148 -0.15317 -0.151842 -0.0302145 -0.390412 0.0327965 -0.0229423 -0.132366 
0.100638 0.162252 -0.421806 -0.0512689 0.702649 -0.378309 -0.088172 -0.268973 
0.314845 0.0774547 0.0756782 0.287588 0.429384 0.138422 0.305212 -0.234241 
-0.710444 0.0847582 0.346264 -0.396688 -0.416376 -0.526606 0.243861 -0.0197111 
0.167114 -0.00708413 -0.449826 -0.208274 0.129199 0.266736 -0.143861 0.418705 
0.481749 -0.0956685 0.0225339 -0.576405 -0.431225 -0.629268 -0.0708138 -0.965155 
0.19223 0.109581 -0.17621 -0.0267353 0.319332 0.587267 -0.348144 0.299226 
0.0423973 -0.0994048 -0.239271 -0.453578 -0.171518 0.397299 0.637426 0.119704 
-0.403425 0.112629 0.312304 -0.104759 -0.375354 -0.117248 -0.0214018 -0.373406 
0.571037 -0.32419 0.491502 -0.148602 -0.120811 0.508017 -0.55809 -0.0941629 
0.619076 0.73051 -0.0731481 -0.583164 0.733824 -0.0782269 -0.128411 0.542266 
-0.260755 0.316481 -0.622431 -0.202466 -0.00065488 -0.570858 0.0134975 -0.294946 
pop 2 layer 2
dims 8 16
-0.168218 -0.172222 -0.276429 -0.394113 0.162787 0.700859 0.276163 0.234495 0.124961 -0.226614 0.355884 -0.00751322 -0.0525155 -0.538003 -0.26674 0.09164 
0.224555 0.197418 -0.285401 0.428886 -0.0503993 0.0865815 0.535601 -0.0923517 -0.0658199 0.517956 0.342406 0.385767 0.10126 0.283809 0.601396 -0.522028 
0.148267 -0.406576 -0.0555254 -0.469481 0.150683 -0.415331 -0.261498 -0.202474 -0.172447 -0.407324 0.416781 0.279851 -0.154581 -0.307968 0.370451 -0.346268 
-0.297207 -0.0504904 0.0832722 0.0013087 -0.212512 -0.0195931 0.526493 -0.123298 -0.352056 -0.241803 0.261819 -0.0244383 -0.0894402 0.580907 0.115493 0.495663 
0.00790901 -0.133741 0.313785 0.115892 -0.136551 -0.178203 0.149918 -0.252684 0.191599 0.552921 0.116252 0.373909 0.112133 0.368266 -0.0368646 0.139351 
-0.0362686 -0.0754513 -0.184965 0.380142 -0.213559 -0.000400908 -0.308423 0.181373 -0.375793 -0.354409 0.0172248 -0.619375 -0.373591 0.229493 -0.142067 -0.549042 
0.113474 -0.0854909 0.273887 0.00557674 0.378982 -0.0911672 -0.179406 -0.305196 0.344965 -0.00724835 0.0400029 0.101088 -0.32241 -0.225851 0.614636 0.123476 
-0.313305 -0.576223 -0.149674 0.321654 0.225672 0.119803 -0.134059 0.413156 0.21601 -0.00582247 0.638307 -0.029052 0.686934 0.425141 0.455082 -0.083821 
pop 2 layer 3
dims 4 8
0.383746 0.0127634 0.574206 -0.771341 -0.0892613 0.308576 -0.345683 -0.551758 
-0.0444728 0.471856 0.440054 0.308234 -0.127692 -0.0912598 0.42101 0.18519 
-0.0268907 0.351839 0.150474 -0.257997 0.832645 -0.214901 0.18135 -0.10986 
-0.0630298 -0.00825566 0.360382 -0.247441 -0.194607 -0.197218 -0.234163 -0.119608 
pop 3 layer 0
dims 8 5
-0.226521 0.0439 0.603203 0.545042 -0.0324217 
-0.15256 0.117497 -0.21345 0.106726 0.623412 
-0.224384 0.179617 -0.196271 -0.104668 -0.317835 
0.0911643 -0.101637 -0.60117 0.0682083 -0.0622379 
0.000896656 -0.120756 0.334646 0.22159 0.523097 
0.602287 -0.0841931 0.817597 -0.426735 0.283945 
0.0161826 -0.337631 0.516542 0.439229 -0.22868 
-0.116971 0.376886 -0.0498474 0.708513 0.104982 
pop 3 layer 1
dims 16 8
-0.179641 -0.426136 -0.0629681 0.547499 -0.162376 0.520604 0.692429 -0.552203 
-0.319832 -0.318732 -0.102212 -0.440949 -0.158219 0.035384 -0.181095 0.3083 
0.63439 0.455808 -0.1418 0.211293 -0.815783 0.215051 -1.29387 -0.27038 
-0.649513 -0.287625 -0.838831 0.157414 -0.191149 0.309326 -0.0634569 -0.238324 
-0.505207 -0.119682 0.087793 -0.270977 -0.401673 -0.186519 -0.506145 -0.191151 
0.374341 0.0293058 -0.157594 0.198226 0.676262 -0.00943389 -0.181395 -0.404719 
0.133204 0.434122 0.193632 0.0202076 0.479836 0.352368 0.432261 -0.0362982 
-0.512424 -0.0151581 0.286265 -0.0933929 -0.387518 -0.307622 0.4844 0.0748207 
-0.0584662 0.0713254 -0.950697 0.107493 0.745236 0.436256 -0.659181 0.549725 
0.488506 0.0012247 -0.0330269 -0.664338 -0.356055 -0.736341 0.207923 -1.02365 
0.466035 -0.00957307 -0.317171 -0.079718 0.254827 0.462973 -0.384997 0.325654 
-0.0378735 -0.262127 -0.297358 -0.793833 -0.375282 0.170542 0.706554 -0.21654 
-0.203034 0.584881 -0.0207277 0.196315 -0.518312 -0.0124493 0.158038 -0.632777 
0.599606 -0.905938 0.54004 0.0294248 0.0255252 0.464993 -0.621243 -0.377391 
0.646755 0.341124 -0.252272 -0.959395 0.620989 -0.0587595 -0.0814753 0.689539 
-0.325155 0.690738 -0.917382 0.301057 -0.0600024 -0.734456 0.269339 -0.25166 
pop 3 layer 2
dims 8 16
0.134644 -0.241992 -0.313691 -0.323155 -0.195757 0.140507 0.122063 0.487994 0.145542 0.150897 0.0548861 -0.430305 0.003174 -0.413634 -0.549541 0.230569 
0.0039577 0.253987 0.455413 0.251659 0.00503637 0.0112501 0.431666 0.206669 -0.390406 0.4595 1.01332 0.573097 0.122722 0.0995706 0.529228 -0.839311 
0.270131 -0.553353 0.262031 -0.231704 0.366348 -1.0298 -0.0906814 0.264461 -0.338773 -0.104616 0.131848 -0.320416 -0.457464 -0.618002 0.570059 0.0647744 
-0.200704 -0.0936631 0.316248 0.472239 -0.268761 -0.119496 0.328425 -0.214822 -0.302534 -0.359547 0.143268 -0.202088 0.0689878 0.189168 -0.0348336 0.913341 
0.71708 0.156956 0.0740572 0.275726 0.194033 0.210008 0.642162 -0.234806 0.154497 0.69867 -0.218841 -0.247054 -0.585653 -0.14405 -0.548944 0.207303 
0.468761 -0.370494 -0.147718 0.478176 -0.510049 -0.534254 -0.130219 -0.0787997 -0.464603 -0.638911 0.196029 -1.17552 0.108093 -0.215898 -0.278807 -1.27545 
0.0741801 0.0935721 -0.329601 0.346055 0.26528 -0.218587 -0.185597 -0.225476 -0.0163809 -0.304022 0.137839 0.0120937 -0.410222 -0.14675 0.00507201 0.052145 
-0.944543 -0.712501 0.227205 0.476315 0.48902 -0.0115276 -0.420908 0.126533 0.0609354 -0.150928 0.272127 0.248536 0.532018 0.298211 0.419239 -0.412339 
pop 3 layer 3
dims 4 8
0.334832 0.0531542 1.13351 -0.434416 -0.339317 0.577692 -0.503651 -0.569439 
-0.253873 0.467769 0.369412 0.372304 -0.552142 -0.430657 0.473894 0.398023 
-0.0687512 0.324936 0.101407 0.129175 0.780157 -0.331748 -0.01447 0.0328811 
0.135368 -0.11188 0.0592896 -0.22154 -0.131261 0.143922 -0.402631 -0.197559 
pop 4 layer 0
dims 8 5
-0.135958 0.084517 0.24073 0.521774 0.0554138 
0.00875104 0.234774 -0.142077 0.140802 0.356461 
-0.275301 0.0269033 0.0853834 -0.229666 -0.336625 
-0.116416 -0.338088 -0.580128 0.0894364 -0.115207 
0.135739 0.168648 0.533395 0.11327 0.192508 
0.651618 -0.317375 0.759823 -0.205672 0.258591 
0.0064757 -0.0312517 0.60507 0.395633 -0.20481 
-0.00673753 -0.0361169 -0.18564 0.770032 0.485666 
pop 4 layer 1
dims 16 8
-0.286612 -0.511428 -0.114253 0.454853 -0.0669636 0.528909 0.456359 -0.47529 
-0.294354 -0.514761 -0.164173 -0.348093 -0.0529477 0.0400588 -0.208794 0.275117 
0.50797 0.33826 -0.304138 0.216891 -0.815788 0.203968 -1.22227 -0.167436 
-0.661145 -0.375964 -0.663784 0.125653 -0.141275 0.337504 -0.0509157 -0.108923 
-0.366187 -0.0333203 0.00329321 -0.191564 -0.554535 -0.234952 -0.391364 -0.190902 
0.315209 0.0193296 0.0374463 0.118866 0.621237 0.110704 -0.110238 -0.373452 
-0.110572 0.292751 0.34513 0.0446636 0.365302 0.15947 0.462978 0.0143341 
-0.537105 -0.183721 0.210152 0.0735598 -0.223315 -0.172945 0.36439 0.105026 
0.140751 0.125892 -0.987209 0.00161021 0.697039 0.223712 -0.47985 0.594772 
0.557973 0.0192783 0.0406743 -0.564801 -0.428948 -0.798538 0.175818 -1.02922 
0.438218 0.00938751 -0.320937 -0.187399 0.118423 0.393438 -0.430135 0.260559 
-0.00380472 -0.243124 -0.202188 -0.814385 -0.370944 0.15159 0.631028 0.0159149 
-0.0431309 0.505866 -0.0129891 0.213695 -0.603252 0.229644 0.101267 -0.593099 
0.574503 -0.669267 0.496405 0.330912 0.096421 0.37184 -0.427901 -0.479311 
0.459588 0.369321 -0.328723 -0.844137 0.745436 -0.129815 -0.0999014 0.774125 
-0.278442 0.537446 -0.530835 0.141174 0.0880119 -0.552626 0.209798 -0.135983 
pop 4 layer 2
dims 8 16
-0.00400118 -0.035946 -0.331435 -0.145305 0.138393 0.484707 0.188648 0.216128 0.176739 -0.20559 0.17299 -0.168104 0.0133739 -0.61813 -0.47098 -0.0339996 
0.19232 0.14742 -0.0870293 0.78524 0.197771 0.329395 0.553025 -0.0365688 -0.00716466 0.501836 0.522144 0.335606 0.145831 0.190701 0.675693 -0.473426 
0.129546 -0.156991 0.0358413 -0.4415 -0.0898493 -0.503599 -0.307499 0.0690343 -0.272732 -0.340751 0.337647 -0.0455059 -0.299212 -0.222273 0.441012 -0.253819 
-0.296846 -0.098291 -0.066064 -0.135732 -0.140345 -0.00305132 0.478785 -0.236366 -0.258205 -0.23297 0.406693 0.0865014 0.234223 0.743988 0.0132847 0.229579 
-0.143801 -0.0680946 0.423309 0.198529 -0.0732566 -0.244782 0.365088 -0.00340353 0.19643 0.620476 0.060472 0.313541 -0.00851278 0.586135 -0.446572 0.210086 
-0.110072 0.118658 -0.01509 0.314773 0.244818 -0.195964 -0.155905 0.281717 -0.192807 -0.497076 -0.00782021 -0.482859 -0.425958 0.124863 0.00809367 -0.649579 
-0.0215604 -0.0437143 0.122545 0.203515 0.406887 0.105333 -0.0678033 -0.234404 0.581475 0.0674126 -0.00676071 0.109706 -0.192157 -0.490355 0.279967 0.208277 
-0.523942 -0.504807 -0.0654252 0.354236 -0.0210273 0.156888 -0.330574 -0.0116828 0.443405 -0.128061 0.554058 0.000602772 0.669004 0.526637 0.307851 -0.111897 
pop 4 layer 3
dims 4 8
0.295848 -0.0592744 1.22863 -0.43241 -0.195258 0.501423 -0.433075 -0.463663 
-0.252154 0.531643 0.41927 0.501089 -0.644741 -0.410452 0.475748 0.346127 
-0.0650659 0.215802 -0.00602508 0.165052 0.747627 -0.237063 -0.0938845 0.0773508 
0.0347594 -0.0300468 0.114249 -0.100892 -0.150928 0.232673 -0.118805 -0.167083 
pop 5 layer 0
dims 8 5
0.0543147 -0.000459357 0.500139 0.0222213 -0.269518 
0.057401 0.146543 -0.296138 0.202559 0.239749 
-0.104944 0.237202 -0.23201 -0.199857 -0.288619 
-0.0488516 -0.243679 -0.383479 0.207024 -0.415615 
0.339292 -0.234376 0.0424963 0.580375 0.269813 
0.284114 0.0236883 0.657148 -0.0305454 0.495244 
-0.174343 -0.345033 0.262843 0.162291 0.0463889 
0.0199346 0.357141 -0.171603 0.454975 0.114522 
pop 5 layer 1
dims 16 8
-0.353449 -0.237863 0.173433 0.522405 -0.474271 0.504906 0.332766 -0.562003 
-0.346372 -0.15168 0.0591407 -0.506715 0.173948 0.169345 -0.242755 0.208657 
0.173339 0.834856 -0.584188 0.248226 -0.749217 0.52752 -0.970909 -0.127003 
-0.291496 -0.11905 -0.583534 0.050048 -0.122649 0.479201 -0.0258717 -0.190766 
-0.41568 -0.365571 -0.0216952 -0.0582946 -0.327247 -0.00590627 -0.214359 -0.0496519 
0.279943 0.176715 -0.311304 -0.253923 0.502727 -0.21245 -0.0604327 -0.0951242 
0.306426 -0.0173696 0.202803 0.224628 0.610476 -0.00157658 0.344824 0.0791381 
-0.567529 0.0673228 0.471924 -0.501618 -0.102769 -0.633081 0.123903 -0.148277 
0.374383 -0.102334 -0.463046 -0.194906 0.038031 0.354398 -0.168884 0.487543 
0.48651 -0.0882961 0.034155 -0.526589 -0.260132 -0.503075 0.0118233 -1.03511 
0.18568 -0.10135 -0.263538 -0.162559 0.307405 0.593785 -0.482356 0.318707 
-0.127849 -0.0563934 -0.225315 -0.672889 -0.275106 0.173765 0.584933 0.214817 
-0.110887 0.177034 0.11854 0.0482247 -0.269312 -0.126819 -0.0659034 -0.410488 
0.340501 -0.443913 0.261685 -0.147264 -0.111083 0.461253 -0.25891 -0.178074 
0.577369 0.384925 -0.120307 -0.598625 0.619888 -0.0902822 -0.296824 0.508323 
-0.283481 0.379907 -0.887389 -0.064916 0.240286 -0.51696 0.0257757 -0.338265 
pop 5 layer 2
dims 8 16
-0.100959 -0.273081 -0.328115 -0.371977 0.412099 0.615564 0.493512 0.189114 0.0490824 -0.130936 0.331844 0.0532486 -0.16128 -0.408146 -0.442202 -0.158609 
0.367929 0.34831 -0.147379 0.663533 0.00157026 0.228848 0.416486 -0.117645 -0.0662275 0.535726 0.217188 0.45489 0.114425 0.389861 0.470412 -0.409886 
-0.206333 -0.0550658 -0.018447 -0.257255 0.260576 -0.311451 -0.337074 -0.0325138 0.0212716 -0.240691 0.219647 0.129175 -0.00319972 -0.390912 0.564785 -0.261596 
-0.386363 0.0733407 -0.114276 -0.0361286 -0.172649 0.000740801 0.404586 -0.406677 -0.138503 -0.0834788 -0.0114054 0.0334669 0.332675 0.57017 -0.0130497 0.32383 
0.0167538 -0.159455 0.567913 0.382965 -0.130621 -0.170966 0.330205 -0.151373 0.0241407 0.473498 0.0483942 -0.196885 0.180794 0.515117 -0.0233574 0.175286 
0.0766814 -0.146216 -0.253673 0.425211 -0.219604 0.11303 -0.24497 0.445436 -0.40959 -0.433299 0.307487 -0.590451 -0.159395 0.0756397 -0.304164 -0.477177 
-0.100352 -0.0710696 0.308801 0.168217 0.290498 0.201957 0.181242 -0.408226 0.329428 -0.142824 -0.0681935 -0.180645 -0.19453 -0.237709 0.332634 0.0594744 
-0.676158 -0.644888 -0.409125 0.324301 0.228376 0.40245 -0.261032 -0.126925 0.17639 -0.0936386 0.44128 0.119307 0.394155 0.541081 0.19189 -0.172207 
pop 5 layer 3
dims 4 8
0.48665 0.0240888 0.510198 -0.62873 -0.0816652 0.695455 -0.167326 -0.642167 
-0.0354485 0.43094 0.424926 0.0922786 0.0643907 -0.191251 0.395519 0.132883 
-0.0782193 0.254415 0.258684 -0.237453 0.679812 -0.00030188 0.31881 0.0913243 
-0.0665739 -0.200149 0.217205 -0.151667 -0.33891 -0.085569 -0.171521 -0.0438413 
pop 6 layer 0
dims 8 5
-0.170795 0.115553 0.342624 0.620748 -0.220776 
0.0178681 0.289128 -0.201928 0.0282976 0.333586 
-0.194721 0.138028 0.118757 -0.158768 -0.259348 
-0.119878 -0.206205 -0.657193 0.221743 -0.299395 
-0.105519 0.195741 0.559034 0.230182 0.224869 
0.614211 -0.240059 0.700899 -0.203513 0.482774 
-0.0198706 -0.186322 0.5151 0.484813 -0.312762 
-0.0253858 0.0318568 -0.12787 0.590143 0.224358 
pop 6 layer 1
dims 16 8
-0.194091 -0.198971 0.193682 0.587318 -0.507326 0.353941 0.230024 -0.337537 
-0.441207 -0.260116 0.0219155 -0.237257 0.302397 0.361266 -0.183037 -0.162259 
0.210322 0.619579 -0.382759 0.189117 -0.406408 0.607184 -0.804299 -0.0279271 
-0.152973 -0.213874 -0.538434 0.120088 -0.245393 0.639453 -0.109294 -0.26873 
-0.207637 -0.472946 -0.187324 0.0687554 -0.495827 -0.184794 -0.186903 -0.0881041 
-0.011168 0.328689 -0.38247 -0.239294 0.59207 -0.191779 -0.20961 -0.209067 
0.386392 0.202621 0.0996487 0.29228 0.77372 -0.121714 0.38312 -0.118806 
-0.783819 0.0819293 0.39325 -0.545528 -0.331853 -0.394947 0.251059 -0.0854123 
0.290138 -0.154739 -0.526255 -0.0491548 0.0785747 0.318298 -0.268487 0.555617 
0.548924 0.105369 -0.0799255 -0.42786 -0.259145 -0.640836 0.071196 -1.01814 
0.249989 0.060066 -0.13656 -0.185279 0.355494 0.472454 -0.198457 0.201189 
-0.0755294 -0.134871 -0.345996 -0.652138 -0.307695 0.27939 0.754025 -0.0848783 
-0.34217 0.232987 0.121074 0.101121 -0.214173 -0.366585 0.0700708 -0.3071 
0.45335 -0.254429 0.236832 -0.194429 -0.0359909 0.42657 -0.292486 -0.13897 
0.38044 0.360263 -0.101125 -0.464221 0.747132 -0.0505039 -0.177051 0.597018 
-0.396384 0.250544 -0.831018 -0.126932 0.213236 -0.609371 0.247381 -0.363251 
pop 6 layer 2
dims 8 16
0.0247736 -0.0688817 -0.260938 -0.150681 0.197745 0.615704 0.281622 0.129705 0.0894425 -0.137209 0.143492 -0.0390554 -0.0506009 -0.711305 -0.396078 0.011465 
0.218152 0.123452 -0.309974 0.670154 0.248681 0.297175 0.563939 0.063326 0.0427298 0.656359 0.347291 0.499101 -0.00245062 0.252569 0.618912 -0.550997 
0.169965 -0.230919 0.0334545 -0.37601 0.027126 -0.394096 -0.333416 -0.114279 -0.211145 -0.328948 0.323725 0.137946 -0.161294 -0.287875 0.491307 -0.253503 
-0.355734 -0.0408159 -0.0083242 0.0294598 -0.228427 0.0811882 0.488278 -0.245087 -0.246156 -0.31688 0.178293 -0.00506439 0.2703 0.730224 0.110919 0.491798 
-0.000325291 -0.0523012 0.561191 0.164262 0.00265779 -0.222495 0.356591 -0.290635 0.187296 0.623381 0.0654253 0.293168 0.0960004 0.406259 -0.240705 0.271147 
-0.0769667 -0.0202383 -0.130057 0.42202 -0.0972156 -0.0876756 -0.223817 0.193078 -0.39471 -0.577002 0.094023 -0.625808 -0.317163 0.197075 -0.152927 -0.624319 
-0.0845437 -0.0612868 0.205482 0.112359 0.449596 -0.0579195 -0.138599 -0.364329 0.504362 0.0318984 -0.143479 0.00460769 -0.252322 -0.384217 0.590572 0.184825 
-0.564943 -0.520038 -0.123036 0.420056 0.157284 0.15649 -0.210937 0.230113 0.38235 0.0350132 0.639751 -0.0566919 0.632972 0.665658 0.293083 -0.160274 
pop 6 layer 3
dims 4 8
0.470252 0.0357202 0.516548 -0.682828 -0.243008 0.558407 -0.176931 -0.47981 
-0.15762 0.38918 0.522967 0.229901 0.0037251 0.0980739 0.297455 0.121823 
-0.0197487 0.147629 -0.046063 -0.262489 0.731455 -0.210966 -0.00494703 -0.0740376 
-0.0254511 0.0765011 0.0432485 -0.348529 -0.257504 0.0488115 -0.153819 -0.0980645 
pop 7 layer 0
dims 8 5
-0.28059 0.0843965 0.624502 0.442774 -0.0653514 
-0.0306767 0.0228012 -0.314448 0.0237902 0.558716 
-0.315524 -0.0413913 -0.198864 0.0462396 -0.24539 
0.135122 0.0213009 -0.559454 0.192695 -0.0537475 
0.013527 -0.11112 0.407344 0.209732 0.333994 
0.595107 -0.186119 0.647304 -0.290504 0.255015 
-0.0482785 -0.188811 0.608342 0.370061 -0.108947 
-0.11128 0.388566 -0.109537 0.739798 0.0143377 
pop 7 layer 1
dims 16 8
-0.385292 -0.306086 0.319771 0.315878 -0.296682 0.406842 0.225215 -0.244034 
-0.410459 -0.10406 0.000279983 -0.210036 0.414554 0.318583 -0.0385082 -0.00782313 
0.0598046 0.648573 -0.322823 0.109424 -0.33593 0.467729 -0.648097 0.083134 
-0.141311 -0.17582 -0.627074 0.11934 -0.0726984 0.690815 -0.130996 -0.290041 
-0.280489 -0.397406 -0.0117725 0.124658 -0.425857 -0.222568 -0.156477 -0.0591519 
-0.0081354 0.357456 -0.240708 -0.210319 0.555942 -0.167276 -0.182071 -0.265146 
0.489934 0.15196 -0.000998113 0.49043 0.699887 -0.277752 0.222361 -0.232891 
-0.751526 -0.0163083 0.527087 -0.444095 -0.394297 -0.271156 0.439993 0.0244603 
0.339254 -0.0933187 -0.482804 -0.098535 0.0976597 0.342295 -0.317506 0.350964 
0.543907 0.111557 -0.0557216 -0.446465 -0.085301 -0.535971 0.0965263 -0.918962 
0.201901 0.173737 -0.30043 0.115944 0.419503 0.450944 -0.0505534 0.248693 
-0.423403 -0.163906 -0.335606 -0.654234 -0.420101 0.176608 0.628906 -0.215366 
-0.238144 0.436844 0.159137 0.0716729 -0.296079 -0.264627 -0.0573057 -0.364521 
0.29236 -0.00559666 0.192431 0.0186111 -0.107907 0.375903 -0.0893548 -0.21535 
0.264903 0.429929 -0.0607833 -0.398038 0.707948 -0.146414 0.0456929 0.428406 
-0.271191 0.264303 -0.609219 0.0212087 0.131943 -0.581498 0.286403 -0.462385 
pop 7 layer 2
dims 8 16
-0.0241636 -0.129195 -0.211955 -0.247268 0.0928043 0.602566 0.112944 0.00623009 0.213052 -0.257095 0.20382 0.0387749 -0.0271419 -0.813137 -0.47014 -0.00685518 
0.177975 0.132311 -0.17843 0.553238 0.37992 0.329456 0.563906 0.0440294 0.341921 0.759608 0.313315 0.423943 0.110485 0.20795 0.660436 -0.581247 
0.109246 0.00119564 0.072674 -0.36229 -0.0350149 -0.400122 -0.440331 -0.103166 -0.00794384 -0.213672 0.405971 0.108757 -0.149475 -0.15508 0.36858 -0.220214 
-0.336082 -0.0611744 0.118916 0.0751877 -0.221974 0.198065 0.608516 -0.28291 -0.255647 -0.237295 0.124721 0.0543145 0.37361 0.54506 0.187315 0.518483 
0.102957 -0.0686496 0.355468 0.151021 -0.0751813 -0.0347593 0.34407 -0.216937 0.0297406 0.654807 0.139386 0.335074 -0.10374 0.381757 -0.232673 0.108376 
-0.163193 0.0141433 -0.153687 0.480266 -0.177737 0.162425 -0.109933 0.110407 -0.318655 -0.388228 0.0904805 -0.587833 -0.394632 0.119407 -0.186833 -0.560122 
-0.108729 -0.197835 0.0944848 0.0930425 0.421434 0.000950263 -0.240985 -0.258409 0.537277 0.0417339 -0.305186 0.198262 -0.133905 -0.240415 0.58227 0.239251 
-0.535399 -0.390518 -0.0111925 0.414991 0.175153 0.049913 -0.065202 0.240143 0.254065 0.244019 0.512742 0.0806752 0.502193 0.630847 0.358306 -0.09911 
pop 7 layer 3
dims 4 8
0.536785 -0.0710902 0.546825 -0.726093 -0.156994 0.559376 -0.0718301 -0.622817 
-0.104127 0.370023 0.415263 0.206181 -0.0270075 0.289219 0.113873 0.0105683 
-0.101327 0.109508 0.0615218 -0.234695 0.526256 -0.262 -0.092084 -0.0602044 
-0.00213231 0.170374 0.0966423 -0.376615 -0.20446 -0.0504227 0.0606886 -0.209088 
pop 8 layer 0
dims 8 5
-0.0682213 0.0694671 0.650944 0.2859 -0.0925428 
-0.0900646 0.086503 -0.376621 0.171707 0.385729 
-0.126752 0.249165 0.0752907 -0.263964 -0.27346 
0.0851112 -0.318023 -0.635862 0.0782717 -0.295848 
0.133169 -0.342504 0.279658 0.435783 0.480941 
0.665104 0.0328633 0.922494 -0.227086 0.57054 
0.0373633 -0.411485 0.353478 0.364902 -0.0955181 
-0.262568 0.418204 0.0642678 0.407984 0.0326224 
pop 8 layer 1
dims 16 8
-0.268101 -0.230031 0.115516 0.546261 -0.505846 0.400181 0.348382 -0.581328 
-0.374974 -0.217722 -0.0148612 -0.363427 0.0962283 0.35343 -0.278705 -0.0168081 
0.162394 0.648535 -0.465182 0.348127 -0.53845 0.615019 -1.01334 -0.187541 
-0.258246 -0.249786 -0.65216 0.0422724 -0.218831 0.574308 -0.0483683 -0.170631 
-0.324154 -0.34309 -0.0599439 0.00381672 -0.353372 -0.0227671 -0.223504 -0.0752217 
0.216011 0.232694 -0.355037 -0.0930447 0.713143 -0.180388 -0.0935047 -0.243145 
0.366852 0.110268 0.208506 0.219622 0.642437 -0.0353241 0.434684 -0.056989 
-0.794024 0.150948 0.33665 -0.393757 -0.428562 -0.563848 0.275189 -0.0688475 
0.246154 -0.176006 -0.689629 -0.242869 0.200515 0.39101 -0.170498 0.542201 
0.588484 0.0649782 0.10013 -0.68219 -0.370748 -0.593268 -0.00928513 -1.00875 
0.18504 0.00991706 -0.132721 -0.072629 0.425861 0.495521 -0.332721 0.330082 
-0.0448508 -0.109223 -0.327965 -0.644392 -0.225266 0.34754 0.675856 0.0550066 
-0.205812 0.192582 0.258292 0.00439456 -0.335594 -0.2587 -0.124453 -0.358884 
0.48621 -0.458026 0.304068 -0.0931919 0.0172536 0.438421 -0.438182 -0.219548 
0.618034 0.598496 -0.204345 -0.538503 0.748057 -0.0906081 -0.191664 0.573201 
-0.471676 0.382724 -0.75881 -0.15118 0.0530896 -0.673451 0.0550883 -0.380762 
pop 8 layer 2
dims 8 16
-0.0873155 -0.0465831 -0.434317 -0.261165 0.381627 0.531687 0.394738 0.126069 0.187582 -0.084714 0.339131 0.150526 -0.139694 -0.562479 -0.52155 0.0511578 
0.44387 0.253479 -0.268533 0.918448 -0.0484211 0.341616 0.352947 -0.215043 -0.0134787 0.631792 0.333903 0.480839 0.0885659 0.436163 0.516583 -0.674604 
0.095306 -0.260369 0.0311412 -0.243992 0.219419 -0.41094 -0.184948 -0.109041 -0.0591543 -0.270363 0.292647 0.172757 -0.151795 -0.0575146 0.342654 -0.242736 
-0.52519 0.126986 0.0382626 -0.0851622 -0.22924 0.0108639 0.418314 -0.359842 -0.282293 -0.197629 0.171764 0.046233 0.383964 0.664158 -0.0589338 0.469567 
-0.152646 -0.0882756 0.55615 0.247063 -0.133952 -0.266496 0.380006 -0.30455 0.311958 0.668671 -0.0873543 -0.0787306 0.0981609 0.418866 -0.0875581 0.163791 
0.0133355 -0.0940334 -0.147675 0.478601 -0.107076 -0.0298993 -0.373032 0.25691 -0.423283 -0.609813 0.0669095 -0.806553 -0.135205 0.280457 -0.165594 -0.57735 
-0.0042782 -0.105571 0.2343 0.131711 0.28788 0.144642 -0.009033 -0.463796 0.25248 -0.142732 -0.0925083 -0.0492244 -0.148651 -0.251305 0.535829 0.00775448 
-0.522389 -0.617497 -0.31394 0.245582 0.20671 0.581812 -0.195558 -0.0804895 0.244723 0.0564454 0.582228 0.148737 0.460807 0.584132 0.275656 -0.176359 
pop 8 layer 3
dims 4 8
0.589041 0.0104233 0.638702 -0.659814 -0.108708 0.576329 -0.0820131 -0.600979 
-0.00813155 0.36641 0.457666 0.263419 -0.0842108 -0.0663766 0.388784 0.199653 
0.0525365 0.296556 0.110043 -0.249879 0.803988 -0.174256 0.118293 -0.0481663 
-0.0279341 -0.158301 0.157998 -0.188996 -0.296465 -0.0774486 -0.201032 -0.15382 
pop 9 layer 0
dims 8 5
-0.12084 0.117099 0.615616 0.179108 -0.141746 
-0.175543 -0.176851 -0.410365 0.000156429 0.366453 
-0.0616213 0.308727 -0.0457692 -0.343303 -0.114225 
0.0142629 -0.391728 -0.382714 0.132159 -0.268427 
0.305385 -0.0902744 -0.00349604 0.732341 0.249386 
0.164874 -0.154881 0.585332 0.0199203 0.422414 
-0.0146033 -0.247952 0.241092 0.0977695 0.145831 
-0.272108 0.441538 0.0204522 0.604935 -0.0183356 
pop 9 layer 1
dims 16 8
-0.220011 -0.111523 0.126755 0.455566 -0.334222 0.411688 0.50271 -0.597222 
-0.141835 -0.281724 0.0232464 -0.316881 -0.154501 0.362071 -0.0362244 -0.14693 
0.266561 0.553386 -0.106357 0.616609 -0.297432 0.286016 -0.84264 -0.397598 
-0.0952368 -0.148537 -0.223052 0.055302 -0.120508 0.510638 0.177855 0.119888 
-0.392207 -0.15821 -0.182358 -0.136649 -0.130396 -0.084816 0.00675609 -0.0918088 
-0.198764 0.168136 -0.331502 -0.182758 0.571848 -0.399843 0.349131 0.13209 
0.318865 0.0137839 0.0220239 0.111845 0.555893 0.00770446 0.178785 0.0455577 
-0.457693 0.0825906 0.528454 -0.200136 -0.332832 -0.35438 0.233148 0.0981054 
0.0657791 0.235963 -0.362459 -0.517192 0.0380374 0.387745 -0.198869 0.548391 
0.523441 -0.110506 0.102174 -0.576507 -0.517076 -0.484792 -0.0804261 -0.649254 
0.29885 -0.00969124 -0.256714 -0.148528 0.306871 0.483923 -0.0735334 0.509027 
-0.159398 -0.0230681 -0.151632 -0.298749 -0.16637 0.341693 0.577874 0.253794 
-0.120489 -0.0600987 0.136515 -0.222511 -0.0226537 -0.11908 0.0954037 -0.382956 
0.44076 -0.202118 0.400484 -0.0227129 0.111061 0.287695 -0.348554 0.0680631 
0.485148 0.579707 -0.0459467 -0.525644 0.5601 -0.00846753 -0.0137072 0.37252 
-0.138967 0.172258 -0.528605 -0.304741 0.0601989 -0.766188 -0.141927 -0.318257 
pop 9 layer 2
dims 8 16
-0.114618 -0.174175 -0.143532 -0.30897 -0.0110061 0.744637 0.0925299 -0.0434133 0.150064 -0.0921454 -0.000188029 0.0703109 0.177328 -0.810113 -0.611139 -0.000647748 
0.131177 -0.0149973 -0.382521 0.523564 0.345151 0.342035 0.591391 0.175467 0.211999 0.633685 0.195654 0.248956 0.186922 0.172253 0.630646 -0.506604 
0.135488 0.0935713 0.041974 -0.277144 0.0441707 -0.248833 -0.351954 -0.0917532 0.0799925 -0.247704 0.446176 -0.0219222 -0.0939562 -0.184349 0.313993 -0.284133 
-0.259714 -0.0680074 0.142572 -0.087438 -0.265212 0.15862 0.379392 -0.305951 -0.329202 -0.218593 0.0634336 0.0265427 0.581324 0.386521 0.0845566 0.466802 
0.23437 -0.0477193 0.28643 0.234718 0.0322716 -0.111576 0.282529 -0.199683 0.177982 0.694074 0.15361 0.250765 -0.235975 0.308702 -0.377189 0.0651674 
-0.208877 0.036875 0.0157351 0.506516 -0.0944931 0.0258324 -0.0655558 0.0692249 -0.114737 -0.282855 0.0668773 -0.540541 -0.235264 0.184533 -0.0333682 -0.309501 
-0.16829 -0.182878 0.0560952 0.324223 0.347897 -0.00756262 -0.245258 -0.186766 0.437462 0.168755 -0.279676 0.0965745 -0.140993 -0.246558 0.553996 0.145772 
-0.71378 -0.228893 -0.0600003 0.277577 0.316848 0.0161826 -0.00857608 0.0111077 0.199073 0.213578 0.496698 0.100827 0.447913 0.501593 0.176323 0.13075 
pop 9 layer 3
dims 4 8
0.31284 -0.0670062 0.54426 -0.63191 -0.237413 0.452311 -0.233151 -0.513893 
-0.195417 0.469801 0.414501 0.104475 -0.106231 0.199775 0.270903 -0.0437948 
-0.137036 0.156886 0.0517794 -0.224963 0.612545 -0.172824 -0.121264 -0.0919838 
0.0450038 0.10056 0.031935 -0.425278 -0.0714977 0.0359965 0.0982625 -0.277923 
vWeights_end
generator 852237686 1667431603 12886098 3393836158 3958851998 3065414815 1849593578 4245848857 3857743274 3957348808 2573813629 1342810410 4166051451 3749647556 2303944831 1707854641 3021283077 866402145 4093817412 1533102982 908815175 3428813330 2788315569 3890358324 2151252879 3579241163 384030774 3678379480 2676725926 61956475 3317107635 1888756780 2362511287 4192799352 754365609 1487410310 56231820 1509956346 1806596435 1969136888 449384788 3613136797 3703843514 918040670 1638259470 2562118176 2173151096 3483934742 2666900684 97391608 699040462 576558233 3704899722 4286025197 2760818327 2671759846 2369155814 1098689756 4278882577 963991917 2844784224 2123839762 4157193302 1544206821 2460221808 3988136742 1945757391 2970353649 1738982321 3237635751 3747176381 3190339422 3396281362 1339587938 2800295356 2042608989 1078810377 446690988 3730184918 1201260994 3321601544 3487505504 4069178719 2123275324 1970999255 3447431840 4285632219 2747654232 2245928404 705865802 894333729 3691203072 3983552273 275885654 1200692708 3862551654 373977553 3844035252 1539477282 3607614212 203507273 3187702248 1085266424 2233764754 843056795 3565359865 477629126 1118500054 2616850872 1926557230 550357626 468666715 3635759311 1840321274 1696102371 925704632 2326833878 1671558251 896290774 1630204681 3626008549 1692147163 2231105376 453611909 2161254573 3979649725 391042028 464798150 4006854633 3465624093 589554846 4212396777 2132737890 407172470 2911216340 1696008362 1772153424 1302266708 3667485884 890422246 339314471 3533988436 95031921 1884623113 3339125395 753681803 3510455009 2002995498 1782650133 2215634573 1445543311 3083599839 3555948122 2221039432 13813480 2716023403 2891575479 3433277718 3577175260 2745483306 1626343360 434586929 1236807614 804842699 169792870 3837253293 3171757488 2575640824 589082788 3150253674 2981718375 3938481627 3077661171 675811027 213902632 25276689 922701017 3573955554 3910847186 2640515649 1005761491 1457263758 1455638115 1072256375 1193342269 119801353 417301740 834928860 392706988 2150012183 2776149094 1809922113 303146062 3168886939 11252577 877735279 3828175432 231826765 948353733 3668322253 1356561441 3338987871 2186313240 145944053 506245064 2440951998 1555910058 2261830614 3048403335 3964931413 932582226 3628768718 2929390778 113481430 855654762 3294914192 986875137 4190605428 2328686112 4055728552 1023626912 3074580185 93284552 2407021899 3539380218 2876218979 672797169 2477615526 4165587636 1289024586 251303123 1588858464 1864757605 3814395336 1946835367 1764735637 3971734657 725026607 910973391 3559725918 1821190355 3090660091 2284087414 3382589066 1439542014 3256032463 3518283529 1044476179 2518650073 2650822198 3654119918 3009646746 3399801826 393693356 3049734594 586770729 2167186080 4091380728 1387077857 1386928594 2097249852 1318600487 1732356519 1549361058 1021580774 93223048 3713509571 617157508 406969734 2462597191 2539106227 2262791217 1588226002 552194209 71306709 624648939 1331885244 1573411896 1999951097 1027065628 161490421 2925131535 741223160 3066841108 1374474949 1734669589 680623237 3327075173 2202461584 1257394510 598161378 1347024928 4106256900 1886477557 3312762925 2116117801 2988058271 912837366 887807286 13603750 2847682004 2895762052 3494179846 1975290219 1567978631 1171291161 664417921 1972954967 3239517195 625239624 216232646 3373744931 1213964736 3638104921 1553255121 4079954839 275978463 2015899814 317688957 2202032562 599077952 1453677450 3846073636 2224016138 3499841032 706394531 3092400835 955975410 4213547451 3866460106 734184824 3202197522 583372306 3939919736 3819766272 2679397027 903108997 1011590588 1803972333 592155842 2289672755 4273776762 1888258472 3655154921 82665519 235799254 4011563128 2591076439 1171110142 1731935370 3525679001 39507231 459270641 4180168608 1621401185 1245692507 220176357 758401841 1262581324 1602822915 3293088469 2439041359 645069761 3933584484 3425822886 3528056162 4189329250 2193004065 519827633 3474241588 2771390918 954007133 2222035705 1403690512 2994609685 488985725 1618266049 1968880926 771393448 3405301268 361957432 1345514605 3508008039 2662287885 2280616901 3981700800 670782867 85127306 3718499293 1036029327 1130166397 208784034 851640605 3308592368 1634605462 1992819804 3312584413 1263561823 3614011941 976955248 921414592 3142535928 4130606824 1453770302 1763780827 923995546 2644768723 3797164272 3326354509 3193447729 2879150433 3833524147 779494787 91487486 3564849258 4126162616 3811550636 344350000 2008417704 3495761486 934189310 3413537200 2831319068 1259403495 321478833 3520781289 1863929856 2334241131 3946506925 2812873601 1265856433 2623961798 2338765660 1385404891 3671359725 2285557295 537966705 3361093996 1195109620 592515307 4045180748 3309334978 2547930563 577708968 2794543895 3182627683 936240642 2547923861 3137392498 3490234332 3819873126 2529853451 1909120243 3350449015 1076481160 4137667104 447009226 626718299 2282264343 2339894975 3226769698 2228121769 2621970270 3877037654 3363625612 1889793554 2328704082 3696418178 844759604 1756648502 2228869076 2308090005 2953399693 3911616179 1984415519 2386064042 1347059264 819744155 2312243169 2952128760 575535213 259661218 813182308 1619941368 731128799 3733512075 3493029970 3980924470 1012026022 2716407065 2033116648 205373606 328757102 551256251 2385278415 3971591441 2397037631 2525107491 2612442526 211295020 3091775579 2488246749 1000277048 212587598 1542693235 1344781957 892530165 3997649651 3480621769 4150005921 1903123036 3471205348 589178163 696140337 2853705170 1143359817 3833677904 3350661906 2497639048 300080237 2566844884 3505153258 2906510774 2535530976 503795006 3518639655 2864143901 2631791001 3562576370 928873262 4278675898 2470221009 1497100621 566418151 2328026684 2203140987 3719770698 3625833919 1583426957 769742465 4147010029 3407912160 1464540995 3595439385 1111661141 954102606 3278766413 3779858524 74745312 2316758139 2664125368 3561174343 4182753113 562851423 806754924 538843612 1510039468 178465334 2606139148 475922951 4042704753 3899398759 544184948 642467107 3125773283 4262529188 2244336696 4245938222 578871544 2771830266 881596849 3634778399 928171158 528252318 2216393350 3802213436 1701161202 1429090309 208448874 2427469103 1232343999 302110039 2899685358 658690156 4036697673 4227829577 1910888507 3748321652 1085264579 3601013695 884726392 2471648523 11448472 3033986734 960487137 1688358969 331730416 1306112861 1987109563 1249230684 1480018462 182545399 1574754120 4238034167 623547569 1654946770 793616573 498294406 2018306410 4151207875 2490140727 3117200958 2286577820 1303269630 3544042010 3364215632 384500868 2159286399 3291790453 3095140340 2483286490 1424423604 3163198209 3692300390
