sName lunar_lander
version 1
nEpochs 400
nPopSize 100
nTop 10
act 1
populationStrategy 2
randomInjectionRatio 0.35
nLayers 5
vSize 5 8 16 8 4 
vBiases_start
pop 0 layer 0
dims 8 1
0.12403 
-0.038497 
0.113409 
0.398441 
-0.119867 
-0.284133 
0.163172 
0.555296 
pop 0 layer 1
dims 16 1
0.128466 
-0.113982 
0.136497 
0.80854 
0.301897 
-0.148903 
-0.24192 
-0.355633 
1.0099 
0.0710855 
0.0390006 
0.552465 
-0.171639 
0.0832583 
0.108181 
-0.648406 
pop 0 layer 2
dims 8 1
-0.178032 
-0.338354 
-0.350575 
0.316942 
-0.0624053 
0.263521 
-0.162975 
-0.0224316 
pop 0 layer 3
dims 4 1
0.149291 
0.186328 
0.064783 
0.382227 
pop 1 layer 0
dims 8 1
0.311512 
0.135082 
0.158941 
0.347283 
-0.168235 
-0.298928 
0.0533348 
0.393388 
pop 1 layer 1
dims 16 1
0.125401 
-0.174791 
0.261023 
0.820064 
0.116088 
-0.0349677 
-0.295085 
-0.216182 
0.617305 
-0.396094 
0.029196 
0.323311 
-0.178192 
0.0372631 
0.110096 
-0.37704 
pop 1 layer 2
dims 8 1
-0.136139 
-0.339749 
-0.366234 
0.201525 
-0.0694771 
0.223374 
-0.0715055 
0.0350557 
pop 1 layer 3
dims 4 1
0.0814881 
0.0860809 
0.303733 
0.335088 
pop 2 layer 0
dims 8 1
0.399792 
0.278453 
0.344254 
0.425588 
-0.450771 
-0.226591 
0.348305 
0.331393 
pop 2 layer 1
dims 16 1
0.0514233 
0.145181 
0.30128 
0.631701 
0.431039 
0.0412368 
-0.323007 
-0.590202 
1.11028 
0.471608 
0.253145 
0.486934 
-0.392622 
0.128389 
0.249342 
-0.723415 
pop 2 layer 2
dims 8 1
-0.080237 
-0.468364 
-0.826609 
0.493596 
-0.0950869 
0.0177116 
0.115735 
0.627276 
pop 2 layer 3
dims 4 1
0.259198 
0.259532 
0.228424 
0.630375 
pop 3 layer 0
dims 8 1
0.512081 
0.150926 
0.423007 
0.0178462 
-0.206471 
-0.353224 
0.254332 
0.0795251 
pop 3 layer 1
dims 16 1
0.120304 
-0.0484341 
0.36115 
0.85013 
0.172651 
0.126724 
-0.24832 
-0.340005 
0.921646 
-0.227733 
0.299546 
0.414858 
-0.124135 
-0.156664 
0.290547 
-0.549205 
pop 3 layer 2
dims 8 1
-0.229304 
-0.304575 
-0.406475 
0.279147 
-0.15055 
0.252807 
-0.0692034 
0.129684 
pop 3 layer 3
dims 4 1
0.225552 
0.0283989 
0.273423 
0.418271 
pop 4 layer 0
dims 8 1
0.326053 
0.224373 
0.4051 
0.197729 
-0.49462 
-0.164912 
0.135177 
0.167924 
pop 4 layer 1
dims 16 1
-0.0330112 
-0.176438 
0.336109 
0.692597 
0.15915 
-0.024191 
-0.0695946 
-0.211213 
0.656828 
-0.178122 
0.448024 
0.209373 
0.0158586 
-0.1097 
0.215153 
-0.462875 
pop 4 layer 2
dims 8 1
-0.129805 
-0.284328 
-0.338566 
0.300026 
0.0169575 
0.317741 
-0.0683226 
0.213479 
pop 4 layer 3
dims 4 1
0.116083 
-0.0573536 
0.19747 
0.319025 
pop 5 layer 0
dims 8 1
0.224446 
0.0967849 
0.0680886 
0.373842 
-0.0601394 
-0.178597 
0.0634118 
0.4549 
pop 5 layer 1
dims 16 1
0.0536743 
-0.18355 
0.318486 
1.02418 
0.227932 
-0.0362889 
-0.480178 
-0.412997 
1.04711 
-0.343948 
0.212617 
0.342631 
-0.221757 
-0.203412 
0.125559 
-0.528017 
pop 5 layer 2
dims 8 1
-0.43484 
-0.278072 
-0.378351 
0.0367488 
-0.258639 
0.281225 
0.15278 
0.209608 
pop 5 layer 3
dims 4 1
0.127518 
0.13438 
0.195254 
0.344458 
pop 6 layer 0
dims 8 1
0.267004 
-0.114601 
0.155482 
0.347715 
-0.196946 
-0.00917027 
0.200066 
0.283083 
pop 6 layer 1
dims 16 1
-0.155322 
0.18495 
0.386014 
0.808572 
0.333356 
0.0752111 
0.0374598 
0.122047 
0.859477 
0.522134 
0.209936 
0.613047 
-0.12728 
0.399198 
-0.0262696 
-0.854876 
pop 6 layer 2
dims 8 1
0.0810117 
-0.160079 
-0.86329 
0.363472 
0.0728287 
0.0295654 
-0.0945427 
0.563903 
pop 6 layer 3
dims 4 1
0.466121 
0.02832 
0.401989 
0.483592 
pop 7 layer 0
dims 8 1
0.425683 
0.254103 
0.387157 
0.511976 
-0.193834 
-0.275104 
0.175683 
0.372685 
pop 7 layer 1
dims 16 1
0.114709 
-0.110423 
0.31182 
0.936332 
0.198705 
0.0398948 
-0.286531 
-0.455804 
0.945821 
-0.210519 
0.188594 
0.471209 
-0.251574 
-0.0691613 
0.0914274 
-0.485242 
pop 7 layer 2
dims 8 1
-0.404446 
-0.196843 
-0.358883 
0.124571 
-0.198796 
0.296884 
0.147579 
0.098554 
pop 7 layer 3
dims 4 1
0.139104 
0.0543736 
0.191873 
0.47761 
pop 8 layer 0
dims 8 1
0.331704 
0.380928 
0.480467 
0.383679 
-0.215912 
-0.192954 
0.0962338 
0.0868454 
pop 8 layer 1
dims 16 1
0.214888 
0.0913419 
0.482706 
0.519356 
0.42197 
0.110965 
-0.348107 
-0.211078 
0.903314 
0.580796 
0.269998 
0.202135 
-0.50065 
0.0920448 
0.473293 
-0.838632 
pop 8 layer 2
dims 8 1
-0.0508377 
-0.412657 
-0.943346 
0.403258 
-0.22346 
-0.0347443 
0.0626421 
0.51497 
pop 8 layer 3
dims 4 1
0.391285 
0.146407 
0.179736 
0.637964 
pop 9 layer 0
dims 8 1
0.048067 
-0.0492103 
0.119043 
0.157279 
-0.00952781 
-0.0832819 
0.0841062 
0.360908 
pop 9 layer 1
dims 16 1
0.0503949 
-0.138592 
0.177126 
1.05251 
0.151847 
0.11788 
-0.185783 
-0.300358 
0.825063 
-0.258513 
0.307059 
0.221627 
-0.268585 
0.000621983 
0.327024 
-0.248898 
pop 9 layer 2
dims 8 1
-0.0797601 
-0.228915 
-0.378271 
0.318941 
-0.0617197 
0.254388 
-0.126735 
-0.100597 
pop 9 layer 3
dims 4 1
0.154636 
0.211202 
0.301512 
0.53761 
vBiases_end
vWeights_start
pop 0 layer 0
dims 8 5
-0.0431116 0.104022 0.704188 0.181546 -0.112108 
-0.0586246 -0.078895 -0.469554 0.0952757 0.483567 
-0.187094 0.295687 0.0286896 -0.242962 -0.161595 
0.137349 -0.351635 -0.302395 0.113864 -0.102485 
0.198005 -0.274644 -0.189724 0.497657 0.301306 
0.158246 0.0462141 0.743008 -0.0933773 0.424319 
0.0351468 -0.406154 0.142242 0.120675 -0.0187917 
-0.208165 0.296886 0.0575985 0.576789 0.150722 
pop 0 layer 1
dims 16 8
-0.346608 -0.425353 -0.0810393 0.525536 -0.37013 0.436476 0.566185 -0.33865 
-0.588629 -0.167582 0.0111687 -0.487713 0.0326797 -0.135474 -0.156521 0.296242 
0.242679 0.512744 -0.364691 0.352514 -0.575187 0.281221 -1.18834 -0.351459 
-0.426667 -0.252343 -0.701664 -0.00367095 0.0769985 0.244547 -0.222854 -0.398143 
-0.375302 -0.130505 -0.119797 -0.0790955 -0.106034 0.171682 -0.203564 -0.0558968 
0.312099 0.0599828 -0.0595904 -0.0413914 0.452282 -0.345996 0.0133709 -0.28528 
0.364981 0.48969 0.162514 -0.0299347 0.55874 0.170538 0.496367 0.108546 
-0.813823 0.114648 0.305657 -0.186147 -0.226812 -0.203606 0.401835 0.103225 
-0.0751897 0.0936328 -1.12479 -0.045408 0.330118 0.534116 -0.510008 0.327223 
0.411449 -0.148156 0.0451502 -0.612231 -0.238094 -0.58804 -0.0602315 -1.12133 
0.358472 -0.0200263 -0.308035 -0.0747328 0.411525 0.319204 -0.123979 0.176594 
-0.181642 -0.0631755 -0.197872 -0.575006 -0.18182 0.0455024 0.570899 -0.187056 
-0.311253 0.432457 0.260211 0.237916 -0.197529 0.184618 -0.236385 -0.468884 
0.751397 -0.641642 0.153277 -0.028739 0.0858424 0.153918 -0.288014 -0.647479 
0.488045 0.525545 -0.0684507 -0.874304 0.725486 0.0791646 0.00536498 0.364958 
-0.143218 0.661319 -0.783184 -0.0477678 -0.237431 -0.69501 0.396923 -0.312716 
pop 0 layer 2
dims 8 16
-0.132629 -0.0611247 -0.314887 -0.248054 0.144258 0.564904 0.302367 0.283184 0.0280616 -0.228617 0.266993 -0.0938233 -0.357888 -0.542156 -0.312179 0.0175283 
0.251361 0.256128 -0.359259 0.439876 -0.103222 0.152477 0.504879 0.0841484 0.112711 0.374426 0.318372 0.518164 0.000300206 0.168873 0.568202 -0.370609 
0.0824798 -0.31768 -0.0676931 -0.141167 0.0976812 -0.26583 -0.271903 -0.247075 -0.252306 -0.321212 0.332612 0.329896 -0.152054 -0.200572 0.339772 -0.192498 
-0.228589 0.127487 -0.0980968 0.00522401 -0.273353 -0.0541596 0.305069 -0.124958 -0.333532 -0.335055 0.226688 -0.0359814 -0.0714722 0.719535 0.0219808 0.463516 
-0.120827 -0.237355 0.205011 0.0138474 0.0046186 -0.118385 0.0855356 -0.362001 0.181006 0.557562 0.0933849 0.277038 0.15954 0.252883 -0.0379458 0.126366 
0.0113435 -0.060817 -0.148254 0.417117 -0.205825 -0.02206 -0.292637 0.146784 -0.313584 -0.297079 0.0433564 -0.581659 -0.315541 0.103393 -0.228448 -0.467714 
0.02937 0.0611764 0.305412 -0.0455474 0.342421 -0.146869 -0.396449 -0.188205 0.376706 0.0970643 0.0179728 0.186258 -0.329152 -0.106738 0.529918 0.01899 
-0.2736 -0.428562 -0.079261 0.393734 0.168705 -0.085272 -0.0639923 0.381175 0.137631 -0.30979 0.754571 -0.106831 0.585455 0.360773 0.330839 -0.137792 
pop 0 layer 3
dims 4 8
0.211457 0.137623 0.548019 -0.620138 -0.162241 0.326611 -0.288244 -0.442847 
-0.148737 0.345047 0.504176 0.364229 -0.302467 -0.124369 0.333765 0.472239 
-0.111404 0.234651 0.208044 -0.213421 0.690096 -0.144961 0.285845 -0.0509623 
-0.00984074 0.0561204 0.118196 -0.183171 -0.322275 -0.234305 -0.254466 -0.163837 
pop 1 layer 0
dims 8 5
-0.00260533 0.0894529 0.628785 0.19247 -0.161349 
-0.0675999 0.00163873 -0.445279 0.168073 0.493334 
-0.163008 0.276758 -0.110198 -0.257397 -0.268584 
0.125647 -0.258749 -0.478193 0.139259 -0.198528 
0.236854 -0.26347 0.0897338 0.654404 0.42819 
0.342608 0.0175274 0.798253 -0.0571391 0.47406 
-0.076658 -0.358625 0.225728 0.197253 0.106343 
-0.185166 0.295335 -0.0139617 0.441906 0.0849624 
pop 1 layer 1
dims 16 8
-0.216571 -0.0638415 -0.119722 0.299816 -0.392229 0.509503 0.363057 -0.521658 
-0.325074 -0.191735 0.134118 -0.361603 0.0680387 0.490499 -0.195038 -0.0247064 
0.293639 0.595026 -0.413009 0.448139 -0.522305 0.457634 -0.929518 -0.224771 
-0.22504 -0.244643 -0.496672 0.0680436 -0.264548 0.624504 0.0325467 -0.180561 
-0.41148 -0.15317 -0.151842 -0.0302145 -0.390412 0.0327965 -0.0229423 -0.132366 
0.100638 0.162252 -0.421806 -0.0512689 0.702649 -0.378309 -0.088172 -0.268973 
0.314845 0.0774547 0.0756782 0.287588 0.429384 0.138422 0.305212 -0.234241 
-0.710444 0.0847582 0.346264 -0.396688 -0.416376 -0.526606 0.243861 -0.0197111 
0.167114 -0.00708413 -0.449826 -0.208274 0.129199 0.266736 -0.143861 0.418705 
0.481749 -0.0956685 0.0225339 -0.576405 -0.431225 -0.629268 -0.0708138 -0.965155 
0.19223 0.109581 -0.17621 -0.0267353 0.319332 0.587267 -0.348144 0.299226 
0.0423973 -0.0994048 -0.239271 -0.453578 -0.171518 0.397299 0.637426 0.119704 
-0.403425 0.112629 0.312304 -0.104759 -0.375354 -0.117248 -0.0214018 -0.373406 
0.571037 -0.32419 0.491502 -0.148602 -0.120811 0.508017 -0.55809 -0.0941629 
0.619076 0.73051 -0.0731481 -0.583164 0.733824 -0.0782269 -0.128411 0.542266 
-0.260755 0.316481 -0.622431 -0.202466 -0.00065488 -0.570858 0.0134975 -0.294946 
pop 1 layer 2
dims 8 16
-0.168218 -0.172222 -0.276429 -0.394113 0.162787 0.700859 0.276163 0.234495 0.124961 -0.226614 0.355884 -0.00751322 -0.0525155 -0.538003 -0.26674 0.09164 
0.224555 0.197418 -0.285401 0.428886 -0.0503993 0.0865815 0.535601 -0.0923517 -0.0658199 0.517956 0.342406 0.385767 0.10126 0.283809 0.601396 -0.522028 
0.148267 -0.406576 -0.0555254 -0.469481 0.150683 -0.415331 -0.261498 -0.202474 -0.172447 -0.407324 0.416781 0.279851 -0.154581 -0.307968 0.370451 -0.346268 
-0.297207 -0.0504904 0.0832722 0.0013087 -0.212512 -0.0195931 0.526493 -0.123298 -0.352056 -0.241803 0.261819 -0.0244383 -0.0894402 0.580907 0.115493 0.495663 
0.00790901 -0.133741 0.313785 0.115892 -0.136551 -0.178203 0.149918 -0.252684 0.191599 0.552921 0.116252 0.373909 0.112133 0.368266 -0.0368646 0.139351 
-0.0362686 -0.0754513 -0.184965 0.380142 -0.213559 -0.000400908 -0.308423 0.181373 -0.375793 -0.354409 0.0172248 -0.619375 -0.373591 0.229493 -0.142067 -0.549042 
0.113474 -0.0854909 0.273887 0.00557674 0.378982 -0.0911672 -0.179406 -0.305196 0.344965 -0.00724835 0.0400029 0.101088 -0.32241 -0.225851 0.614636 0.123476 
-0.313305 -0.576223 -0.149674 0.321654 0.225672 0.119803 -0.134059 0.413156 0.21601 -0.00582247 0.638307 -0.029052 0.686934 0.425141 0.455082 -0.083821 
pop 1 layer 3
dims 4 8
0.383746 0.0127634 0.574206 -0.771341 -0.0892613 0.308576 -0.345683 -0.551758 
-0.0444728 0.471856 0.440054 0.308234 -0.127692 -0.0912598 0.42101 0.18519 
-0.0268907 0.351839 0.150474 -0.257997 0.832645 -0.214901 0.18135 -0.10986 
-0.0630298 -0.00825566 0.360382 -0.247441 -0.194607 -0.197218 -0.234163 -0.119608 
pop 2 layer 0
dims 8 5
-0.226521 0.0439 0.603203 0.545042 -0.0324217 
-0.15256 0.117497 -0.21345 0.106726 0.623412 
-0.224384 0.179617 -0.196271 -0.104668 -0.317835 
0.0911643 -0.101637 -0.60117 0.0682083 -0.0622379 
0.000896656 -0.120756 0.334646 0.22159 0.523097 
0.602287 -0.0841931 0.817597 -0.426735 0.283945 
0.0161826 -0.337631 0.516542 0.439229 -0.22868 
-0.116971 0.376886 -0.0498474 0.708513 0.104982 
pop 2 layer 1
dims 16 8
-0.179641 -0.426136 -0.0629681 0.547499 -0.162376 0.520604 0.692429 -0.552203 
-0.319832 -0.318732 -0.102212 -0.440949 -0.158219 0.035384 -0.181095 0.3083 
0.63439 0.455808 -0.1418 0.211293 -0.815783 0.215051 -1.29387 -0.27038 
-0.649513 -0.287625 -0.838831 0.157414 -0.191149 0.309326 -0.0634569 -0.238324 
-0.505207 -0.119682 0.087793 -0.270977 -0.401673 -0.186519 -0.506145 -0.191151 
0.374341 0.0293058 -0.157594 0.198226 0.676262 -0.00943389 -0.181395 -0.404719 
0.133204 0.434122 0.193632 0.0202076 0.479836 0.352368 0.432261 -0.0362982 
-0.512424 -0.0151581 0.286265 -0.0933929 -0.387518 -0.307622 0.4844 0.0748207 
-0.0584662 0.0713254 -0.950697 0.107493 0.745236 0.436256 -0.659181 0.549725 
0.488506 0.0012247 -0.0330269 -0.664338 -0.356055 -0.736341 0.207923 -1.02365 
0.466035 -0.00957307 -0.317171 -0.079718 0.254827 0.462973 -0.384997 0.325654 
-0.0378735 -0.262127 -0.297358 -0.793833 -0.375282 0.170542 0.706554 -0.21654 
-0.203034 0.584881 -0.0207277 0.196315 -0.518312 -0.0124493 0.158038 -0.632777 
0.599606 -0.905938 0.54004 0.0294248 0.0255252 0.464993 -0.621243 -0.377391 
0.646755 0.341124 -0.252272 -0.959395 0.620989 -0.0587595 -0.0814753 0.689539 
-0.325155 0.690738 -0.917382 0.301057 -0.0600024 -0.734456 0.269339 -0.25166 
pop 2 layer 2
dims 8 16
0.134644 -0.241992 -0.313691 -0.323155 -0.195757 0.140507 0.122063 0.487994 0.145542 0.150897 0.0548861 -0.430305 0.003174 -0.413634 -0.549541 0.230569 
0.0039577 0.253987 0.455413 0.251659 0.00503637 0.0112501 0.431666 0.206669 -0.390406 0.4595 1.01332 0.573097 0.122722 0.0995706 0.529228 -0.839311 
0.270131 -0.553353 0.262031 -0.231704 0.366348 -1.0298 -0.0906814 0.264461 -0.338773 -0.104616 0.131848 -0.320416 -0.457464 -0.618002 0.570059 0.0647744 
-0.200704 -0.0936631 0.316248 0.472239 -0.268761 -0.119496 0.328425 -0.214822 -0.302534 -0.359547 0.143268 -0.202088 0.0689878 0.189168 -0.0348336 0.913341 
0.71708 0.156956 0.0740572 0.275726 0.194033 0.210008 0.642162 -0.234806 0.154497 0.69867 -0.218841 -0.247054 -0.585653 -0.14405 -0.548944 0.207303 
0.468761 -0.370494 -0.147718 0.478176 -0.510049 -0.534254 -0.130219 -0.0787997 -0.464603 -0.638911 0.196029 -1.17552 0.108093 -0.215898 -0.278807 -1.27545 
0.0741801 0.0935721 -0.329601 0.346055 0.26528 -0.218587 -0.185597 -0.225476 -0.0163809 -0.304022 0.137839 0.0120937 -0.410222 -0.14675 0.00507201 0.052145 
-0.944543 -0.712501 0.227205 0.476315 0.48902 -0.0115276 -0.420908 0.126533 0.0609354 -0.150928 0.272127 0.248536 0.532018 0.298211 0.419239 -0.412339 
pop 2 layer 3
dims 4 8
0.334832 0.0531542 1.13351 -0.434416 -0.339317 0.577692 -0.503651 -0.569439 
-0.253873 0.467769 0.369412 0.372304 -0.552142 -0.430657 0.473894 0.398023 
-0.0687512 0.324936 0.101407 0.129175 0.780157 -0.331748 -0.01447 0.0328811 
0.135368 -0.11188 0.0592896 -0.22154 -0.131261 0.143922 -0.402631 -0.197559 
pop 3 layer 0
dims 8 5
-0.170795 0.115553 0.342624 0.620748 -0.220776 
0.0178681 0.289128 -0.201928 0.0282976 0.333586 
-0.194721 0.138028 0.118757 -0.158768 -0.259348 
-0.119878 -0.206205 -0.657193 0.221743 -0.299395 
-0.105519 0.195741 0.559034 0.230182 0.224869 
0.614211 -0.240059 0.700899 -0.203513 0.482774 
-0.0198706 -0.186322 0.5151 0.484813 -0.312762 
-0.0253858 0.0318568 -0.12787 0.590143 0.224358 
pop 3 layer 1
dims 16 8
-0.194091 -0.198971 0.193682 0.587318 -0.507326 0.353941 0.230024 -0.337537 
-0.441207 -0.260116 0.0219155 -0.237257 0.302397 0.361266 -0.183037 -0.162259 
0.210322 0.619579 -0.382759 0.189117 -0.406408 0.607184 -0.804299 -0.0279271 
-0.152973 -0.213874 -0.538434 0.120088 -0.245393 0.639453 -0.109294 -0.26873 
-0.207637 -0.472946 -0.187324 0.0687554 -0.495827 -0.184794 -0.186903 -0.0881041 
-0.011168 0.328689 -0.38247 -0.239294 0.59207 -0.191779 -0.20961 -0.209067 
0.386392 0.202621 0.0996487 0.29228 0.77372 -0.121714 0.38312 -0.118806 
-0.783819 0.0819293 0.39325 -0.545528 -0.331853 -0.394947 0.251059 -0.0854123 
0.290138 -0.154739 -0.526255 -0.0491548 0.0785747 0.318298 -0.268487 0.555617 
0.548924 0.105369 -0.0799255 -0.42786 -0.259145 -0.640836 0.071196 -1.01814 
0.249989 0.060066 -0.13656 -0.185279 0.355494 0.472454 -0.198457 0.201189 
-0.0755294 -0.134871 -0.345996 -0.652138 -0.307695 0.27939 0.754025 -0.0848783 
-0.34217 0.232987 0.121074 0.101121 -0.214173 -0.366585 0.0700708 -0.3071 
0.45335 -0.254429 0.236832 -0.194429 -0.0359909 0.42657 -0.292486 -0.13897 
0.38044 0.360263 -0.101125 -0.464221 0.747132 -0.0505039 -0.177051 0.597018 
-0.396384 0.250544 -0.831018 -0.126932 0.213236 -0.609371 0.247381 -0.363251 
pop 3 layer 2
dims 8 16
0.0247736 -0.0688817 -0.260938 -0.150681 0.197745 0.615704 0.281622 0.129705 0.0894425 -0.137209 0.143492 -0.0390554 -0.0506009 -0.711305 -0.396078 0.011465 
0.218152 0.123452 -0.309974 0.670154 0.248681 0.297175 0.563939 0.063326 0.0427298 0.656359 0.347291 0.499101 -0.00245062 0.252569 0.618912 -0.550997 
0.169965 -0.230919 0.0334545 -0.37601 0.027126 -0.394096 -0.333416 -0.114279 -0.211145 -0.328948 0.323725 0.137946 -0.161294 -0.287875 0.491307 -0.253503 
-0.355734 -0.0408159 -0.0083242 0.0294598 -0.228427 0.0811882 0.488278 -0.245087 -0.246156 -0.31688 0.178293 -0.00506439 0.2703 0.730224 0.110919 0.491798 
-0.000325291 -0.0523012 0.561191 0.164262 0.00265779 -0.222495 0.356591 -0.290635 0.187296 0.623381 0.0654253 0.293168 0.0960004 0.406259 -0.240705 0.271147 
-0.0769667 -0.0202383 -0.130057 0.42202 -0.0972156 -0.0876756 -0.223817 0.193078 -0.39471 -0.577002 0.094023 -0.625808 -0.317163 0.197075 -0.152927 -0.624319 
-0.0845437 -0.0612868 0.205482 0.112359 0.449596 -0.0579195 -0.138599 -0.364329 0.504362 0.0318984 -0.143479 0.00460769 -0.252322 -0.384217 0.590572 0.184825 
-0.564943 -0.520038 -0.123036 0.420056 0.157284 0.15649 -0.210937 0.230113 0.38235 0.0350132 0.639751 -0.0566919 0.632972 0.665658 0.293083 -0.160274 
pop 3 layer 3
dims 4 8
0.470252 0.0357202 0.516548 -0.682828 -0.243008 0.558407 -0.176931 -0.47981 
-0.15762 0.38918 0.522967 0.229901 0.0037251 0.0980739 0.297455 0.121823 
-0.0197487 0.147629 -0.046063 -0.262489 0.731455 -0.210966 -0.00494703 -0.0740376 
-0.0254511 0.0765011 0.0432485 -0.348529 -0.257504 0.0488115 -0.153819 -0.0980645 
pop 4 layer 0
dims 8 5
-0.28059 0.0843965 0.624502 0.442774 -0.0653514 
-0.0306767 0.0228012 -0.314448 0.0237902 0.558716 
-0.315524 -0.0413913 -0.198864 0.0462396 -0.24539 
0.135122 0.0213009 -0.559454 0.192695 -0.0537475 
0.013527 -0.11112 0.407344 0.209732 0.333994 
0.595107 -0.186119 0.647304 -0.290504 0.255015 
-0.0482785 -0.188811 0.608342 0.370061 -0.108947 
-0.11128 0.388566 -0.109537 0.739798 0.0143377 
pop 4 layer 1
dims 16 8
-0.385292 -0.306086 0.319771 0.315878 -0.296682 0.406842 0.225215 -0.244034 
-0.410459 -0.10406 0.000279983 -0.210036 0.414554 0.318583 -0.0385082 -0.00782313 
0.0598046 0.648573 -0.322823 0.109424 -0.33593 0.467729 -0.648097 0.083134 
-0.141311 -0.17582 -0.627074 0.11934 -0.0726984 0.690815 -0.130996 -0.290041 
-0.280489 -0.397406 -0.0117725 0.124658 -0.425857 -0.222568 -0.156477 -0.0591519 
-0.0081354 0.357456 -0.240708 -0.210319 0.555942 -0.167276 -0.182071 -0.265146 
0.489934 0.15196 -0.000998113 0.49043 0.699887 -0.277752 0.222361 -0.232891 
-0.751526 -0.0163083 0.527087 -0.444095 -0.394297 -0.271156 0.439993 0.0244603 
0.339254 -0.0933187 -0.482804 -0.098535 0.0976597 0.342295 -0.317506 0.350964 
0.543907 0.111557 -0.0557216 -0.446465 -0.085301 -0.535971 0.0965263 -0.918962 
0.201901 0.173737 -0.30043 0.115944 0.419503 0.450944 -0.0505534 0.248693 
-0.423403 -0.163906 -0.335606 -0.654234 -0.420101 0.176608 0.628906 -0.215366 
-0.238144 0.436844 0.159137 0.0716729 -0.296079 -0.264627 -0.0573057 -0.364521 
0.29236 -0.00559666 0.192431 0.0186111 -0.107907 0.375903 -0.0893548 -0.21535 
0.264903 0.429929 -0.0607833 -0.398038 0.707948 -0.146414 0.0456929 0.428406 
-0.271191 0.264303 -0.609219 0.0212087 0.131943 -0.581498 0.286403 -0.462385 
pop 4 layer 2
dims 8 16
-0.0241636 -0.129195 -0.211955 -0.247268 0.0928043 0.602566 0.112944 0.00623009 0.213052 -0.257095 0.20382 0.0387749 -0.0271419 -0.813137 -0.47014 -0.00685518 
0.177975 0.132311 -0.17843 0.553238 0.37992 0.329456 0.563906 0.0440294 0.341921 0.759608 0.313315 0.423943 0.110485 0.20795 0.660436 -0.581247 
0.109246 0.00119564 0.072674 -0.36229 -0.0350149 -0.400122 -0.440331 -0.103166 -0.00794384 -0.213672 0.405971 0.108757 -0.149475 -0.15508 0.36858 -0.220214 
-0.336082 -0.0611744 0.118916 0.0751877 -0.221974 0.198065 0.608516 -0.28291 -0.255647 -0.237295 0.124721 0.0543145 0.37361 0.54506 0.187315 0.518483 
0.102957 -0.0686496 0.355468 0.151021 -0.0751813 -0.0347593 0.34407 -0.216937 0.0297406 0.654807 0.139386 0.335074 -0.10374 0.381757 -0.232673 0.108376 
-0.163193 0.0141433 -0.153687 0.480266 -0.177737 0.162425 -0.109933 0.110407 -0.318655 -0.388228 0.0904805 -0.587833 -0.394632 0.119407 -0.186833 -0.560122 
-0.108729 -0.197835 0.0944848 0.0930425 0.421434 0.000950263 -0.240985 -0.258409 0.537277 0.0417339 -0.305186 0.198262 -0.133905 -0.240415 0.58227 0.239251 
-0.535399 -0.390518 -0.0111925 0.414991 0.175153 0.049913 -0.065202 0.240143 0.254065 0.244019 0.512742 0.0806752 0.502193 0.630847 0.358306 -0.09911 
pop 4 layer 3
dims 4 8
0.536785 -0.0710902 0.546825 -0.726093 -0.156994 0.559376 -0.0718301 -0.622817 
-0.104127 0.370023 0.415263 0.206181 -0.0270075 0.289219 0.113873 0.0105683 
-0.101327 0.109508 0.0615218 -0.234695 0.526256 -0.262 -0.092084 -0.0602044 
-0.00213231 0.170374 0.0966423 -0.376615 -0.20446 -0.0504227 0.0606886 -0.209088 
pop 5 layer 0
dims 8 5
0.0543147 -0.000459357 0.500139 0.0222213 -0.269518 
0.057401 0.146543 -0.296138 0.202559 0.239749 
-0.104944 0.237202 -0.23201 -0.199857 -0.288619 
-0.0488516 -0.243679 -0.383479 0.207024 -0.415615 
0.339292 -0.234376 0.0424963 0.580375 0.269813 
0.284114 0.0236883 0.657148 -0.0305454 0.495244 
-0.174343 -0.345033 0.262843 0.162291 0.0463889 
0.0199346 0.357141 -0.171603 0.454975 0.114522 
pop 5 layer 1
dims 16 8
-0.353449 -0.237863 0.173433 0.522405 -0.474271 0.504906 0.332766 -0.562003 
-0.346372 -0.15168 0.0591407 -0.506715 0.173948 0.169345 -0.242755 0.208657 
0.173339 0.834856 -0.584188 0.248226 -0.749217 0.52752 -0.970909 -0.127003 
-0.291496 -0.11905 -0.583534 0.050048 -0.122649 0.479201 -0.0258717 -0.190766 
-0.41568 -0.365571 -0.0216952 -0.0582946 -0.327247 -0.00590627 -0.214359 -0.0496519 
0.279943 0.176715 -0.311304 -0.253923 0.502727 -0.21245 -0.0604327 -0.0951242 
0.306426 -0.0173696 0.202803 0.224628 0.610476 -0.00157658 0.344824 0.0791381 
-0.567529 0.0673228 0.471924 -0.501618 -0.102769 -0.633081 0.123903 -0.148277 
0.374383 -0.102334 -0.463046 -0.194906 0.038031 0.354398 -0.168884 0.487543 
0.48651 -0.0882961 0.034155 -0.526589 -0.260132 -0.503075 0.0118233 -1.03511 
0.18568 -0.10135 -0.263538 -0.162559 0.307405 0.593785 -0.482356 0.318707 
-0.127849 -0.0563934 -0.225315 -0.672889 -0.275106 0.173765 0.584933 0.214817 
-0.110887 0.177034 0.11854 0.0482247 -0.269312 -0.126819 -0.0659034 -0.410488 
0.340501 -0.443913 0.261685 -0.147264 -0.111083 0.461253 -0.25891 -0.178074 
0.577369 0.384925 -0.120307 -0.598625 0.619888 -0.0902822 -0.296824 0.508323 
-0.283481 0.379907 -0.887389 -0.064916 0.240286 -0.51696 0.0257757 -0.338265 
pop 5 layer 2
dims 8 16
-0.100959 -0.273081 -0.328115 -0.371977 0.412099 0.615564 0.493512 0.189114 0.0490824 -0.130936 0.331844 0.0532486 -0.16128 -0.408146 -0.442202 -0.158609 
0.367929 0.34831 -0.147379 0.663533 0.00157026 0.228848 0.416486 -0.117645 -0.0662275 0.535726 0.217188 0.45489 0.114425 0.389861 0.470412 -0.409886 
-0.206333 -0.0550658 -0.018447 -0.257255 0.260576 -0.311451 -0.337074 -0.0325138 0.0212716 -0.240691 0.219647 0.129175 -0.00319972 -0.390912 0.564785 -0.261596 
-0.386363 0.0733407 -0.114276 -0.0361286 -0.172649 0.000740801 0.404586 -0.406677 -0.138503 -0.0834788 -0.0114054 0.0334669 0.332675 0.57017 -0.0130497 0.32383 
0.0167538 -0.159455 0.567913 0.382965 -0.130621 -0.170966 0.330205 -0.151373 0.0241407 0.473498 0.0483942 -0.196885 0.180794 0.515117 -0.0233574 0.175286 
0.0766814 -0.146216 -0.253673 0.425211 -0.219604 0.11303 -0.24497 0.445436 -0.40959 -0.433299 0.307487 -0.590451 -0.159395 0.0756397 -0.304164 -0.477177 
-0.100352 -0.0710696 0.308801 0.168217 0.290498 0.201957 0.181242 -0.408226 0.329428 -0.142824 -0.0681935 -0.180645 -0.19453 -0.237709 0.332634 0.0594744 
-0.676158 -0.644888 -0.409125 0.324301 0.228376 0.40245 -0.261032 -0.126925 0.17639 -0.0936386 0.44128 0.119307 0.394155 0.541081 0.19189 -0.172207 
pop 5 layer 3
dims 4 8
0.48665 0.0240888 0.510198 -0.62873 -0.0816652 0.695455 -0.167326 -0.642167 
-0.0354485 0.43094 0.424926 0.0922786 0.0643907 -0.191251 0.395519 0.132883 
-0.0782193 0.254415 0.258684 -0.237453 0.679812 -0.00030188 0.31881 0.0913243 
-0.0665739 -0.200149 0.217205 -0.151667 -0.33891 -0.085569 -0.171521 -0.0438413 
pop 6 layer 0
dims 8 5
-0.174911 0.119214 0.701668 0.510218 -0.0521777 
-0.0141985 0.0519678 -0.0193934 0.106818 0.482874 
-0.340449 0.243573 -0.0610394 -0.0381806 -0.303817 
-0.108525 0.0812772 -0.816387 0.0481637 -0.0248439 
-0.0466385 -0.091379 0.0704289 0.0913889 0.426097 
0.416015 -0.131426 0.711915 -0.471829 0.324117 
0.127521 -0.129285 0.240062 0.401337 -0.23549 
0.0735895 0.414648 -0.0266437 0.627233 0.0641914 
pop 6 layer 1
dims 16 8
-0.224197 -0.195598 -0.269462 0.258552 -0.50513 0.538691 0.472416 -0.484937 
-0.0999035 -0.131292 -0.477033 -0.442105 -0.064308 0.32299 0.0719577 0.14039 
0.434817 0.634058 -0.0328843 0.369125 -0.951922 0.464549 -1.38355 -0.110623 
-0.559877 -0.459226 -0.581733 0.0138844 -0.259798 0.401058 -0.0422777 -0.421274 
-0.278603 -0.108822 0.0508665 -0.0699203 -0.524384 -0.122438 -0.305373 -0.177102 
0.312397 -0.0166903 -0.21374 -0.0940692 0.399822 -0.0679006 0.160644 -0.538828 
0.0820138 0.238453 0.250009 0.111893 0.587697 0.0888495 0.295703 -0.106516 
-0.729691 -0.0853237 0.322696 0.167813 -0.288068 -0.29305 0.295918 0.257729 
0.237945 0.204526 -0.53235 -0.0429933 0.220093 0.445662 -0.805919 0.445679 
-0.0666247 -0.283186 0.0627842 -0.609479 -0.200496 -0.5535 -0.0691513 -0.769357 
0.255159 0.171708 0.0862058 -0.237237 0.0481948 0.536337 0.101383 0.569471 
0.0175739 -0.455053 -0.230123 -0.450085 -0.366445 0.218049 0.426823 -0.213244 
0.0441675 0.0233194 -0.0824939 0.0661136 -0.261693 -0.0448484 0.227023 -0.310145 
0.712467 -0.0785304 0.230903 -0.0846896 -0.0224181 0.485005 -0.36272 -0.525747 
0.589525 0.692084 -0.249371 -0.474686 0.355681 0.380186 -0.232554 0.194662 
-0.165735 0.32435 -0.713885 -0.101674 -0.140302 -0.537441 0.475938 -0.461304 
pop 6 layer 2
dims 8 16
-0.0190215 -0.153297 -0.504807 -0.0489902 -0.151159 0.0988101 0.152518 0.288637 0.345144 0.0880898 -0.103904 -0.267016 0.0219158 -0.378651 -0.445926 0.237625 
-0.0646791 0.309757 0.175084 0.612615 0.248944 -0.0081149 0.189058 0.00862859 -0.29138 0.535974 0.722023 0.314804 0.147172 0.211518 0.691638 -0.733996 
0.0761809 -0.440727 0.034578 -0.37573 0.597287 -1.05432 -0.0807155 0.237644 0.0273366 -0.266388 0.035365 -0.240193 -0.21896 -0.525112 0.518903 -0.0630717 
-0.243329 0.0455383 0.289666 0.469434 -0.0671184 -0.0347396 0.0944728 -0.419367 -0.307893 -0.431937 -0.016621 -0.0128469 0.105561 0.103781 -0.0239594 0.900461 
0.44173 0.191304 -0.0977764 0.130245 0.157813 0.0490583 0.570087 -0.185268 0.283346 0.447983 0.156937 -0.100249 -0.494176 -0.134964 -0.458536 0.19986 
0.275837 -0.525351 -0.124168 0.439387 -0.414159 -0.427554 0.147116 0.00348233 -0.26997 -0.45202 0.136855 -0.640746 0.417902 -0.109868 -0.229545 -1.06311 
-0.190152 0.00205661 -0.31481 0.304664 0.342543 -0.221044 -0.423884 -0.309065 -0.0266821 -0.3347 0.151662 -0.0841786 -0.238446 0.0765436 0.228627 0.11394 
-0.560545 -0.545899 0.415034 0.235958 0.401356 -0.250003 -0.323179 0.257205 -0.34016 0.0174414 0.246912 0.21214 0.47526 0.433127 0.407517 -0.167719 
pop 6 layer 3
dims 4 8
0.404202 -0.0193327 0.71306 -0.907812 0.0468296 0.417111 -0.0753418 -0.515236 
0.0343574 0.532066 0.549116 0.380326 -0.153135 -0.457111 0.414486 0.339582 
0.133629 -0.0752053 0.0951073 -0.369922 0.439554 -0.433176 -0.149658 -0.222848 
0.191504 -0.0323451 0.126474 -0.0147323 -0.267578 0.0246163 -0.11784 -0.251993 
pop 7 layer 0
dims 8 5
-0.0682213 0.0694671 0.650944 0.2859 -0.0925428 
-0.0900646 0.086503 -0.376621 0.171707 0.385729 
-0.126752 0.249165 0.0752907 -0.263964 -0.27346 
0.0851112 -0.318023 -0.635862 0.0782717 -0.295848 
0.133169 -0.342504 0.279658 0.435783 0.480941 
0.665104 0.0328633 0.922494 -0.227086 0.57054 
0.0373633 -0.411485 0.353478 0.364902 -0.0955181 
-0.262568 0.418204 0.0642678 0.407984 0.0326224 
pop 7 layer 1
dims 16 8
-0.268101 -0.230031 0.115516 0.546261 -0.505846 0.400181 0.348382 -0.581328 
-0.374974 -0.217722 -0.0148612 -0.363427 0.0962283 0.35343 -0.278705 -0.0168081 
0.162394 0.648535 -0.465182 0.348127 -0.53845 0.615019 -1.01334 -0.187541 
-0.258246 -0.249786 -0.65216 0.0422724 -0.218831 0.574308 -0.0483683 -0.170631 
-0.324154 -0.34309 -0.0599439 0.00381672 -0.353372 -0.0227671 -0.223504 -0.0752217 
0.216011 0.232694 -0.355037 -0.0930447 0.713143 -0.180388 -0.0935047 -0.243145 
0.366852 0.110268 0.208506 0.219622 0.642437 -0.0353241 0.434684 -0.056989 
-0.794024 0.150948 0.33665 -0.393757 -0.428562 -0.563848 0.275189 -0.0688475 
0.246154 -0.176006 -0.689629 -0.242869 0.200515 0.39101 -0.170498 0.542201 
0.588484 0.0649782 0.10013 -0.68219 -0.370748 -0.593268 -0.00928513 -1.00875 
0.18504 0.00991706 -0.132721 -0.072629 0.425861 0.495521 -0.332721 0.330082 
-0.0448508 -0.109223 -0.327965 -0.644392 -0.225266 0.34754 0.675856 0.0550066 
-0.205812 0.192582 0.258292 0.00439456 -0.335594 -0.2587 -0.124453 -0.358884 
0.48621 -0.458026 0.304068 -0.0931919 0.0172536 0.438421 -0.438182 -0.219548 
0.618034 0.598496 -0.204345 -0.538503 0.748057 -0.0906081 -0.191664 0.573201 
-0.471676 0.382724 -0.75881 -0.15118 0.0530896 -0.673451 0.0550883 -0.380762 
pop 7 layer 2
dims 8 16
-0.0873155 -0.0465831 -0.434317 -0.261165 0.381627 0.531687 0.394738 0.126069 0.187582 -0.084714 0.339131 0.150526 -0.139694 -0.562479 -0.52155 0.0511578 
0.44387 0.253479 -0.268533 0.918448 -0.0484211 0.341616 0.352947 -0.215043 -0.0134787 0.631792 0.333903 0.480839 0.0885659 0.436163 0.516583 -0.674604 
0.095306 -0.260369 0.0311412 -0.243992 0.219419 -0.41094 -0.184948 -0.109041 -0.0591543 -0.270363 0.292647 0.172757 -0.151795 -0.0575146 0.342654 -0.242736 
-0.52519 0.126986 0.0382626 -0.0851622 -0.22924 0.0108639 0.418314 -0.359842 -0.282293 -0.197629 0.171764 0.046233 0.383964 0.664158 -0.0589338 0.469567 
-0.152646 -0.0882756 0.55615 0.247063 -0.133952 -0.266496 0.380006 -0.30455 0.311958 0.668671 -0.0873543 -0.0787306 0.0981609 0.418866 -0.0875581 0.163791 
0.0133355 -0.0940334 -0.147675 0.478601 -0.107076 -0.0298993 -0.373032 0.25691 -0.423283 -0.609813 0.0669095 -0.806553 -0.135205 0.280457 -0.165594 -0.57735 
-0.0042782 -0.105571 0.2343 0.131711 0.28788 0.144642 -0.009033 -0.463796 0.25248 -0.142732 -0.0925083 -0.0492244 -0.148651 -0.251305 0.535829 0.00775448 
-0.522389 -0.617497 -0.31394 0.245582 0.20671 0.581812 -0.195558 -0.0804895 0.244723 0.0564454 0.582228 0.148737 0.460807 0.584132 0.275656 -0.176359 
pop 7 layer 3
dims 4 8
0.589041 0.0104233 0.638702 -0.659814 -0.108708 0.576329 -0.0820131 -0.600979 
-0.00813155 0.36641 0.457666 0.263419 -0.0842108 -0.0663766 0.388784 0.199653 
0.0525365 0.296556 0.110043 -0.249879 0.803988 -0.174256 0.118293 -0.0481663 
-0.0279341 -0.158301 0.157998 -0.188996 -0.296465 -0.0774486 -0.201032 -0.15382 
pop 8 layer 0
dims 8 5
0.0316006 0.128019 0.446583 0.64285 -0.00989036 
0.0869346 0.371321 -0.00529066 0.143611 0.382311 
-0.102622 0.267846 -0.0693832 -0.136885 -0.217492 
-0.0400853 0.231018 -0.502506 0.0975337 -0.0367518 
0.194349 -0.216882 0.414379 0.243386 0.260804 
0.502599 0.293632 0.758309 -0.587554 0.32689 
0.0829764 -0.459285 0.652402 0.37743 -0.083036 
-0.034725 0.250199 0.167997 0.577264 0.0972645 
pop 8 layer 1
dims 16 8
-0.410561 -0.58545 0.245792 0.470013 -0.243344 0.578194 0.923737 -0.594395 
-0.330774 -0.490584 0.0209182 -0.44104 -0.129635 -0.120519 -0.267986 0.344571 
0.652426 0.583349 0.175134 0.20576 -0.882737 0.317108 -1.16945 -0.600061 
-0.511768 -0.154042 -0.796459 0.159457 -0.345581 0.593216 -0.150274 -0.193907 
-0.395887 0.11286 -0.209251 -0.203581 -0.272532 -0.116192 -0.41498 -0.376469 
0.493956 0.265716 0.0247672 0.197435 0.537247 -0.307901 -0.374072 -0.252222 
0.234834 0.247507 0.309172 -0.138568 0.619417 -0.0636821 0.491359 -0.0521475 
-0.610386 -0.21355 0.308074 -0.0245123 -0.486223 -0.241648 0.213017 0.473136 
-0.0671941 0.149903 -0.91664 -0.145418 0.450456 0.326521 -0.458004 0.618008 
0.503797 0.0479097 0.138332 -0.755455 -0.0193651 -0.713418 0.253701 -1.00049 
0.466113 0.163405 -0.0375302 0.10533 0.112188 0.152721 -0.398444 0.470025 
-0.0235908 -0.45108 -0.257928 -0.706241 -0.159117 0.170863 0.803551 -0.379218 
-0.0824326 0.512335 0.0162369 0.252374 -0.22966 0.00434785 -0.0131451 -0.611233 
0.925194 -0.707463 0.673216 -0.226978 0.0919166 0.329819 -0.334294 -0.45968 
0.746651 0.0925856 0.0150351 -0.728911 0.246678 -0.0842281 0.0117901 0.353395 
-0.44262 0.378318 -0.952906 -0.270892 -0.0534194 -0.626305 0.506225 -0.373795 
pop 8 layer 2
dims 8 16
0.200526 -0.240791 -0.178021 -0.307777 -0.198296 0.0836149 0.157424 0.390192 0.0483629 0.0116404 0.17613 -0.372414 -0.00022587 -0.213084 -0.435442 0.260778 
-0.0177474 0.155233 0.41883 0.226237 0.0990227 0.0780904 0.334078 0.239552 -0.340279 0.353313 0.754994 0.557277 0.021761 0.216316 0.336771 -0.948302 
0.211432 -0.596887 0.293188 -0.154274 0.365099 -1.03816 -0.135813 0.324332 -0.160754 -0.119594 0.186594 -0.303388 -0.442173 -0.523005 0.471189 0.101133 
-0.325368 -0.0593983 0.419293 0.377813 -0.215324 0.0325303 0.384222 -0.329584 -0.345484 -0.438497 0.0346173 -0.28355 0.0530461 0.285207 -0.241482 0.699264 
0.659517 0.359065 0.145992 0.335666 -0.0275969 0.299841 0.585608 -0.265768 0.238747 0.675164 -0.144138 -0.233616 -0.571665 -0.0885907 -0.65044 0.297797 
0.26268 -0.379932 -0.222591 0.380398 -0.409008 -0.551036 0.010898 -0.0959785 -0.304606 -0.57168 0.240164 -1.02062 0.162879 -0.312173 -0.284293 -1.07401 
0.0379278 0.111189 -0.396457 0.0814023 0.201431 -0.204689 -0.163303 -0.242492 -0.055383 -0.175182 0.18122 0.205918 -0.272158 -0.172906 0.103992 -0.0178539 
-0.809856 -0.713518 0.248873 0.384498 0.523688 -0.132531 -0.489413 0.444287 0.121441 -0.126505 0.170711 0.289877 0.383922 0.332234 0.351629 -0.562766 
pop 8 layer 3
dims 4 8
0.513559 0.160277 0.877095 -0.400182 0.0681134 0.561445 -0.347866 -0.324739 
0.145759 0.720991 0.51316 0.432047 -0.278377 -0.588336 0.588395 0.451779 
-0.491545 0.124158 0.146229 0.105797 0.677041 -0.31623 -0.329492 -0.0462521 
0.0161471 0.00454108 0.240966 -0.218067 -0.17016 -0.147528 -0.287674 -0.332007 
pop 9 layer 0
dims 8 5
-0.0159746 0.0185829 0.581017 0.0590238 0.0915059 
-0.0420275 -0.0548169 -0.411361 0.364665 0.539418 
-0.23504 0.0678457 -0.11413 -0.199373 -0.185275 
0.199829 -0.331868 -0.277525 0.0328092 -0.110699 
0.0134671 -0.262142 -0.168505 0.512869 0.232958 
0.0338985 -0.0781501 0.761426 0.0787237 0.271894 
-0.0350176 -0.487705 0.0795875 -0.0180103 -0.0352496 
-0.261315 0.227022 0.109399 0.654325 0.212587 
pop 9 layer 1
dims 16 8
-0.399451 -0.104869 0.19472 0.623506 -0.590794 0.376115 0.440552 -0.581743 
-0.371449 -0.240246 -0.192756 -0.21567 0.135938 0.346084 -0.367287 0.109203 
0.0841197 0.550895 -0.405351 0.450912 -0.395783 0.69772 -0.839966 -0.204746 
-0.288383 -0.197859 -0.449738 -0.0319163 -0.0573223 0.768846 0.0541893 -0.155256 
-0.27498 -0.440794 -0.0607343 -0.00908098 -0.271798 0.107204 -0.0712903 -0.0447114 
0.0582474 0.276415 -0.387395 -0.119582 0.754752 -0.226942 -0.0470062 -0.298919 
0.365601 0.326706 0.306069 0.161106 0.426578 -0.17129 0.548428 0.0143719 
-0.777112 0.0533223 0.238747 -0.357867 -0.275976 -0.572635 0.402334 -0.115954 
0.291388 -0.0343056 -0.624507 0.0935886 0.213521 0.355848 0.0777265 0.431109 
0.571683 -0.0237659 0.0645559 -0.761621 -0.305253 -0.58258 0.140462 -0.802907 
0.142462 -0.0410415 -0.239412 -0.181365 0.392495 0.518828 -0.338838 0.179363 
-0.0153757 -0.122695 -0.367403 -0.426971 -0.165854 0.331481 0.67465 -0.0697197 
-0.156087 0.306651 0.223048 0.0477553 -0.164768 -0.363971 -0.0170039 -0.348531 
0.377262 -0.444168 0.474802 -0.132103 0.168285 0.483236 -0.387781 -0.125688 
0.642365 0.550647 -0.258898 -0.430655 0.73128 -0.118201 -0.355802 0.373002 
-0.216671 0.361626 -0.64309 -0.159824 0.0675824 -0.678819 0.178352 -0.514586 
pop 9 layer 2
dims 8 16
-0.163107 0.090332 -0.306067 -0.049411 0.0894908 0.612622 0.122062 0.438315 0.165317 -0.336321 0.049775 -0.159943 -0.407716 -0.538456 -0.121036 0.0176199 
0.240209 0.135955 -0.420246 0.447009 -0.136323 0.337092 0.506939 0.137656 0.282202 0.331245 0.177597 0.401662 0.110786 -0.0376245 0.496596 -0.447669 
0.215404 -0.218071 -0.0356387 -0.0865298 -0.0282509 -0.357875 -0.179428 -0.159345 -0.0418684 -0.417331 0.406079 0.26846 -0.214308 -0.169199 0.511024 0.0038602 
-0.136036 0.00104623 -0.0182008 -0.169076 -0.122708 0.00726659 0.275323 -0.286904 -0.455299 -0.309072 0.304631 0.0188684 -0.0644857 0.480968 0.0947873 0.25252 
0.128888 -0.313915 0.193759 0.0215125 0.0663617 -0.120464 -0.049438 -0.490879 0.211298 0.433159 0.0602067 0.195803 0.211591 0.208023 0.00282113 0.179552 
0.0284107 -0.283963 -0.175775 0.632017 -2.06625e-05 0.024246 -0.0915291 -0.0474776 -0.333541 -0.26077 0.0625496 -0.485631 -0.169845 0.0215469 -0.3023 -0.186701 
0.00169394 0.0552235 0.210711 -0.0877015 0.326462 -0.285535 -0.318586 -0.102557 0.17583 0.0884258 -0.169431 0.314695 -0.274545 -0.0170338 0.629446 0.0327972 
-0.249915 -0.315985 -0.1313 0.309165 -0.0683099 -0.0549777 -0.20675 0.479379 0.154048 -0.214483 0.436691 -0.0347109 0.599012 0.248534 0.352954 -0.10562 
pop 9 layer 3
dims 4 8
0.470238 -0.120319 0.688336 -0.470186 -0.228531 0.398835 -0.0501415 -0.570061 
0.148941 0.286258 0.499448 0.332775 -0.198021 -0.141234 0.37814 0.00632965 
0.0890441 0.0915958 0.12136 -0.147087 0.711528 -0.144936 0.134637 0.100704 
0.0125512 -0.256521 0.141484 -0.175821 -0.214891 -0.0975851 -0.321161 0.0201367 
vWeights_end
generator 2414183256 2304313945 2164404302 989353911 4098013431 1097676702 1221976240 2201110708 1544920315 440286841 3513440042 484240099 3558862398 2632095453 2911913778 1214702210 278042448 3079132179 599887633 980900642 2534605950 1550411737 1477233760 2379466307 4273308374 2896897007 1510049360 2112037518 1240885406 3823579461 3619574411 1990319687 2526835929 923191004 3160701176 3083111323 3301739700 1843623008 1214649745 3903812830 1051215965 4016973842 3858960429 4003329426 528900951 1994326887 630574267 3154874985 185668597 528930094 3660027816 259375594 1365012568 4134975967 4084668416 1992669406 641309219 3298411639 3713518179 2927499299 2833823719 3807333 2168168154 952263307 3252578072 2597377874 1269227925 3546012198 821149789 2109393836 4100839376 1586413515 3604068030 1431305023 614601341 2309873866 1698403207 3439374141 2334998941 2873206679 2385033644 3485027270 822524545 2151433379 3763233144 3720599294 3565180500 4067488226 106516168 3544341867 3602399228 1164226250 3375623910 1928165274 273824644 4195229735 2958624871 685738746 3789546694 3120803635 670333268 3649786412 4195239393 3101403629 1279849334 3876653709 1457399414 3722095855 2493496713 4069198651 481770529 3753351077 4172682129 3788917160 2031020229 3810916482 947968871 2076700233 3224344739 687675303 3953244578 3260483009 938276091 3168997816 1113294486 3502538117 767770361 1818820678 4187438130 814516638 2098945360 489762184 2627077662 4162588962 3154172519 1150547435 2840528522 3468718476 1027355927 1222309544 4191724444 1033874244 2007544023 3459874679 3393783551 867959679 981410616 1273665474 1594108810 2925567715 216395379 3196165528 566744640 65035469 196664929 1578693902 3007671913 3386112430 2581734229 16540291 3730752582 2873196573 141023466 3033612066 2738305423 4275508973 1440429714 3708384283 2006453612 905772525 3241550003 3696585832 4283703441 1014321665 2600444502 570978055 861150045 3464068408 3678651240 848857603 1628058734 538198401 570075265 3750485915 4133971859 2981644297 3797479218 3994063612 3598046716 2658238867 4130318582 1794902894 972291263 422887428 3099928027 696290170 1129606529 1651220004 2184350515 887780054 3388387257 800961512 756033506 4127507378 4064089022 2378736807 3709574473 814903985 1956009668 3105023290 1958887489 638102758 499143325 2041016673 2830149212 438687747 1295239540 2907085789 3460814591 1487682502 494366270 874860870 2603679877 793179272 2405399942 2536933834 2458854164 307464144 3285341042 1401742542 1063725418 1135690477 3846588206 3921774718 1595895326 955790058 875318718 91787554 734932522 3404274207 3927727366 1674304260 3852066843 1533144768 3391970966 1151913038 3336444377 593641929 896688581 3227940603 3688272482 3417681088 1182197508 2078358653 4080369173 1133031594 1142197139 2067633537 4036180372 3306734421 1047181611 702449370 1657523137 3614006629 3065460601 1925893198 3507455030 3997333461 4001471706 1916978644 1259776964 2874519478 1887547636 3315983645 1379225155 3929674391 2078646092 2785165200 2577653950 2834009351 2427450199 275654280 504554813 3773378595 4083916667 1026325504 240787675 3507874846 684605064 81510982 873253553 631634019 3311405982 3537007266 3151537697 357082582 1948852103 2934765595 1062474232 2768175615 2818966823 1013307889 3328946888 2962521690 3147767446 1245357693 2679311829 3553319972 3841103880 2784673667 1107245901 2261657675 3316322313 4071066832 2949777450 2852041374 2751310956 1284159117 2989723402 2271962100 1038263745 3841086438 4207701245 36718619 3845445784 2927762954 2572189711 645562601 3711470048 2935153176 4151373567 1948592537 4291546088 2142799894 678668171 172182070 834391341 713928214 3531222245 3274811557 162837829 3667501600 135113401 3584121125 897735298 3682186196 3496751322 331082976 2551722627 4112203011 3682037624 432957070 356630505 3224087971 3005517319 3468151827 2307084836 1823309292 2444984394 1721349372 142962049 425389972 3937462521 501593625 1608707233 2014052638 2504189584 27938843 761569574 1245638169 1656095520 2021498825 186120731 235534787 2006808660 2951393425 3890374344 600137280 1275693296 751114583 2038861589 2566371761 562601909 4211706872 3622414843 1971858786 4171122695 178050775 804166134 2868620572 1012928648 1294626459 792279210 2357839114 376045503 2517923432 1435233569 1987386499 3098417479 3177287170 2976584204 2028972665 1539617542 671757557 1097217391 101540446 3419406410 2003485112 1441749108 3690775843 3439139362 2078180162 3930927469 2522999507 3469570034 2235077803 677585258 143898289 3680142326 1415932484 765760716 1293147977 2120145988 687705583 2735452021 2343019397 1714807655 3251163275 202865949 277601506 573861611 2066099556 2390162916 2915191845 492559749 2201259899 840753760 4293846822 2114952861 113738652 1694231460 3416293474 2806247556 3095381717 1806946221 2519719767 2127898214 2465844989 582575221 413342888 1871226332 1811599181 2906415522 1686050116 2810035142 331806624 4288144662 1199019889 3566977216 3445380870 2840851497 4046834574 607454779 3705502544 4260390625 3297420769 4027068589 2189362125 2515045322 99563146 4008667965 2415657684 3788751528 58965258 3859970026 3416921054 1987559909 3922428665 2699098317 2577572093 825506799 3267587929 660436679 183422991 3266673650 851236486 4148692645 3470319067 604917153 3427671587 512714196 953076757 3455931667 418175787 874960912 3481017449 3826685274 2372173440 470630618 4268433734 2260213182 2515216127 2377808202 191712316 291568070 3326173262 4202107018 2579915502 1697997289 2596633401 2902348372 2537889160 556637005 2636248185 2394553258 2514436866 1248211488 3911284266 3855664048 3113987165 1641647569 3573603870 4108272963 526533129 774039180 2039530724 2597602738 756540770 361135487 2735366221 1677964540 1594280042 732008768 611408862 3933260130 3269270555 3512092655 1902937170 190740691 642912281 409392789 2399293112 4040168706 3400708927 2493064448 2828509410 2572319846 1891317129 3647312542 1417492602 2300098750 283273314 2372834396 2026609738 3612100838 2109439832 1665165607 3203250823 3213139854 2784483159 3519316192 3758453338 1509120285 1355308527 3990266257 1049458482 1045455275 3865486887 1642837288 3508370377 3093302903 1566805722 2117136461 3061738820 3934724551 1845411102 2796442000 912408694 779950500 3916192087 3664583739 1269290526 2067541177 3413902930 2811850969 3899314367 1749144934 3735355962 1956189466 2344564645 2267465956 474874922 1008325795 1764668104 2019795623 2381784453 3912887410 1289593988 1886436513 1821927105 1704327475 2306607286 99949531 1771773801 2927575732 598877994 1993486386 1799702894 931839165 2945597429 2728638775 39574756 2345940739 3482881601 268933123 650833461 2841250325 3135500325 1298340237 467190199 2820087602 857971509 2635796854 309931149
