sName lunar_lander
version 1
nEpochs 4000
nPopSize 100
nTop 10
act 1
populationStrategy 2
randomInjectionRatio 0.3
nLayers 4
vSize 5 16 32 4 
vBiases_start
pop 0 layer 0
dims 16 1
-0.548518 
-0.520042 
0.718768 
0.773419 
1.00331 
0.559306 
-0.156693 
-0.521039 
-0.275163 
-0.42692 
-0.653091 
-0.0482439 
0.194782 
0.00281196 
0.448291 
-0.104199 
pop 0 layer 1
dims 32 1
-0.172393 
0.337094 
-0.953241 
-0.730058 
-0.948931 
0.189107 
0.561282 
-0.456729 
-0.391915 
-0.277152 
-0.141655 
-0.256503 
0.673052 
0.666455 
-0.0955859 
0.396703 
0.536138 
-0.267948 
0.0208425 
-1.09176 
-0.713108 
-0.108279 
-0.362659 
-0.0735442 
-0.329385 
0.0838108 
-0.262821 
0.382404 
-0.458458 
0.61978 
0.642498 
-0.18553 
pop 0 layer 2
dims 4 1
-0.147046 
0.0167608 
0.812453 
-0.271656 
pop 1 layer 0
dims 16 1
-0.512103 
-0.510291 
0.431239 
0.726475 
0.754642 
0.308072 
0.432319 
-0.295788 
-0.256973 
-0.245915 
-0.54596 
0.375105 
0.605843 
-0.0283214 
0.157766 
-0.198291 
pop 1 layer 1
dims 32 1
0.014539 
0.415085 
-0.530902 
-1.02262 
-0.747823 
0.117547 
0.207334 
-0.432719 
-0.755034 
0.00222718 
-0.0405188 
-0.37277 
0.637584 
0.631341 
-0.119732 
0.446263 
0.402605 
-0.209188 
-0.25428 
-0.856039 
-0.554399 
-0.177089 
-0.445748 
-0.0613257 
-0.218033 
0.0396101 
-0.167819 
0.576109 
-0.667719 
1.01529 
0.819489 
-0.0592949 
pop 1 layer 2
dims 4 1
-0.0201802 
0.25934 
0.634387 
-0.079692 
pop 2 layer 0
dims 16 1
-0.302326 
-0.527249 
0.476629 
0.829042 
0.65913 
0.457715 
0.216797 
-0.082388 
-0.254344 
-0.257574 
-0.445286 
0.448189 
0.561133 
-0.0929707 
0.254275 
-0.185475 
pop 2 layer 1
dims 32 1
-0.137139 
0.389773 
-0.364796 
-0.791326 
-0.698487 
0.0985859 
0.100482 
-0.369704 
-0.749653 
-0.0152024 
-0.0144254 
-0.331038 
0.351244 
0.520277 
-0.0816327 
0.300732 
0.420849 
-0.128299 
-0.117789 
-0.786014 
-0.722255 
-0.0898534 
-0.585593 
-0.125458 
-0.0570282 
0.0201833 
-0.299559 
0.394984 
-0.618597 
0.974199 
0.728273 
-0.0680954 
pop 2 layer 2
dims 4 1
0.0151157 
0.0807335 
0.679538 
-0.281503 
pop 3 layer 0
dims 16 1
-0.604281 
-0.476422 
0.672215 
0.607642 
0.665115 
0.235303 
0.133467 
-0.359675 
-0.230878 
0.100686 
-0.400486 
0.217509 
0.243936 
0.0634652 
0.418943 
0.00799993 
pop 3 layer 1
dims 32 1
0.127321 
0.280649 
-0.0856399 
-0.826561 
-0.896095 
0.203367 
-0.126628 
-0.295339 
-0.515569 
0.0711646 
0.223316 
-0.364294 
0.158127 
0.221763 
-0.483046 
-0.036761 
0.66146 
-0.332433 
-0.00364913 
-0.594477 
-0.613739 
-0.035098 
-0.336544 
-0.0309773 
-0.240189 
0.172961 
-0.156416 
0.686331 
-0.50117 
0.482635 
0.597369 
-0.463642 
pop 3 layer 2
dims 4 1
-0.138003 
0.0287046 
0.85536 
-0.327956 
pop 4 layer 0
dims 16 1
-0.46299 
-0.645787 
0.393756 
0.840973 
0.690246 
0.477823 
0.391833 
-0.110561 
-0.299609 
-0.118372 
-0.453695 
0.398387 
0.448169 
-0.170128 
0.381984 
-0.168516 
pop 4 layer 1
dims 32 1
-0.0243035 
0.352714 
-0.573102 
-0.943694 
-0.860818 
0.045085 
0.43544 
-0.226129 
-0.696272 
-0.347425 
-0.25391 
-0.571661 
0.567905 
0.604961 
0.213503 
0.414977 
0.445125 
-0.18848 
-0.291769 
-0.958873 
-0.746361 
-0.110555 
-0.56694 
-0.00561214 
-0.330719 
0.0772645 
-0.369176 
0.615768 
-0.459039 
0.804219 
0.541046 
-0.226092 
pop 4 layer 2
dims 4 1
-0.0211788 
0.0618491 
0.64723 
-0.146387 
pop 5 layer 0
dims 16 1
-0.457048 
-0.632001 
0.510264 
0.986648 
0.683339 
0.42543 
0.453672 
-0.180877 
-0.225802 
-0.229809 
-0.540065 
0.450904 
0.534643 
-0.0342031 
0.228249 
-0.12141 
pop 5 layer 1
dims 32 1
-0.129075 
0.356881 
-0.639119 
-1.07599 
-1.02978 
-0.0137975 
0.27702 
-0.335222 
-0.55749 
-0.237675 
-0.0806315 
-0.589411 
0.651963 
0.614303 
-0.0738696 
0.485949 
0.504033 
-0.266085 
-0.234935 
-1.01438 
-0.676003 
-0.0992655 
-0.644317 
-0.0552161 
-0.257707 
0.00933503 
-0.348487 
0.661649 
-0.437556 
0.835571 
0.720728 
-0.153074 
pop 5 layer 2
dims 4 1
-0.0799614 
0.153634 
0.802678 
-0.172005 
pop 6 layer 0
dims 16 1
-0.463541 
-0.558533 
0.329486 
0.725531 
0.737721 
0.346384 
0.342429 
-0.065402 
-0.360176 
-0.00286396 
-0.325219 
0.219183 
0.346767 
-0.00227871 
0.21596 
-0.161669 
pop 6 layer 1
dims 32 1
-0.0998908 
0.409356 
-0.56165 
-1.12467 
-0.994395 
-0.0595276 
0.212867 
-0.276545 
-0.615247 
-0.26164 
0.192072 
-0.451462 
0.48185 
0.726777 
-0.313772 
0.491322 
0.595291 
-0.21695 
-0.225598 
-0.79607 
-0.593761 
-0.0412334 
-0.500869 
0.0988375 
-0.555792 
-0.0118537 
-0.374476 
0.5525 
-0.230361 
0.666815 
0.642431 
-0.264782 
pop 6 layer 2
dims 4 1
-0.0544662 
0.0927896 
0.763163 
0.00686042 
pop 7 layer 0
dims 16 1
-0.540461 
-0.723618 
0.697022 
0.830002 
0.670522 
0.503804 
0.196278 
-0.427039 
-0.374774 
-0.138369 
-0.523263 
0.252579 
0.380812 
-0.201058 
0.252495 
-0.172643 
pop 7 layer 1
dims 32 1
-0.0211271 
0.306127 
-0.717032 
-1.24412 
-1.23688 
-0.0597007 
0.185602 
-0.409852 
-0.591123 
-0.222899 
0.0417435 
-0.610894 
0.575351 
0.638419 
-0.137856 
0.500661 
0.685412 
-0.331211 
-0.144142 
-1.16248 
-0.797085 
-0.0310602 
-0.535344 
0.0743363 
-0.426165 
0.0436876 
-0.291911 
0.624196 
-0.435655 
0.697271 
0.83509 
-0.421604 
pop 7 layer 2
dims 4 1
-0.117412 
0.144361 
0.999279 
-0.182041 
pop 8 layer 0
dims 16 1
-0.468914 
-0.552222 
0.384513 
1.01314 
0.678731 
0.413455 
0.436972 
-0.220944 
-0.320615 
-0.232682 
-0.447636 
0.32947 
0.33833 
-0.0995267 
0.268769 
-0.112969 
pop 8 layer 1
dims 32 1
0.0181572 
0.405897 
-0.545658 
-1.11591 
-0.578067 
0.0914703 
0.0727557 
-0.442653 
-0.531243 
0.051553 
-0.090257 
-0.230391 
0.674338 
0.512407 
0.0129889 
0.546507 
0.310629 
-0.035377 
-0.500274 
-0.726819 
-0.443188 
-0.334947 
-0.450261 
-0.100046 
-0.320996 
-0.0683088 
-0.0757217 
0.604874 
-0.643149 
1.00074 
0.77575 
-0.0918772 
pop 8 layer 2
dims 4 1
0.0128755 
0.179968 
0.610254 
-0.227479 
pop 9 layer 0
dims 16 1
-0.582278 
-0.448322 
0.655291 
0.883999 
0.543489 
0.446647 
0.258669 
-0.139547 
-0.165766 
-0.189904 
-0.4972 
0.210622 
0.45424 
-0.0852007 
0.460539 
-0.192672 
pop 9 layer 1
dims 32 1
-0.304887 
0.32288 
-0.520644 
-1.10029 
-1.06069 
-0.0631351 
0.137951 
-0.19086 
-0.713176 
-0.170769 
-0.180159 
-0.377264 
0.762228 
0.440398 
-0.0854066 
0.442082 
0.545357 
-0.0208211 
-0.084959 
-0.770644 
-0.634224 
-0.203994 
-0.696201 
-0.24949 
-0.20308 
-0.0346517 
-0.215584 
0.656043 
-0.425551 
0.755505 
0.604729 
-0.0861695 
pop 9 layer 2
dims 4 1
-0.0438755 
0.137704 
0.757724 
-0.116723 
vBiases_end
vWeights_start
pop 0 layer 0
dims 16 5
-0.0999032 -0.128863 -0.742755 0.0794797 -0.0575933 
-0.0642792 -0.104849 -0.0215449 -0.31113 0.082362 
0.261202 -0.230868 0.675491 -0.178194 -0.103192 
0.115909 -0.0671288 0.310466 0.0230138 -0.421142 
0.736145 -0.33225 0.497476 -0.304222 0.0799493 
-0.140491 0.178417 0.330359 0.46291 -0.296556 
-0.938429 -0.23061 0.1505 -0.0751398 -0.175977 
0.0568751 0.595178 -0.0302301 0.328808 0.532751 
-0.218094 -0.0101308 -0.0608062 -0.404109 -0.547429 
-0.452829 0.144781 -0.398677 -0.350112 -0.332205 
0.630249 -0.267077 0.503121 -0.140295 0.0472968 
-0.02862 -0.150101 -0.791129 0.163943 -0.431277 
-0.404184 -0.513514 0.167246 0.287557 0.0892549 
0.375307 0.0264149 -0.817048 -0.043293 0.48023 
0.398969 0.403261 0.192617 -0.336589 -0.145897 
0.127417 0.999705 -0.713913 0.489139 0.32775 
pop 0 layer 1
dims 32 16
-0.147704 0.506264 -0.564431 0.607967 -0.538764 -1.15601 0.0348616 0.0593504 0.407681 0.351415 0.682029 -0.0940761 0.110434 0.132977 -0.704943 -0.0767129 
-0.0380194 0.227364 0.509386 -0.0198288 -0.365924 0.0606334 -0.461994 -0.136021 -0.68239 0.0480887 -0.398796 1.15848 -0.575583 0.30076 0.83579 -0.848194 
-0.367742 -1.00555 0.45864 -0.45966 0.320263 -0.0484953 0.18115 0.321184 -0.422982 -0.112117 0.366421 -0.587511 -0.707845 0.156492 0.396031 -0.624949 
0.156297 0.0958 0.496982 -0.97881 -0.329459 -0.390307 -0.549055 0.788745 0.152197 0.383655 -0.0656325 0.222308 -0.814623 0.236998 0.81778 -0.0144965 
-0.470908 0.128811 -0.906077 -0.219012 0.0698627 0.43149 0.756672 0.0321137 -0.0682259 -0.149444 -0.325757 0.0822159 0.401191 0.674623 -0.703575 -0.444485 
-0.576329 0.148158 1.09318 0.148547 -0.196986 0.536885 0.0178655 -0.259496 0.430461 -0.0474223 0.839732 -0.12399 0.357602 -0.295889 -0.274596 0.474926 
-0.111571 -0.154285 -1.12984 -0.147956 0.953152 -0.454495 -0.566655 -0.457612 0.766167 -0.196549 -0.073077 0.664265 -0.783993 0.651754 0.176577 0.162633 
0.581653 -0.348743 0.14171 0.216238 -0.518973 -0.21271 0.287591 -0.443383 -0.218579 -0.271386 0.0898433 -0.153199 -0.300195 0.163647 0.0835677 1.10966 
-0.0546343 0.370719 0.471292 0.251578 0.0294979 -0.455597 -0.0953277 0.591734 0.168386 0.0606453 -0.909552 -0.683108 -0.827214 -0.46027 -0.484444 0.742029 
0.691869 0.198575 0.336596 0.852132 -0.0171429 -0.407986 -0.669259 0.234555 0.261729 0.259096 -0.0502387 0.358654 -0.0715232 -0.713201 0.513116 -0.708191 
0.0267971 -1.2156 1.00515 -0.115147 0.185785 0.0825807 -0.135084 -0.0198762 -0.00641827 -0.851902 0.0610654 -0.141295 -0.182171 -0.417153 0.112447 0.484073 
-0.106333 -1.07789 -0.524903 -0.271997 -0.0532318 0.514543 -0.795301 0.29773 0.114968 0.0965118 -0.382817 -0.270975 -0.403088 -0.402653 -0.700565 0.428488 
-0.302545 -0.239851 0.0637413 -0.0979957 0.988013 0.18385 0.33991 -0.356267 -0.00985514 0.167477 0.377921 -0.0825283 -0.307033 0.618127 -0.0941639 0.314303 
-0.188198 0.24931 0.196283 -0.00714453 -0.829997 0.410001 0.947252 -1.06166 -0.657186 0.0643162 -0.045625 -0.744494 -0.609647 -0.174432 -0.130404 -0.158918 
0.207502 0.215024 -0.278804 0.352253 -0.915526 0.292781 0.434527 0.745411 0.561089 0.310301 0.76112 -0.341822 0.147533 0.820494 -0.405636 0.0389372 
-0.170112 -0.468359 0.415435 0.113762 -0.745478 -0.0871123 0.644463 -0.937713 0.0981161 -0.37612 -0.429364 -0.255881 0.100277 -0.511251 -0.0760098 0.143735 
0.0195311 0.451432 0.133899 -0.216399 0.670709 -0.137869 -0.0535222 -0.0897911 -0.434556 0.118478 -0.103176 -0.526666 0.0196627 0.0757923 -0.279492 -0.197446 
0.068319 0.177324 -0.473696 -1.28858 0.101021 -0.0850884 -0.643091 -0.33852 0.0220736 0.458523 -0.40824 0.631204 0.344331 0.439311 0.566164 0.0211384 
-0.897669 0.319341 0.368681 0.353695 -0.0455957 -0.143251 0.213043 -0.00477276 -0.104946 -0.294682 0.59821 0.326486 0.137545 0.230854 -0.427141 0.120301 
-0.0677656 -0.162921 0.728921 -0.640507 0.737924 0.20487 -1.01875 0.265491 -0.494349 0.0235375 -1.07381 -0.408476 0.175904 0.0817985 0.601533 0.751933 
0.670057 -0.627793 -0.618427 -0.00996777 -0.255904 -0.516884 -0.364133 -0.0597407 0.771615 -0.520495 -0.255909 -0.647094 -0.601314 -0.20073 -0.144893 0.250614 
0.175689 -0.115316 1.00695 0.166805 0.00449726 0.257263 -0.844615 0.594279 0.102859 0.247546 -0.593392 0.700925 -0.093775 0.220034 -1.06361 -0.219171 
-1.26374 -1.11604 -0.422474 -0.435453 0.337616 -0.109028 0.866852 0.9367 0.0155095 -0.144552 0.0808998 -0.0640772 0.0867142 0.338915 0.352563 0.154704 
-0.382338 0.773352 -0.573567 0.0616418 -0.669703 -1.12037 -0.0397844 0.0754062 -0.113701 0.285728 0.798703 0.563313 -0.658161 -0.270489 -0.20398 0.155523 
0.0290146 -0.287995 -0.441053 -0.864482 0.489926 0.735224 -0.593097 1.03005 -0.00573673 -0.0594502 0.0304681 -0.292039 -0.0772054 -0.304862 0.395354 0.119329 
0.426388 -0.813749 -0.201042 -0.213445 -0.251877 -0.46894 -0.0949956 0.441478 0.937328 0.192117 -0.847598 0.315691 -0.06344 -0.302858 -0.587722 0.904282 
0.642919 -0.617106 0.199594 0.171631 0.821871 -0.152058 0.0838478 0.657483 -0.273691 -0.369072 -0.614362 0.245659 -0.462337 -0.0839801 0.177962 -1.02483 
-0.0392767 0.945371 -0.230456 -0.230582 0.253887 0.435983 0.676957 0.235442 -0.767263 -0.335789 -0.460352 -1.56451 0.165093 -0.38849 -0.100112 0.784867 
0.57221 -0.420648 -0.151413 -0.537352 0.277816 -0.510601 -0.365871 -0.629807 0.201613 -0.258362 0.0547595 0.597801 -0.615613 -0.214645 0.194002 0.357004 
-0.628078 0.216934 0.264537 -0.546859 -0.308472 -0.672961 -0.272237 0.425894 -0.885005 0.563288 0.489468 0.626724 0.509089 -0.36858 -0.19111 0.224249 
-0.144204 0.218412 -0.27268 0.422519 -0.707073 0.459554 -0.21095 0.197896 0.111228 0.0439537 0.676244 -0.387579 0.412477 0.599419 -0.945836 -0.419701 
-0.348539 -0.617772 0.029626 0.852219 -0.383813 0.902377 -0.400108 -0.107241 0.168706 0.87434 -0.723332 -0.164178 -0.829424 -0.778855 -0.420449 -0.171856 
pop 0 layer 2
dims 4 32
-0.12632 -0.0620196 -0.125254 -0.155369 0.691211 0.342781 1.28325 0.0244151 0.713861 -0.236509 0.317861 0.693293 -0.488339 0.535082 0.285745 0.307121 -0.230144 -0.0722377 -0.0839716 -0.302228 -0.532141 -0.902489 -0.091599 -0.6514 0.0625269 0.502058 0.131732 0.353196 0.163866 0.354931 0.321737 -0.164908 
0.0280808 -0.326292 -0.149262 0.618565 -0.181205 0.198633 -0.0950608 -0.335272 0.107369 0.173235 0.046708 0.973652 0.200455 -0.151864 -0.322829 -0.122542 0.414271 -0.35664 -0.0993447 0.2459 -0.819303 0.0757771 0.419812 0.094099 0.246283 0.189305 0.250548 -0.179815 0.112677 0.044432 0.199316 0.0994855 
0.929699 -0.396507 0.0269654 -0.298572 -0.434825 -0.400316 -0.460941 -0.0651617 -0.238928 0.582643 -0.275473 -1.11111 0.398873 0.207513 0.826851 -0.0727465 0.665536 0.276914 -0.622864 -0.222488 0.191737 -0.3808 -0.10555 -0.102893 -0.0718606 -0.188362 0.201643 -0.20577 0.0209387 0.124373 0.330521 -0.104369 
0.177801 0.429339 -0.793821 -0.597689 0.0320665 0.00111248 -0.0613317 -0.0446203 -0.0797233 -0.0986211 0.0885667 0.329908 -0.0917037 -0.723143 -0.535727 -0.0487713 0.207302 -0.0937877 -0.452549 0.340813 0.35788 -0.540564 -0.948346 -0.438714 -0.147572 -0.388946 -0.0481005 -0.495034 0.154413 0.464513 -0.322006 -0.161255 
pop 1 layer 0
dims 16 5
-0.0668239 -0.467539 -0.659573 0.495729 0.00555952 
0.0963469 -0.0111283 0.134302 -0.358625 0.0348365 
0.532018 -0.370037 0.717591 -0.25968 0.212475 
0.668134 -0.0351204 0.0325238 -0.175889 -0.576244 
0.526434 0.0913105 0.447952 0.335725 0.447865 
-0.136895 0.219193 0.223883 0.274729 -0.401999 
-0.71521 -0.262635 -0.22131 -0.101778 -0.224751 
0.0077703 0.609104 0.223218 0.494134 0.13249 
-0.151945 0.154282 -0.554446 -0.408135 -0.325257 
0.0520942 0.178346 -0.741134 -0.342073 -0.0627359 
0.191582 -0.422218 0.689651 -0.105603 -0.0927377 
-0.1161 -0.135371 -0.483962 0.261833 -0.172943 
-0.554641 -0.388755 0.169506 0.60334 0.0977311 
0.504164 -0.0276923 -0.90955 0.0658877 0.246654 
0.148026 0.0468998 -0.0751645 -0.385934 0.0142989 
0.360508 0.656447 -0.289241 0.597115 0.328592 
pop 1 layer 1
dims 32 16
-0.0860203 0.476402 -0.79908 0.70378 -0.651633 -1.27715 0.187506 -0.1833 0.429496 0.11922 0.678353 0.218901 0.333317 0.380825 -0.792156 -0.102061 
-0.116718 0.142915 0.118832 -0.082275 -0.333412 -0.08927 -0.665772 -0.457546 -0.693584 0.229691 -0.394883 1.09942 -0.594599 0.196744 0.693113 -0.752875 
-0.202213 -0.9578 0.0434698 -0.289451 0.152548 -0.196355 0.32748 -0.126797 -0.305047 0.173799 0.0302223 -0.459403 -0.754759 0.451625 0.326551 -0.445914 
-0.11157 -0.330707 0.498003 -0.778057 -0.193826 -0.331284 -0.82997 0.761518 0.236427 0.236925 -0.204105 0.0654232 -1.07566 0.277492 0.922829 0.0331096 
-0.459656 -0.195618 -0.679906 0.0640463 -0.317146 0.553342 0.799593 0.173625 -0.0402793 -0.154496 -0.173746 0.335163 0.280052 0.607651 -0.330449 -0.123569 
-0.549942 0.327205 1.04487 0.0677514 -0.408379 0.368148 -0.0678082 0.0942405 0.372797 -0.0256731 0.972652 -0.627598 0.396871 -0.0980241 -0.0327823 0.680475 
-0.238411 -0.101157 -1.12957 -0.421345 0.814278 -0.458751 -0.375938 -0.476293 0.755409 -0.258256 -0.173275 0.651601 -0.829539 0.780763 0.289981 -0.0842404 
0.664787 -0.63874 -0.101582 0.330538 -0.218225 -0.123751 0.0436505 -0.711554 -0.272491 -0.568893 0.199083 -0.386868 -0.604157 -0.0215293 -0.104586 0.9416 
-0.170573 0.652533 0.3362 0.400219 -0.21868 -0.529658 0.0343768 0.620283 0.0223385 0.403176 -0.902415 -0.615506 -0.733035 -0.155193 -0.546096 0.650348 
0.651155 0.333443 -0.0205467 0.963409 -0.0432314 -0.546838 -0.763401 -0.173798 0.269343 0.0989594 -0.17756 -0.0638744 -0.338903 -0.24473 0.459729 -0.815898 
0.0147858 -1.16199 1.08779 0.00982265 0.150151 0.282685 0.000458363 -0.150244 -0.263214 -0.796617 -0.21536 -0.0415907 -0.384575 -0.679988 -0.117407 0.29501 
0.141337 -0.96628 -0.333775 -0.407363 0.241636 0.46758 -0.716605 0.408738 -0.0496244 -0.00711562 -0.642582 -0.253738 -0.272132 -0.509229 -0.642385 0.234854 
-0.0440243 -0.557687 0.257167 -0.299106 1.06616 0.0394285 0.425737 -0.500149 -0.0816183 0.248394 0.341434 -0.0122857 -0.381835 0.61261 0.153908 0.382031 
-0.242025 0.342587 0.0641811 -0.00526494 -0.882728 0.64997 1.17176 -0.697264 -0.764527 0.019551 0.0579149 -1.01475 -0.429667 -0.441441 0.187028 -0.0167751 
0.105475 0.116426 -0.394296 0.394603 -0.877062 0.34325 0.260055 0.906161 0.718716 0.238545 0.954613 0.011325 0.583649 1.11422 -0.368106 -0.14232 
-0.209673 -0.639516 0.498627 -0.0239871 -0.511174 -0.0239917 0.587208 -0.758693 0.0772631 -0.463228 -0.395537 -0.122618 0.104579 -0.453463 0.094932 0.0491143 
0.255233 0.446723 0.0251616 0.035598 0.315512 -0.0459956 -0.0462654 -0.104618 -0.172192 0.0534965 -0.0373562 -0.585253 0.0900526 -0.228342 -0.364567 -0.144347 
0.298379 0.317282 -0.670654 -1.27401 -0.19611 0.0789187 -0.575951 -0.483421 -0.079137 0.294895 -0.545376 0.6298 0.287856 0.276684 0.515089 -0.189987 
-0.780825 0.146189 0.45966 0.237839 0.00467582 -0.368176 0.537112 -0.346646 -0.148624 -0.486543 0.54227 0.103026 -0.0313415 0.304836 -0.468799 0.139894 
-0.261509 -0.375665 0.930356 -0.678121 0.833077 -0.154279 -0.669493 0.199084 -0.372325 0.304217 -0.862131 -0.227486 0.263346 0.154838 0.642305 0.663269 
0.675556 -0.360045 -0.289632 0.019664 -0.175407 -0.520174 -0.696286 0.1465 0.37564 -0.520443 -0.220997 -1.14966 -0.491384 0.154497 -0.475474 0.318252 
0.168934 -0.0495601 0.833015 0.133602 -0.143349 0.223739 -0.683662 0.623349 -0.0877914 0.274977 -0.706817 0.900564 0.0420567 0.393375 -0.698709 -0.212897 
-1.28819 -1.07551 -0.0626151 -0.499348 0.239938 -0.488321 0.659443 0.998849 -0.120146 -0.393608 -0.125193 -0.258786 0.00114693 0.644677 0.448401 0.364511 
-0.28595 0.589768 -0.817593 0.328121 -0.805994 -1.51294 -0.22831 -0.14716 0.228108 0.0674248 0.776017 0.384709 -0.592268 -0.178958 -0.258406 0.0940364 
-0.0297425 -0.128121 -0.705493 -0.933305 0.515124 0.809514 -0.555181 0.977203 -0.185629 0.0366171 -0.0837925 -0.390334 0.126577 -0.091147 0.569434 0.0830628 
0.370251 -1.04416 0.0217443 -0.427572 -0.401568 -0.460577 0.0727789 0.295047 0.863579 0.395745 -0.709831 0.294506 0.225415 -0.585354 -0.416905 0.717562 
0.66513 -0.609106 0.0407842 0.101317 1.0029 -0.215337 0.392299 0.228695 -0.492924 -0.033112 -0.550896 0.106534 -0.758836 -0.0331838 0.183025 -1.07923 
0.0813767 0.767458 -0.162761 -0.0898081 0.168399 0.633836 0.36761 0.369436 -1.16547 -0.3505 -0.155763 -1.36704 0.485436 -0.281025 -0.330544 0.656876 
0.179497 -0.297141 -0.648764 -0.546875 0.325943 -0.434153 -0.255162 -0.345378 0.074207 -0.032384 -0.246084 0.590291 -0.584317 -0.273229 0.175319 0.22769 
-0.528029 0.239981 0.365587 -0.536538 -0.620037 -0.549704 -0.412133 0.392143 -0.605933 0.814644 0.515674 0.533883 0.417985 -0.553209 0.0435266 0.463516 
0.262924 0.255074 -0.251312 0.297617 -0.182509 0.395272 0.0274259 0.48307 0.099666 -0.192847 0.535743 -0.134418 0.198626 0.716005 -0.803899 -0.41959 
-0.571505 -0.749213 0.228312 0.733599 -0.459242 0.997243 -0.478006 -0.22476 0.148502 0.773157 -0.758436 -0.370856 -0.695858 -0.459864 -0.580488 -0.116027 
pop 1 layer 2
dims 4 32
-0.193528 -0.227422 0.062603 -0.315982 0.531026 0.322706 1.23609 -0.00180379 0.530081 -0.194521 0.113799 0.575364 -0.578976 0.659234 0.478488 0.340924 -0.157368 -0.354243 0.011094 -0.23391 -0.554996 -0.887004 -0.165924 -0.426825 0.171599 0.606212 -0.0574802 0.354333 0.341736 0.254637 0.318267 -0.223565 
-0.115415 -0.218774 -0.0524449 0.497956 -0.249285 0.263529 -0.0746527 -0.0858553 0.00588522 0.184872 -0.0265191 0.8378 0.131433 -0.383169 -0.245658 -0.411745 0.592826 -0.398681 -0.284917 0.15037 -0.458403 -0.0529235 0.617648 0.0809074 0.245207 0.219531 0.446309 -0.20304 0.0139034 0.0565317 0.135526 0.098688 
0.837038 -0.41353 0.0221593 -0.34562 -0.709659 -0.439814 -0.323074 -0.0308869 -0.201409 0.607506 -0.134825 -0.926702 0.621673 0.311948 0.763707 -0.154287 0.582689 0.265383 -0.588345 -0.513425 0.145255 -0.289462 -0.00116266 -0.258653 -0.109171 -0.314104 0.169407 -0.446773 0.239612 0.090585 0.373478 0.167019 
0.328311 0.330752 -0.659858 -0.247093 0.0265944 -0.202628 -0.219751 0.195059 -0.20527 0.12387 0.21009 0.282713 -0.0916686 -0.748103 -0.796757 0.001432 0.160799 -0.0721632 -0.575608 0.155437 0.476582 -0.595896 -0.892258 -0.606287 -0.0895236 -0.478938 0.0120957 -0.475307 0.229581 0.287882 -0.35876 -0.316185 
pop 2 layer 0
dims 16 5
-0.0753523 -0.489166 -0.734445 0.353299 -0.120801 
0.150722 -0.0503941 -0.0202952 -0.573594 -0.257473 
0.241293 -0.262485 0.633199 -0.277589 -0.0401783 
0.460973 -0.0851343 0.127925 -0.211302 -0.640622 
0.631992 0.106052 0.447007 -0.0219549 0.350573 
-0.0707467 0.260307 0.309231 0.173407 -0.640669 
-0.73639 -0.214696 -0.0661754 -0.25711 -0.336663 
0.0440884 0.55642 0.547185 0.527544 0.197323 
-0.132976 -0.177506 -0.549338 -0.464261 -0.384543 
0.00891482 -0.0712146 -0.81971 -0.272201 -0.149707 
0.248858 -0.455209 0.488089 -0.146749 -0.0385245 
-0.414477 -0.128379 -0.197513 0.330397 -0.243723 
-0.684186 -0.29357 0.205556 0.545434 0.0147536 
0.361051 0.209702 -0.82545 0.00287421 0.246579 
0.216023 0.0583177 -0.118752 -0.417106 0.0742667 
0.259873 0.387232 -0.692218 0.408074 0.316451 
pop 2 layer 1
dims 32 16
-0.058528 0.376132 -0.56121 0.590389 -0.532443 -1.03694 0.219439 -0.260224 0.374925 0.184658 0.756433 0.321407 0.358605 0.455193 -0.537011 -0.254433 
-0.0663249 0.112735 0.0289448 -0.0728029 -0.308875 -0.052635 -0.379179 -0.452877 -0.576044 0.293792 -0.395694 0.951722 -0.601705 0.0762384 0.657035 -0.567785 
-0.0707724 -0.909962 0.0803079 -0.328964 0.148885 -0.287169 0.284015 -0.0394626 -0.368641 0.00340263 0.0202429 -0.422455 -0.712472 0.393126 0.283664 -0.300875 
-0.17446 -0.42363 0.451302 -0.6791 -0.189249 -0.255503 -0.729713 0.717326 0.30337 0.304734 -0.189061 -0.0848364 -0.911966 0.194255 0.860089 0.174718 
-0.351948 -0.28181 -0.615142 0.0398556 -0.339684 0.496881 0.767593 -0.00626926 -0.0764426 -0.128527 0.0759851 0.443444 0.397314 0.653126 -0.353692 -0.266777 
-0.510657 0.20271 1.05056 0.0727157 -0.261346 0.42931 -0.0645722 -0.0527975 0.472779 -0.0450308 0.944105 -0.71025 0.228955 -0.0299455 -0.07303 0.479603 
-0.235656 -0.0561706 -0.82873 -0.407271 0.426048 -0.522336 -0.21812 -0.264874 0.61081 -0.191708 -0.196153 0.548191 -0.751376 0.637593 0.353568 -0.0689085 
0.516512 -0.526136 0.0770556 0.354843 -0.36049 -0.0475546 -0.00820642 -0.613317 -0.172761 -0.407431 0.308591 -0.253554 -0.664266 0.0270627 -0.155619 0.922522 
-0.198871 0.75803 0.225421 0.214246 0.0568903 -0.43056 -0.164744 0.553547 -0.215641 0.338845 -0.805613 -0.557563 -0.688595 -0.117068 -0.674408 0.586855 
0.453769 0.233162 -0.10832 0.737394 0.017315 -0.507532 -0.777561 -0.00899476 0.262974 0.101775 -0.0972545 0.0328933 -0.372489 -0.272131 0.311659 -0.740997 
-0.0355469 -1.21035 0.977864 0.0783672 0.220813 0.201588 -0.0200269 -0.114911 -0.36241 -0.585624 -0.266515 -0.0904506 -0.422212 -0.626798 0.155196 0.309138 
0.0394959 -0.855728 -0.342076 -0.437443 0.289155 0.628796 -0.767749 0.516689 -0.125687 0.200622 -0.497172 -0.186729 -0.28285 -0.345501 -0.693982 0.251527 
0.117761 -0.362736 0.249483 -0.211773 0.820896 0.0988289 0.327837 -0.430596 -0.067111 0.110518 0.264316 -0.082963 -0.398418 0.350923 -0.0460625 0.355602 
-0.223797 0.316116 0.0514298 0.136806 -0.696433 0.527541 0.967896 -0.570556 -0.797569 -0.0834544 -0.0443142 -0.832058 -0.430611 -0.430665 0.329473 -0.15249 
0.108863 -0.0441994 -0.405886 0.26636 -0.773438 0.382023 0.290479 0.832184 0.55553 0.185167 0.843546 -0.172462 0.612803 1.09165 -0.353201 -0.254689 
-0.254031 -0.667573 0.382283 -0.113074 -0.410747 -0.0305293 0.361151 -0.649032 0.143653 -0.574507 -0.417681 0.0129518 0.185188 -0.370064 -0.0181873 0.0207621 
0.113856 0.441696 0.117042 0.074063 0.240736 0.173262 0.0829911 0.013071 -0.168856 0.0459329 0.0742309 -0.623765 -0.00449625 -0.231224 -0.204487 -0.116077 
0.116513 0.320384 -0.569682 -1.1702 -0.0261168 0.131119 -0.203113 -0.446118 -0.0988864 0.0787514 -0.468683 0.606333 0.0990566 0.0893917 0.524295 -0.221944 
-0.54893 0.00310027 0.339031 0.215817 0.000204278 -0.330657 0.413669 -0.319625 -0.160634 -0.587327 0.491151 -0.0220368 -0.217466 0.230468 -0.532761 0.160194 
-0.114573 -0.304044 0.936765 -0.466559 0.652953 -0.206023 -0.581088 0.152683 -0.356721 0.255355 -0.726398 0.00359696 0.335655 0.144103 0.567135 0.534325 
0.632625 -0.362706 -0.256587 0.108367 -0.267458 -0.473528 -0.737919 0.0727937 0.450122 -0.379246 -0.205771 -0.843403 -0.415193 0.238397 -0.396658 0.41412 
0.177591 -0.0910974 0.797444 0.0632916 -0.094468 0.0779257 -0.455959 0.388263 -0.0478432 0.150098 -0.554222 0.899111 -0.129887 0.320378 -0.700756 -0.233034 
-1.1331 -1.09631 0.00241929 -0.403624 0.459618 -0.339207 0.546092 1.01765 -0.193878 -0.28605 -0.153789 -0.200227 0.0796656 0.492382 0.277677 0.335882 
-0.290595 0.584282 -0.907374 0.406031 -0.751308 -1.34986 -0.284053 0.0666394 0.21318 0.110756 0.727174 0.288678 -0.429666 -0.153421 -0.0852438 0.155761 
0.0553472 0.0457064 -0.73254 -0.807169 0.309119 0.85689 -0.477491 0.69639 -0.28044 -0.0639284 0.0563943 -0.34884 0.0666211 -0.0268906 0.541302 0.134345 
0.299543 -0.958837 0.00136311 -0.413641 -0.364218 -0.450105 0.0857982 0.334063 0.842961 0.435361 -0.628495 0.153568 0.142634 -0.496324 -0.517492 0.609771 
0.602149 -0.574401 0.0106079 0.0984705 1.02948 -0.392904 0.377247 0.314526 -0.400585 -0.129354 -0.548415 0.211497 -0.735428 0.0317878 0.240912 -1.08215 
0.0204372 0.603541 -0.0646858 -0.264897 0.115461 0.481822 0.287052 0.206094 -1.12404 -0.145705 -0.226318 -1.25498 0.471944 -0.174686 -0.209749 0.493537 
-0.114983 -0.301099 -0.540288 -0.441263 0.390776 -0.384921 -0.299695 -0.278526 0.0066722 -0.135745 -0.3152 0.495539 -0.50231 -0.222283 0.297573 0.155333 
-0.684807 0.25887 0.225828 -0.459463 -0.638402 -0.487641 -0.217087 0.377112 -0.498245 0.773425 0.420125 0.410239 0.390336 -0.45282 0.0337651 0.395685 
0.239735 0.218147 -0.0598849 0.2125 -0.268891 0.423513 0.285212 0.308714 0.124527 -0.224068 0.440079 -0.0836947 0.168098 0.632551 -0.716674 -0.34443 
-0.485736 -0.800833 0.130837 0.6865 -0.413753 0.959969 -0.350586 -0.318518 0.141697 0.877419 -0.503137 -0.619509 -0.757992 -0.383189 -0.43651 -0.0153895 
pop 2 layer 2
dims 4 32
-0.250178 -0.0424645 -0.0559118 -0.0410064 0.580267 0.304179 1.29271 -0.0563533 0.653772 -0.297358 0.0619776 0.490059 -0.499385 0.275861 0.404187 0.351078 -0.211808 -0.380036 -0.0193081 -0.30001 -0.514902 -0.95931 -0.0512129 -0.558561 0.271442 0.544216 0.18854 0.289393 0.371315 0.362015 0.409598 -0.31762 
0.00399917 -0.369145 0.0671976 0.54381 -0.116255 0.255935 -0.225972 -0.191843 0.16884 0.368596 0.00968479 0.939428 0.387503 -0.246492 -0.219279 -0.053826 0.773969 -0.400897 -0.374831 0.271131 -0.514091 -0.0775117 0.620162 -0.0887213 0.357191 0.215114 0.27224 -0.211181 0.141572 -0.0233813 0.295778 -0.00672581 
0.820236 -0.3815 -0.058758 -0.372064 -0.553011 -0.434015 -0.570643 -0.23117 -0.327689 0.634448 -0.215341 -1.03839 0.463125 0.526984 0.843675 -0.0418125 0.538869 0.301882 -0.6097 -0.644612 0.190188 -0.17312 0.032156 -0.0706154 -0.275172 -0.273897 0.00434124 -0.543849 0.080481 0.00689379 0.309486 0.195783 
0.143614 0.57336 -0.764658 -0.287853 -0.0120618 -0.244504 0.0914826 0.183203 0.117992 0.0283559 -0.117827 0.313179 0.00757516 -0.686913 -1.0087 -0.0203295 0.320383 -0.0844683 -0.559823 0.190032 0.398331 -0.528119 -0.759555 -0.481831 0.0287276 -0.437611 0.135609 -0.595405 0.0967189 0.210185 -0.205799 -0.537486 
pop 3 layer 0
dims 16 5
-0.236065 -0.493578 -0.54363 0.0211783 -0.0454457 
0.174754 0.0337926 -0.233239 -0.421111 0.0236842 
0.274714 -0.207601 0.688926 -0.26218 -0.257351 
0.551153 -0.20062 0.226763 -0.488647 -0.432752 
0.637322 -0.110453 0.539881 -0.125236 0.257532 
0.339946 0.363034 0.498582 0.389055 -0.519538 
-0.802185 -0.17962 -0.0508059 -0.365439 -0.195334 
0.136181 0.650883 -0.0433917 0.352752 0.22536 
-0.18527 -0.0748529 -0.268685 -0.434099 -0.141739 
-0.0788244 0.0172008 -0.599746 -0.0997118 -0.143971 
0.655586 -0.0916573 0.502588 -0.230322 -0.0612657 
-0.189369 -0.0329454 -0.661653 0.303901 -0.552605 
-0.542847 -0.186593 -0.0244671 0.277547 0.0203624 
0.449025 0.181452 -0.802809 -0.0442341 0.461052 
0.325606 -0.141108 -0.160716 -0.482839 -0.285406 
0.240836 0.403297 -0.309023 0.65413 0.320804 
pop 3 layer 1
dims 32 16
0.305151 0.347546 -0.523119 0.491924 -0.817785 -0.851866 0.0975816 0.206389 0.471866 0.173711 0.882897 -0.126515 -0.114984 0.364829 -0.563995 0.0617758 
-0.200506 0.2012 0.599907 -0.277463 -0.499097 0.141372 -1.0121 -0.168678 -0.138703 0.0260276 -0.610697 1.15116 -0.675415 0.0644205 0.618017 -0.824812 
-0.401874 -0.735639 0.167844 -0.526226 0.203806 -0.135564 -0.0656924 -0.0201953 -0.126296 -0.0948689 -0.161963 -0.522998 -0.552844 -0.0760331 0.0551783 -0.470742 
0.646918 -0.0422525 0.105793 -0.776273 -0.282677 -0.286983 -0.352486 0.440015 0.279588 0.333119 0.164191 0.400442 -0.594341 -0.0908477 0.894893 -0.0762513 
-0.129803 0.394786 -0.824525 -0.128973 -0.120503 0.568623 0.0841477 -0.0577058 -0.145982 -0.347266 -0.293804 0.286667 0.0670274 0.653146 -0.537928 -0.14004 
-0.59615 0.0253865 1.2247 -0.036927 -0.107216 0.538783 -0.1696 0.0119894 0.0113678 0.00413136 0.38578 -0.188346 0.135757 -0.538666 -0.147636 0.627957 
-0.250192 0.0626251 -1.21342 -0.115773 0.539992 -0.29177 -0.316057 -0.0767295 0.575253 -0.0549064 0.027184 0.700697 -0.70703 1.03521 0.0376144 0.0434488 
0.408973 -0.629931 -0.389826 -0.00431797 -0.375876 0.000131156 0.138736 -0.618835 0.0919897 -0.232856 0.25326 -0.412328 -0.0332377 0.094062 -0.0309755 1.02207 
-0.0799708 0.267329 0.466654 0.123123 -0.326357 -0.819505 0.112253 0.627483 0.342788 0.254301 -0.9138 -0.397064 -0.664511 -0.420217 -0.413015 0.582326 
0.980825 0.283473 0.411268 0.629053 0.181471 -0.578602 -0.342023 -0.0936677 0.298213 0.0146572 -0.339861 0.0564029 -0.18686 -0.386591 0.282495 -0.615719 
0.0669347 -1.23849 0.588866 -0.271173 0.0251757 0.469169 -0.337646 -0.480912 -0.545574 -0.758492 0.179111 -0.63046 -0.15599 -0.317036 0.281331 0.630642 
-0.0844071 -0.922576 -0.540536 -0.45751 0.107168 0.661585 -0.65753 -0.0225475 0.194666 0.171035 -0.329172 -0.291447 -0.0240163 -0.344082 -0.618516 -0.131092 
-0.0937664 -0.424657 -0.0128647 -0.0581162 0.599191 -0.088346 0.438897 0.297906 -0.188701 -0.0831365 0.392329 -0.372898 -0.409595 0.208364 0.203376 0.143988 
-0.260723 0.586103 -0.112849 0.0305996 -1.00265 0.353899 1.06317 -0.921471 -0.598356 0.20605 0.100864 -0.989006 -0.577321 -0.392853 -0.183311 0.106122 
0.270562 0.0408381 -0.275212 0.243314 -0.658356 0.188715 0.174991 0.467003 0.287792 0.207709 0.355728 0.209052 0.552749 1.06729 -0.293101 -0.311333 
0.153771 -0.65038 0.598832 -0.0929772 -0.612601 -0.346963 0.1707 -0.911834 0.220694 -0.165248 -0.217258 0.190892 -0.145722 -0.586068 0.319225 0.11448 
0.110773 0.345158 0.30626 0.15604 0.31767 0.23604 -0.0717326 -0.275304 -0.0856054 -0.0702634 -0.152996 -0.0988813 -0.552621 -0.146232 -0.354694 -0.279585 
0.102142 0.210587 -0.217616 -0.704067 -0.134845 -0.492445 -1.16795 -0.414078 -0.24177 0.36895 -0.340114 0.389732 -0.0755576 0.321232 0.4923 0.129155 
-0.42934 0.408706 0.387515 0.0534551 -0.138575 -0.445339 0.203065 -0.139873 0.057361 -0.363637 0.407959 0.0485198 0.557615 0.19866 -0.296165 0.149186 
-0.448751 -0.206931 0.77667 -0.340952 0.470249 0.0580851 -0.984812 0.289438 -0.695693 0.226707 -0.62624 -0.504379 0.325507 0.361763 0.501466 0.425058 
0.75422 -0.510892 -0.749334 -0.018023 -0.193763 -0.586958 -0.500468 0.125517 0.858304 -0.446373 -0.468996 -0.686479 -0.15167 0.120194 -0.203881 0.266469 
0.282243 -0.143419 1.00888 -0.163572 0.107986 0.282162 -0.93709 0.304662 -0.110788 0.0690464 -0.642371 0.531678 0.052962 0.164865 -0.927929 -0.382062 
-0.861166 -0.973814 -0.236546 -0.255785 0.254098 -0.318594 0.564269 0.81449 0.158822 -0.20728 0.186744 0.0569749 0.232204 0.598991 0.306895 0.442743 
0.00157025 0.667139 -0.515591 0.0580063 -0.239306 -1.50645 -0.189536 0.218617 -0.096427 0.547797 0.722827 0.57556 -0.336199 -0.45853 -0.221668 -0.0809664 
0.330014 -0.375138 -0.371592 -0.916827 0.361645 0.672308 -0.585391 0.637042 0.00805021 0.00667235 -0.0270107 -0.107668 0.257851 -0.467092 0.236638 0.221118 
-0.0277575 -0.569086 -0.0626335 -0.209991 -0.107464 -0.563594 -0.172885 0.373953 0.2111 0.571291 -0.263558 0.511399 -0.549257 -0.264152 -0.533445 0.762864 
0.18557 -0.551134 0.248633 -0.1956 0.828498 -0.385981 0.173663 0.226369 -0.221742 -0.382245 -0.383823 0.0772844 -0.922611 -0.405522 0.256386 -1.06494 
0.123743 0.874964 -0.123073 -0.336348 0.206479 -0.0371092 0.528963 -0.16709 -0.886102 -0.413559 -0.569154 -1.06712 0.0217016 0.0332781 -0.209306 0.839643 
0.25363 -0.271835 -0.29991 -0.527909 0.577473 -0.260236 -0.509285 -0.502391 0.375127 -0.0525653 0.123197 0.72106 -0.267196 -0.144785 0.189272 -0.0194426 
-0.164848 0.132833 0.332183 -0.69697 -0.60066 -0.616499 -0.410652 0.339821 -0.591902 0.661681 0.290295 0.387782 0.517502 -0.622303 -0.183052 0.085125 
0.196966 -0.104226 -0.189319 0.108525 -0.571804 0.131625 -0.558394 0.458427 0.210517 0.138016 0.390828 -0.478966 0.15166 -0.0200853 -0.608946 -0.146145 
-0.750037 -0.833804 0.128565 0.599661 -0.284924 0.746558 -0.34869 0.164298 0.200613 0.679407 -0.440905 0.096955 -0.478599 -0.477967 -0.618142 0.0488048 
pop 3 layer 2
dims 4 32
-0.705343 -0.0129641 0.024038 -0.441489 0.841598 0.433422 0.94528 0.110657 0.63214 -0.188676 -0.32568 0.79791 -0.915528 0.638718 0.602011 0.570136 0.144135 -0.353927 -0.14194 -0.300019 -0.618328 -1.00638 0.0742931 -0.483188 -0.0281534 0.422387 0.0366429 0.049624 0.319111 0.0777243 0.36522 -0.129611 
0.153913 0.000680461 0.110701 0.536614 -0.20946 -0.0732121 -0.0271876 0.0323634 0.167658 0.0467213 -0.0890722 0.818492 -0.0644537 -0.0452423 -0.285345 -0.499274 0.352474 -0.217801 -0.0966437 0.316994 -0.394729 -0.225709 0.297561 0.206043 0.0930969 0.00774773 0.183072 -0.0917228 -0.167287 0.517993 0.415711 0.250056 
0.851682 -0.20019 -0.34725 -0.464117 -0.192336 -0.30642 -0.486696 0.0432894 -0.154022 0.437853 0.0223644 -0.940523 -0.0358775 0.278268 0.709149 -0.269829 0.242817 0.0240577 -0.374033 -0.65553 0.255373 -0.0540602 -0.416835 -0.0064801 0.178274 -0.186002 0.165089 -0.258476 -0.124467 0.0838978 0.137919 0.025392 
0.328646 0.146861 -0.864539 -0.417534 0.469266 -0.386923 -0.413026 0.086487 0.0551119 -0.0768593 0.0249139 0.264227 0.18777 -0.642681 -0.719892 -0.211979 0.506897 0.00682133 -0.0907851 0.130461 0.00378705 -0.516107 -1.05009 -0.233602 -0.215771 -0.619496 -0.012721 -0.453087 0.619635 0.816101 -0.00541768 -0.784364 
pop 4 layer 0
dims 16 5
-0.0325846 -0.598177 -0.660589 0.391347 -0.0957534 
0.0959372 0.0813973 -0.0693725 -0.485042 -0.215307 
0.328363 -0.238383 0.658878 -0.273144 0.295824 
0.567197 -0.00875961 0.23611 -0.326141 -0.540745 
0.677352 0.16194 0.571622 0.277287 0.180259 
-0.0594329 0.272814 0.463016 0.300017 -0.586531 
-0.693889 -0.272987 -0.0227129 -0.188648 -0.175956 
0.102913 0.706824 0.219212 0.312962 0.368589 
-0.0137774 0.0291376 -0.4216 -0.421226 -0.478318 
0.317925 0.0921026 -0.857359 -0.240002 -0.331513 
0.34404 -0.325571 0.489016 -0.131095 -0.0321688 
-0.198108 -0.12928 -0.646256 0.274464 -0.13532 
-0.552085 -0.293243 -0.0122222 0.439138 0.0621135 
0.678403 0.144834 -0.864385 -0.137877 0.261127 
0.37429 0.270516 -0.0198818 -0.409386 -0.00475683 
0.249612 0.45411 -0.421146 0.59056 0.296597 
pop 4 layer 1
dims 32 16
-0.193474 0.477873 -0.857598 0.828258 -0.508941 -1.33112 0.0563293 -0.137316 0.410067 0.103573 0.715461 -0.0531171 0.129892 0.235042 -0.701418 -0.276465 
-0.12361 0.0836326 0.385283 0.174389 -0.410467 0.0967311 -0.437503 -0.397024 -0.489874 0.184212 -0.303709 1.16973 -0.758774 0.000196134 0.756314 -0.823432 
-0.211673 -0.734063 0.0946323 -0.173713 0.0219687 -0.217076 0.294163 0.0837498 -0.493592 0.0451882 0.00223541 -0.282108 -0.869932 0.384902 0.420422 -0.497049 
0.0739496 -0.22875 0.394496 -0.816496 -0.170108 -0.0632586 -0.628303 0.589455 0.333665 0.157819 -0.222553 -0.0473172 -0.906162 0.418533 0.932191 -0.127784 
-0.295393 0.312619 -0.724679 -0.215439 -0.230495 0.480743 0.476163 0.112138 -0.217482 -0.317488 -0.0656273 0.408776 0.15422 0.456359 -0.379523 -0.146246 
-0.59413 0.0451762 1.12938 0.222881 -0.394833 0.493119 -0.100461 -0.0534563 0.250215 -0.462639 0.953912 -0.333999 0.235871 -0.205027 -0.0779983 0.444296 
-0.341444 -0.0506643 -1.18596 -0.59902 0.926464 -0.256312 -0.27822 -0.61773 0.639058 -0.0621426 -0.0963292 0.422609 -0.90508 0.962608 0.111506 0.159 
0.519159 -0.680538 -0.0682081 0.202489 -0.26496 -0.043346 0.084545 -0.574877 -0.211448 -0.430303 0.287996 -0.345903 -0.599316 -0.194403 0.146553 0.850956 
-0.147206 0.547534 0.142017 0.394241 -0.103383 -0.364141 0.0341307 0.578347 0.241948 0.449601 -0.931337 -0.654796 -0.861784 0.0251635 -0.469285 0.926559 
0.59338 0.35662 -0.100859 0.799467 -0.0546597 -0.446211 -0.722918 -0.0275718 0.208809 0.329444 -0.201083 -0.0631474 -0.109037 -0.368932 0.377719 -0.964678 
-0.267856 -1.24507 1.07375 -0.0577797 -0.132568 0.199585 -0.200149 -0.248166 -0.11421 -0.670463 -0.0642336 -0.127152 -0.360204 -0.749275 -0.136022 0.373007 
0.123301 -0.839096 -0.552517 -0.304646 0.0607197 0.76231 -0.743276 0.435516 -0.0109339 0.24934 -0.446064 -0.469097 -0.333535 -0.278728 -0.824874 0.325481 
-0.164387 -0.571932 0.203291 -0.066763 1.04379 0.0364138 0.699159 -0.468195 -0.124654 0.153997 0.521079 0.0315706 -0.534808 0.563153 0.250573 0.586745 
-0.205311 0.344359 -0.126696 0.209109 -0.771722 0.630975 1.21814 -0.798997 -0.917101 -0.25517 0.0629753 -0.888942 -0.423581 -0.389073 0.0748674 -0.0254324 
0.0910268 0.316606 -0.347561 0.348219 -0.939194 0.449682 0.235656 0.881215 0.619509 0.355784 0.743147 0.0473101 0.448643 0.937163 -0.431981 0.036483 
-0.108266 -0.61914 0.426951 -0.0971183 -0.601204 -0.0414571 0.52194 -0.815032 0.250557 -0.279593 -0.480106 0.0158649 0.153781 -0.452146 0.163059 0.247375 
0.353312 0.174538 0.123127 -0.0638406 0.568035 0.0247579 -0.12207 -0.115077 -0.293444 0.120419 0.0522985 -0.595517 -0.27543 0.0640069 -0.362039 -0.234062 
0.195207 0.186705 -0.501037 -1.2804 -0.128491 -0.0815816 -0.881015 -0.542307 -0.133059 0.24813 -0.433337 0.730145 0.0392581 0.24205 0.531337 -0.15428 
-0.567256 0.281468 0.398744 0.23745 -0.0242757 -0.497811 0.577812 -0.397087 -0.130541 -0.526435 0.652441 -0.0223243 0.00638191 0.223666 -0.521742 0.267063 
0.000486658 -0.301876 0.812902 -0.800677 0.878564 0.0736714 -0.609925 0.213402 -0.220601 0.145363 -0.966097 -0.328771 0.345873 0.139254 0.773421 0.500862 
0.456727 -0.458 -0.735376 -0.151993 -0.0418954 -0.624136 -0.559935 0.119056 0.349399 -0.323325 -0.344091 -1.11849 -0.656131 0.078992 -0.346947 0.393374 
0.0929209 0.0411927 1.03554 0.111681 -0.183933 0.076046 -0.522557 0.563845 -0.121948 0.45922 -0.761411 0.70428 0.244804 0.398703 -0.683537 -0.158449 
-1.39568 -1.25452 0.0529586 -0.425614 0.420338 -0.208321 0.463268 0.964139 -0.234447 -0.325679 -0.293396 -0.114591 0.15525 0.735942 0.140043 0.346947 
-0.298201 0.700141 -1.00453 0.185238 -0.975553 -1.5143 -0.181519 -0.178956 0.0217495 0.155003 0.726567 0.28221 -0.64799 0.0321303 -0.253619 0.296645 
0.221982 -0.00614773 -0.552901 -0.834983 0.384582 1.07339 -0.378964 0.87505 0.105736 -0.156903 -0.177042 -0.0400241 0.0466114 -0.418974 0.577977 0.20258 
0.219948 -1.0439 0.0987157 -0.640816 -0.568179 -0.524089 0.0683766 0.538358 0.889855 0.316075 -0.649288 0.375402 0.157938 -0.338569 -0.459658 0.828748 
0.421308 -0.524249 0.0961976 0.0271747 0.989133 -0.0862185 0.300833 0.413329 -0.529114 0.0235647 -0.706335 0.129752 -0.804338 0.00960786 -0.130318 -0.888992 
0.121947 0.808167 -0.144682 -0.112168 0.211896 0.585168 0.294494 0.149345 -0.808634 -0.359515 -0.528249 -1.52303 0.668609 -0.122318 -0.281838 0.689219 
0.223567 -0.419974 -0.485158 -0.408323 0.29674 -0.550143 -0.351398 -0.266263 -0.115585 -0.331856 -0.134871 0.618618 -0.71569 -0.198641 -0.027987 0.265144 
-0.668837 -0.0883216 0.416417 -0.663534 -0.634004 -0.526576 -0.300608 0.374952 -0.667067 0.621809 0.382219 0.739492 0.572841 -0.330638 -0.00740328 0.407316 
0.0628721 0.282425 -0.0759035 0.277168 -0.342028 0.44889 -0.0196015 0.338458 0.276543 -0.332036 0.366452 -0.14035 0.345412 0.625076 -1.02891 -0.423665 
-0.356412 -0.621019 -0.0207463 0.876876 -0.333337 1.09794 -0.308194 -0.189542 0.031112 0.790618 -0.870742 -0.390673 -0.857359 -0.382265 -0.21083 -0.1995 
pop 4 layer 2
dims 4 32
-0.0358957 0.00211303 0.0224399 -0.370507 0.351163 0.175251 1.04276 0.0800397 0.46093 -0.290052 -0.025309 0.813029 -0.585262 0.393211 0.6064 0.221613 -0.157998 -0.128946 0.230341 -0.208899 -0.342331 -0.572788 0.01695 -0.549571 0.21103 0.461637 -0.0782923 0.309469 0.247978 0.31894 0.481138 -0.192268 
-0.0177166 -0.0679658 -0.0188375 0.624065 -0.249208 0.193515 -0.148725 -0.215824 0.050951 0.366042 -0.0336006 0.779749 0.0720077 -0.230115 -0.134223 -0.271719 0.404709 -0.214003 -0.110143 0.308277 -0.56249 -0.302052 0.665615 -0.148548 0.377889 0.0523242 0.250359 -0.335713 0.205327 0.0655771 0.343587 0.0702062 
0.830004 -0.272542 0.0225444 -0.460319 -0.559873 -0.531626 -0.416101 0.0403626 -0.123801 0.558178 0.0156975 -1.13724 0.541414 0.423838 0.779114 -0.155795 0.820619 0.472979 -0.579933 -0.627399 0.253155 -0.35694 -0.120223 -0.105154 -0.217761 -0.0275342 -0.0142141 -0.395394 0.212619 0.0429323 0.488875 0.177743 
0.30065 0.333573 -0.68377 -0.449739 0.0225362 -0.0150683 -0.0197896 0.182334 -0.0466534 0.164686 0.180729 0.373602 0.132159 -0.87927 -0.811801 0.101376 0.303349 -0.188424 -0.551328 0.238315 0.43073 -0.387717 -0.955682 -0.408244 -0.115323 -0.55704 0.0315295 -0.535905 0.357657 0.372596 -0.427752 -0.332131 
pop 5 layer 0
dims 16 5
-0.103569 -0.512961 -0.748011 0.590618 -0.159761 
0.064283 0.0202687 -0.100612 -0.619326 -0.24328 
0.405696 -0.20321 0.863106 -0.328704 0.159118 
0.552847 -0.13438 -0.00555187 -0.278308 -0.579936 
0.62167 0.0474677 0.547216 0.16753 0.434681 
-0.0429597 0.139856 0.31007 0.347024 -0.596948 
-0.857146 -0.213887 0.0264828 -0.181135 -0.17336 
0.081766 0.726319 0.337182 0.399214 0.210086 
-0.126421 0.0198856 -0.592169 -0.549382 -0.395033 
0.124601 0.116108 -0.806185 -0.228941 -0.189845 
0.4265 -0.471713 0.544752 -0.0885686 0.0585715 
-0.309744 -0.0483649 -0.538197 0.338688 -0.1752 
-0.632251 -0.309822 0.231055 0.520056 0.140721 
0.644333 0.193554 -0.781938 -0.0283571 0.410747 
0.320932 0.19395 -0.0656013 -0.422793 -0.110637 
0.261783 0.572411 -0.538377 0.575164 0.242099 
pop 5 layer 1
dims 32 16
-0.141491 0.52159 -0.888446 0.775367 -0.638008 -1.43009 0.153386 -0.0461815 0.516395 0.156061 0.759273 0.0733672 0.264118 0.256517 -0.944296 -0.233167 
-0.041377 0.267854 0.454287 -0.0777847 -0.407525 0.0070502 -0.620953 -0.407101 -0.647069 0.15018 -0.254647 1.25782 -0.725402 0.0864534 0.913283 -0.848838 
-0.359599 -1.02436 0.197765 -0.243412 0.100095 -0.209764 0.281167 0.0665176 -0.512792 0.0457343 0.0605501 -0.489209 -0.923004 0.478644 0.584792 -0.63658 
0.0362235 -0.0589753 0.348661 -1.00237 -0.177879 -0.341374 -0.763708 0.676558 0.288786 0.242506 -0.157687 0.0663153 -1.00649 0.311347 0.998714 -0.0198658 
-0.471428 0.169753 -0.725729 -0.135217 -0.167142 0.531457 0.750963 0.0709073 -0.11302 -0.270299 -0.289327 0.423533 0.289059 0.565581 -0.358928 -0.0700094 
-0.53423 0.141928 1.18082 0.196598 -0.440793 0.476364 -0.223586 -0.0176675 0.296524 -0.274038 1.06284 -0.555889 0.367303 -0.221075 -0.142631 0.601375 
-0.392607 -0.116775 -1.12742 -0.544915 0.864903 -0.425745 -0.378406 -0.550592 0.661198 -0.174828 -0.126322 0.623803 -0.884278 0.960061 0.157525 0.214522 
0.670929 -0.638308 -0.107445 0.189109 -0.108816 -0.135183 0.113155 -0.667789 -0.333206 -0.553724 0.308604 -0.378664 -0.680286 -0.102363 0.0769122 1.0381 
-0.203921 0.501074 0.279719 0.424873 -0.0688736 -0.527238 -0.00620361 0.756663 0.200934 0.374689 -1.01194 -0.665129 -1.05304 -0.132517 -0.517496 0.869724 
0.704248 0.26005 -0.0238442 0.863862 -0.0471129 -0.618176 -0.861371 -0.101127 0.236585 0.118782 -0.256799 0.12094 -0.212151 -0.314747 0.46053 -0.921464 
-0.0757425 -1.38845 1.1288 0.00740453 0.0611338 0.336304 -0.100401 -0.185766 -0.243963 -0.872962 -0.103398 -0.154037 -0.356704 -0.747043 -0.111856 0.368816 
0.031355 -1.05867 -0.629306 -0.346472 0.0561192 0.604218 -0.810514 0.395165 0.033649 0.00765777 -0.550951 -0.291281 -0.457055 -0.368489 -0.818652 0.285405 
-0.0527148 -0.652183 0.243932 -0.336848 1.22992 -0.00736786 0.641045 -0.548435 0.0326017 0.210743 0.463092 -0.0934424 -0.492905 0.556264 0.192254 0.557184 
-0.408826 0.344123 0.126186 0.136378 -0.983829 0.578371 1.33831 -0.879899 -0.944115 -0.0170198 0.142588 -1.06052 -0.483451 -0.314881 0.0804157 -0.0413096 
0.189756 0.210261 -0.290546 0.382156 -1.08414 0.395291 0.33077 1.02107 0.652498 0.255659 0.94361 -0.19484 0.539449 1.14753 -0.412218 -0.176793 
-0.118153 -0.743652 0.45722 -0.00562727 -0.611758 -0.0722224 0.510388 -1.00813 0.0953729 -0.427175 -0.460128 -0.177711 -0.0102546 -0.445577 0.125639 0.265741 
0.336343 0.395954 -0.052598 -0.00789528 0.550501 -0.148608 -0.00122944 -0.0926232 -0.120257 0.0594578 -0.118993 -0.676354 -0.110977 -0.0853009 -0.495081 -0.0657268 
0.35707 0.358165 -0.665221 -1.43212 -0.0803362 -0.0432167 -0.662473 -0.555796 -0.150034 0.421691 -0.354954 0.632524 0.157523 0.3808 0.620892 -0.15163 
-0.843604 0.247443 0.41088 0.261573 -0.00817613 -0.571634 0.5975 -0.244698 -0.0766455 -0.568794 0.606678 0.0622068 0.0781129 0.0771758 -0.554 0.278978 
-0.212825 -0.354698 0.937556 -0.699111 0.991622 -0.00717104 -0.730335 0.199144 -0.318179 0.285615 -0.952653 -0.435544 0.280484 0.197299 0.79603 0.718199 
0.627049 -0.498728 -0.55913 0.00742192 -0.143336 -0.579681 -0.811073 0.183658 0.542728 -0.509682 -0.360263 -1.16054 -0.767325 0.118782 -0.471371 0.212001 
0.10718 -0.0941202 1.06674 0.0370015 -0.171051 0.197759 -0.831404 0.636321 -0.214363 0.415421 -0.90394 0.731369 0.162584 0.349226 -0.921384 -0.324293 
-1.40385 -1.21609 -0.126291 -0.508843 0.411371 -0.367398 0.650543 1.09398 -0.121968 -0.286514 -0.137733 -0.170234 0.0916418 0.761171 0.182575 0.477916 
-0.315404 0.764091 -0.947298 0.203787 -0.969881 -1.61821 -0.186521 -0.214957 0.167992 0.104193 0.725754 0.542243 -0.660477 -0.135536 -0.458264 0.192535 
0.0275452 -0.12215 -0.562701 -0.886599 0.37782 1.01598 -0.54285 1.17273 -0.0417931 0.164331 -0.0961741 -0.148733 0.0840979 -0.15622 0.585921 0.219495 
0.392911 -0.962313 0.0669215 -0.48954 -0.529271 -0.635836 0.0452415 0.414519 0.990468 0.386769 -0.7703 0.299004 0.0668484 -0.435033 -0.472789 0.871591 
0.613874 -0.657551 0.0999044 0.0845934 1.29307 -0.167405 0.377567 0.433809 -0.601697 -0.231526 -0.598367 0.201666 -0.907306 0.0150087 0.173838 -0.998932 
0.0481188 0.913071 -0.1461 -0.180925 0.210186 0.489274 0.362541 0.253273 -1.20779 -0.347532 -0.455153 -1.56674 0.394255 -0.296766 -0.369225 0.697887 
0.359108 -0.56334 -0.638967 -0.409472 0.273201 -0.434939 -0.373452 -0.343393 0.0326773 -0.203621 -0.260813 0.634306 -0.7412 -0.204832 0.10624 0.126622 
-0.716893 0.0116259 0.36889 -0.800148 -0.587672 -0.637111 -0.308271 0.513591 -0.686834 0.785853 0.529058 0.716053 0.62788 -0.46687 0.0855622 0.322995 
0.170251 0.218427 -0.168818 0.396329 -0.459466 0.488746 -0.0724998 0.494142 0.240649 -0.300348 0.523536 -0.347966 0.315932 0.677151 -1.03496 -0.393989 
-0.544332 -0.70532 0.0788311 0.783684 -0.323066 1.0926 -0.527454 -0.137431 0.0963358 0.915097 -0.891616 -0.395862 -0.887786 -0.467752 -0.493142 -0.261625 
pop 5 layer 2
dims 4 32
-0.216306 -0.00659193 -0.0623882 -0.235046 0.573975 0.362547 1.27608 -0.0993633 0.568332 -0.280125 0.0590495 0.717805 -0.696086 0.547109 0.519024 0.377051 -0.0546359 -0.348631 0.0808529 -0.284173 -0.646098 -1.02245 -0.0869227 -0.673673 0.169599 0.673462 0.0178462 0.229038 0.270348 0.28831 0.357439 -0.290788 
-0.041556 -0.288059 -0.0878969 0.599833 -0.210233 0.243136 -0.212815 -0.241854 0.148361 0.243067 0.0684956 0.910637 0.174172 -0.216839 -0.247608 -0.236421 0.548342 -0.298923 -0.167138 0.240135 -0.675069 -0.15218 0.705143 -0.110393 0.338783 0.2073 0.30125 -0.231613 0.0868861 0.10344 0.27028 0.0111753 
0.945025 -0.44362 0.0170325 -0.290928 -0.619616 -0.544793 -0.513646 -0.0721603 -0.279143 0.720503 -0.153529 -1.15944 0.603819 0.385877 0.871624 -0.125815 0.702796 0.415005 -0.614477 -0.634475 0.183422 -0.25741 -0.14189 -0.0718782 -0.125417 -0.187398 0.0599352 -0.405709 0.0976816 -0.0141947 0.405129 0.106779 
0.166035 0.489068 -0.788527 -0.447507 0.0969656 -0.0958093 -0.0548724 0.113774 -0.0799561 -0.0981333 0.0652846 0.352458 0.0169889 -0.842268 -0.85057 0.00713157 0.337567 -0.0550563 -0.460209 0.328194 0.416184 -0.509408 -1.05018 -0.518147 -0.184753 -0.554607 0.146861 -0.55529 0.23748 0.393457 -0.285665 -0.511136 
pop 6 layer 0
dims 16 5
0.179939 -0.707048 -0.65109 0.317989 -0.327135 
0.186146 0.148792 -0.0218384 -0.574041 -0.119314 
0.265225 -0.322775 0.675321 -0.3081 0.228109 
0.439918 -0.17282 0.174413 -0.303792 -0.493301 
0.793421 0.067083 0.418676 0.127325 0.191377 
-0.0536016 0.172388 0.190316 0.155643 -0.702814 
-0.690527 -0.247663 0.160083 -0.126667 -0.224374 
0.217776 0.786286 0.0800891 0.634093 0.343455 
-0.17716 0.171205 -0.428589 -0.21027 -0.543068 
0.316533 -0.0647457 -0.619341 -0.0455085 -0.219985 
0.448871 -0.301402 0.599867 -0.141894 0.0474901 
-0.233909 -0.354688 -0.558771 0.234661 -0.131035 
-0.579777 -0.137223 0.00852161 0.331679 -0.0158398 
0.666003 0.267849 -0.75475 -0.0440768 0.211052 
0.36459 0.140132 0.0787193 -0.203819 -0.330589 
0.220999 0.207141 -0.472126 0.639894 0.321791 
pop 6 layer 1
dims 32 16
0.0260801 0.689274 -0.852791 0.480043 -0.461613 -1.26614 0.142211 -0.109573 0.448344 0.236486 0.949483 -0.0501971 0.188105 0.279778 -0.882842 -0.174092 
-0.0372735 0.49693 0.680552 -0.379618 -0.608293 -0.157058 -0.731372 -0.434289 -0.688521 0.152778 -0.658193 1.04684 -0.675129 -0.081996 0.921335 -0.760103 
-0.352896 -1.22326 0.209613 -0.208331 0.180772 -0.163166 0.173309 0.383007 -0.518945 -0.135763 0.0739192 -0.487542 -0.914322 0.378301 0.162666 -0.361195 
0.112938 -0.0598509 0.437654 -1.04326 -0.303258 -0.381581 -0.600854 0.678942 0.190108 0.396259 -0.0841531 0.39223 -0.95186 0.155553 0.926337 0.0113872 
-0.357899 0.27514 -0.585261 -0.0833874 -0.0295699 0.668725 0.733544 0.102234 0.0324136 0.0103535 -0.485504 0.483586 0.189336 0.723713 -0.226545 -0.0111094 
-0.527781 0.424301 1.09833 0.206643 -0.304529 0.568908 -0.0877201 0.255695 0.446067 -0.353549 0.71934 -0.517742 0.349711 0.0134504 -0.0754418 0.347611 
-0.356016 -0.0202615 -1.41061 -0.455031 0.799529 -0.341839 -0.355631 -0.359238 0.792509 -0.113781 -0.022824 0.781167 -0.973012 1.014 0.361972 0.115327 
0.723632 -0.672753 -0.170096 0.53477 -0.192466 -0.104038 0.146649 -0.48039 -0.43697 -0.368615 0.101936 -0.482628 -0.494283 0.100607 0.0948827 1.10122 
-0.0724636 0.309036 0.572784 0.272486 -0.124573 -0.433969 0.250026 0.776331 0.127418 0.311536 -0.840096 -0.664014 -1.25481 -0.331821 -0.519538 0.854194 
0.809393 0.304031 0.0988496 0.954714 0.209236 -0.555067 -0.682936 -0.102267 0.296466 0.146653 -0.108355 0.0164043 -0.347528 -0.387556 0.453207 -0.842902 
0.0342728 -1.40512 1.09527 -0.205852 0.0456163 0.277048 -0.0273714 -0.275183 -0.0867932 -0.924724 -0.161216 -0.112083 -0.337225 -0.704296 0.0520408 0.381759 
-0.235366 -1.0982 -0.573959 -0.559688 0.0173559 0.659807 -0.881351 0.470947 0.331847 0.0206078 -0.688757 -0.20428 -0.479008 -0.473564 -0.720531 0.514539 
-0.0200212 -0.53164 0.0493732 -0.270606 1.35024 -0.0315883 0.488739 -0.50388 0.083199 0.0659455 0.486702 -0.192681 -0.291209 0.471518 0.0107745 0.0414819 
-0.498139 0.352905 0.136182 -0.00326043 -0.905792 0.672612 1.25695 -1.14768 -0.617015 0.120144 0.0146805 -0.976815 -0.722352 -0.450752 -0.00204908 -0.109809 
0.345454 0.29338 -0.451675 0.360485 -1.1391 0.208113 0.219787 0.929814 0.601813 0.397001 0.59993 -0.287877 0.592207 1.24769 -0.385566 0.0325387 
-0.0355955 -0.577524 0.60709 0.177964 -0.59712 0.0807498 0.61601 -0.955438 0.142626 -0.373515 -0.533856 -0.344176 -0.217991 -0.473983 0.108817 0.285806 
0.337096 0.18303 -0.0140653 0.150999 0.626396 0.121531 -0.145145 0.00919592 -0.366036 -0.00333462 -0.0920772 -0.740209 -0.13777 -0.0900901 -0.44049 -0.0473445 
0.049328 0.251137 -0.690033 -1.19434 -0.0143997 -0.192701 -0.763787 -0.38439 -0.188477 0.6224 -0.464849 0.581236 0.0614536 0.20504 0.54772 -0.0991505 
-0.850703 0.412875 0.359088 0.23166 -0.3835 -0.406918 0.419989 -0.31332 -0.119555 -0.35501 0.621201 0.194047 0.212263 0.153027 -0.489023 0.0896405 
-0.326446 -0.408176 0.926013 -0.810413 0.806678 0.103535 -0.779311 0.40731 -0.667189 0.275795 -1.15885 -0.202336 0.367822 0.0767209 0.686201 0.507636 
0.845311 -0.547595 -0.662723 -0.225872 -0.177028 -0.503276 -0.534441 0.259763 0.759133 -0.508213 -0.351395 -0.779575 -0.58159 -0.0855488 -0.457237 0.0461077 
0.200918 -0.135567 1.08859 0.0711426 -0.304526 0.214243 -0.996066 0.86095 -0.0819747 0.320491 -0.895476 0.580868 -0.15488 0.187078 -0.964663 -0.173558 
-1.16728 -1.37967 -0.0304349 -0.471313 0.470718 -0.0327724 0.689117 1.01579 -0.356855 -0.170877 0.052894 -0.210157 0.161347 0.625085 0.289349 0.434123 
-0.17255 0.788013 -0.793492 0.0387004 -0.742316 -1.44023 -0.141984 -0.0961741 0.131616 0.268865 0.56451 0.393937 -0.71075 -0.272555 -0.259407 0.154381 
0.011125 0.0375343 -0.41556 -1.04306 0.236504 0.810478 -0.366574 0.989642 0.254556 0.0744508 -0.174542 0.0246079 -0.0574933 -0.268413 0.335025 0.153276 
0.442746 -0.883505 0.026816 -0.354277 -0.445471 -0.754099 -0.069796 0.456323 0.857521 0.426029 -0.663015 0.382223 0.0134569 -0.416955 -0.766951 0.756958 
0.714477 -0.625531 0.233621 -0.000222501 1.07752 -0.150092 0.0461676 0.52995 -0.679169 -0.198697 -0.574634 0.334305 -0.586881 0.0871543 0.245234 -1.11331 
0.162125 1.09946 -0.0335745 -0.145289 0.31432 0.5969 0.57252 0.282014 -1.14455 -0.357089 -0.575387 -1.5493 0.207646 -0.244054 -0.248926 0.725451 
0.287659 -0.335505 -0.29673 -0.724164 0.106401 -0.326175 -0.297847 -0.357353 -0.0269588 -0.0553168 0.0162103 0.967398 -0.743541 -0.219986 0.190255 -0.0383828 
-0.72917 0.121728 0.372632 -0.958678 -0.456163 -0.78562 -0.17913 0.719462 -0.75196 0.537737 0.624209 0.646724 0.546408 -0.366102 -0.0554299 0.116081 
-0.101341 0.257303 -0.327059 0.322381 -0.462291 0.610659 -0.314813 0.228528 0.135915 0.0807091 0.279361 -0.243287 0.496452 0.638628 -0.97516 -0.306129 
-0.398881 -0.847516 0.0289571 0.886031 -0.419006 0.785198 -0.588154 -0.108733 -0.0724388 0.725192 -0.679486 -0.0313197 -0.966925 -0.525015 -0.449739 -0.183023 
pop 6 layer 2
dims 4 32
-0.0332213 0.0858313 -0.119711 -0.293403 0.395787 0.211276 0.773452 0.144854 0.409104 -0.250785 0.165432 0.848348 -0.40911 0.355498 0.612502 0.163752 -0.224176 -0.185878 0.162352 -0.137216 -0.392608 -0.329515 0.0282514 -0.414058 0.152846 0.571326 -0.0631189 0.312829 0.185671 0.215643 0.345371 -0.239225 
-0.18672 -0.089251 0.0118145 0.452776 -0.159828 0.190048 -0.0708319 -0.16179 -0.0559129 0.0935869 -0.139278 0.806114 -0.170263 -0.27306 -0.275589 -0.251772 0.477071 -0.19902 -0.167464 0.11701 -0.525587 -0.180687 0.607957 -0.137583 0.382897 -0.0593786 0.361515 -0.474614 0.358326 0.050947 0.114603 -0.0261693 
0.656991 -0.443099 0.293065 -0.475372 -0.400299 -0.462619 -0.400225 0.0658476 -0.222893 0.458956 -0.0494312 -1.07339 0.452955 0.234019 0.751895 -0.129454 0.578676 0.576887 -0.496744 -0.602239 0.19839 -0.406995 -0.212923 -0.0344123 -0.369686 0.314988 -0.118016 -0.437685 0.24702 -0.0921772 0.511813 0.10717 
0.341315 0.145154 -0.556213 -0.375066 -0.170984 -0.163205 0.0325235 0.0669189 -0.14062 0.158648 0.289781 0.425148 0.309097 -0.746653 -0.697725 0.195824 0.267443 -0.122401 -0.411247 0.327308 0.49732 -0.337905 -0.836137 -0.200391 -0.0865865 -0.48779 -0.0121727 -0.559723 0.451328 0.220312 -0.318075 -0.315616 
pop 7 layer 0
dims 16 5
-0.111745 -0.326911 -0.637624 0.321433 -0.148306 
0.186188 -0.0295945 -0.164503 -0.457832 -0.0175291 
0.516172 -0.193603 0.953557 -0.342161 -0.222506 
0.572485 -0.0672458 0.225457 -0.375153 -0.599557 
0.538051 -0.220437 0.57025 0.12653 0.373366 
0.0863953 0.28895 0.340963 0.390308 -0.713559 
-1.07274 -0.204702 0.151762 -0.206227 -0.307649 
0.104546 0.68617 0.285379 0.437906 0.234717 
-0.162032 0.0333683 -0.574173 -0.367401 -0.298265 
-0.0881899 0.0574465 -0.691223 0.00586015 -0.178968 
0.761763 -0.489895 0.588885 -0.189673 0.141962 
-0.254266 -0.112453 -0.499102 0.267294 -0.340547 
-0.574543 -0.333248 0.197203 0.605375 0.0545042 
0.731832 0.237411 -0.795704 0.0943546 0.462564 
0.36676 0.132609 0.252557 -0.448575 -0.184626 
0.21588 0.614038 -0.448767 0.342503 0.400122 
pop 7 layer 1
dims 32 16
-0.0253924 0.63123 -0.922283 0.61574 -0.45123 -1.29548 0.145776 0.0202694 0.52345 0.155674 0.913416 -0.0283644 0.149234 0.386521 -0.814042 -0.13737 
-0.0616249 0.53886 0.640362 -0.11189 -0.60437 -0.0210965 -0.712948 -0.324954 -0.770929 0.224629 -0.572216 1.29136 -0.768036 0.080646 0.905163 -0.863658 
-0.394818 -1.28954 0.244933 -0.269796 0.192389 -0.170979 0.163302 0.296036 -0.481831 0.0139497 0.0610744 -0.541212 -0.900579 0.411428 0.33598 -0.561149 
0.215405 -0.0500836 0.427508 -1.07158 -0.336965 -0.442861 -0.707329 0.646573 0.137161 0.396653 -0.0331113 0.224411 -0.974655 0.30015 1.05099 0.0278455 
-0.548441 0.176468 -0.849572 -0.356688 -0.0713247 0.709191 0.756382 0.0512654 -0.110648 -0.0869209 -0.401615 0.504562 0.329747 0.742225 -0.412389 -0.0651396 
-0.565959 0.374929 1.34094 0.205517 -0.323399 0.596714 -0.0233959 0.033339 0.427081 -0.307709 0.875978 -0.457388 0.31231 -0.236923 -0.116666 0.604698 
-0.303334 0.0385437 -1.4252 -0.432071 0.954061 -0.447459 -0.401842 -0.552931 0.729511 -0.154717 -0.0373928 0.747301 -1.08588 1.03599 0.286132 0.155924 
0.635873 -0.7225 -0.144943 0.370034 -0.359299 -0.0483919 0.165583 -0.629362 -0.323666 -0.475935 0.266922 -0.56314 -0.491275 0.0198015 0.152797 1.21066 
-0.207849 0.353799 0.532244 0.319768 0.114389 -0.498115 0.220818 0.930254 0.153303 0.244912 -1.08391 -0.599319 -1.28993 -0.361787 -0.636632 0.913175 
0.914482 0.261198 0.0986842 1.03104 0.111599 -0.543801 -0.818953 -0.0534376 0.455962 0.191944 -0.318614 0.160599 -0.342077 -0.409535 0.570713 -0.980447 
-0.0429315 -1.58607 1.31231 -0.179325 0.00749934 0.308858 -0.145504 -0.257154 -0.239696 -0.985719 -0.0418915 -0.228635 -0.39921 -0.74825 -0.0151343 0.453113 
-0.1801 -1.18993 -0.621991 -0.59965 0.0986461 0.710707 -1.02437 0.443659 0.129108 0.0777096 -0.731463 -0.314955 -0.491537 -0.489359 -0.836821 0.395088 
-0.0111644 -0.554916 0.0886619 -0.279561 1.33636 -0.0106045 0.58951 -0.466599 0.0591769 0.142697 0.576553 -0.266395 -0.470277 0.545936 0.0816983 0.345919 
-0.32975 0.521463 0.104771 -0.00385885 -1.00767 0.648166 1.26458 -1.1809 -0.811441 0.0735169 0.0771067 -1.21513 -0.729788 -0.358267 -0.0102763 -0.105341 
0.355451 0.163971 -0.259983 0.346947 -1.18302 0.295215 0.300962 0.976697 0.627315 0.442815 0.829407 -0.26122 0.617598 1.13254 -0.52032 -0.0480628 
-0.00723051 -0.677317 0.582123 0.00691919 -0.840876 -0.0221163 0.663436 -1.14234 0.0315275 -0.289821 -0.534039 -0.36803 -0.142493 -0.546096 0.134149 0.290708 
0.343695 0.280849 -0.0028722 0.0973489 0.701956 -0.0634696 -0.153764 -0.193516 -0.370204 0.00226386 -0.172855 -0.736125 -0.0690514 -0.147011 -0.462841 -0.137927 
0.184735 0.345469 -0.809152 -1.55832 -0.0429291 -0.240862 -0.823552 -0.479319 -0.212736 0.661011 -0.477941 0.694379 0.119916 0.483137 0.623159 -0.14214 
-0.954656 0.434142 0.47949 0.290015 -0.218263 -0.407397 0.514952 -0.283991 -0.138884 -0.386999 0.614901 0.192337 0.255799 0.191397 -0.473354 0.126092 
-0.378336 -0.280594 1.09629 -0.830266 0.92349 0.130494 -1.07307 0.352358 -0.596639 0.208751 -1.18376 -0.442557 0.330654 0.189537 0.801998 0.681358 
0.782206 -0.581984 -0.68844 -0.156673 -0.189867 -0.753419 -0.649322 0.122191 0.717801 -0.550259 -0.425716 -1.02294 -0.676466 -0.0213341 -0.381795 0.103238 
0.0828064 -0.101138 1.26295 0.216512 -0.242625 0.330815 -1.00548 0.886323 -0.0992241 0.311896 -0.805194 0.804864 0.00215802 0.328032 -0.98559 -0.344475 
-1.35629 -1.326 -0.0900412 -0.401217 0.362985 -0.214877 0.813746 1.1413 -0.255921 -0.153265 -0.0715936 -0.0728415 0.102333 0.695504 0.25641 0.405534 
-0.333584 0.958795 -1.00286 0.078046 -0.949343 -1.69739 -0.154901 -0.0393572 -0.0639859 0.455392 0.741852 0.526663 -0.80275 -0.24288 -0.247548 0.24139 
0.0674214 -0.154171 -0.551843 -1.01944 0.288411 0.987559 -0.500228 1.1945 0.0158106 0.127031 -0.0792691 -0.12997 -0.0784179 -0.284501 0.497455 0.145784 
0.505688 -1.00776 0.0845225 -0.48674 -0.525195 -0.733245 -0.173221 0.507395 1.02403 0.33247 -0.811375 0.495581 0.0433009 -0.447462 -0.637929 0.921825 
0.726525 -0.769246 0.142706 0.0670686 1.31658 -0.164929 0.274544 0.627274 -0.514098 -0.405631 -0.684888 0.294618 -0.848937 -0.0149593 0.208526 -1.12844 
0.16192 1.3033 -0.093566 -0.102777 0.321065 0.514908 0.739087 0.317715 -1.16977 -0.390146 -0.539524 -1.68094 0.374523 -0.291214 -0.321099 0.828021 
0.500253 -0.305864 -0.537284 -0.652136 0.32362 -0.529388 -0.410164 -0.518097 0.131989 -0.304246 -0.100945 0.858045 -0.729351 -0.19177 0.367418 0.196217 
-0.825497 0.182997 0.447435 -0.870621 -0.599619 -0.734958 -0.214127 0.576115 -0.832945 0.78763 0.574618 0.66517 0.643373 -0.414752 -0.0968233 0.28096 
0.0325745 0.250229 -0.229792 0.486325 -0.482601 0.64228 -0.198267 0.408441 0.175972 -0.191189 0.524606 -0.249813 0.365559 0.735023 -1.13437 -0.432406 
-0.536516 -0.854565 0.0499465 1.00939 -0.337321 1.13084 -0.547332 -0.176109 0.140851 0.950399 -0.772559 -0.185717 -0.91661 -0.646045 -0.613561 -0.219882 
pop 7 layer 2
dims 4 32
-0.339459 -0.00229934 0.124266 -0.398282 0.56192 0.210865 1.34683 -0.0686561 0.861025 -0.257739 0.0411211 0.952751 -0.94319 0.736992 0.900043 0.506831 0.131064 -0.537769 0.20283 -0.460657 -0.973915 -0.96552 0.072103 -0.747821 0.0604958 0.708992 -0.137612 0.356809 0.293159 0.366973 0.310212 -0.219336 
-0.19591 -0.215496 -0.00554765 0.584877 0.0463953 0.0902051 -0.0839021 -0.0799224 0.184857 0.383262 -0.0443323 1.03463 0.167484 -0.122303 -0.161674 -0.258372 0.523309 -0.193809 -0.192592 0.348195 -0.670792 -0.26116 0.559573 0.0160029 0.439685 0.308115 0.471357 -0.166031 0.105386 0.348635 0.470316 0.0892067 
1.01235 -0.492413 -0.119839 -0.544288 -0.611838 -0.597977 -0.638924 -0.166868 -0.297072 0.764923 -0.275411 -1.3012 0.292142 0.0797326 0.826052 -0.282345 0.550344 0.269599 -0.767607 -0.81861 0.392601 -0.141649 -0.271708 -0.121475 0.0661424 -0.0855644 0.32904 -0.487297 0.0248309 0.1634 0.401407 0.188384 
0.0803896 0.415141 -1.03609 -0.837465 0.508258 -0.216781 -0.226291 0.216569 0.0246639 0.109616 -0.230597 0.568991 0.167562 -0.910345 -1.00489 -0.263754 0.214264 -0.207154 -0.358894 0.143851 0.253364 -0.488253 -1.10598 -0.584291 -0.121525 -0.575966 0.122197 -0.655321 0.568318 0.30959 -0.25501 -0.801721 
pop 8 layer 0
dims 16 5
-0.0272685 -0.435549 -0.696264 0.533536 -0.142626 
0.137296 0.0355304 -0.197401 -0.668194 -0.234299 
0.48121 -0.118281 0.90813 -0.419845 0.112953 
0.596196 -0.142615 -0.0874114 -0.277374 -0.566631 
0.377953 -0.0563648 0.440811 0.207527 0.37646 
-0.0381976 -0.12363 0.341813 0.303508 -0.48431 
-0.720617 -0.206775 -0.00435251 -0.192953 -0.110308 
0.0918761 0.687705 0.123901 0.404033 0.172156 
-0.0993427 -0.0756231 -0.565081 -0.40687 -0.277652 
0.138496 0.0520149 -0.668794 -0.196816 -0.207602 
0.406623 -0.586479 0.602739 -0.19287 -0.0139461 
-0.175758 -0.0158267 -0.663253 0.222056 -0.072202 
-0.531385 -0.227475 0.303451 0.380094 0.148818 
0.608853 0.192226 -0.693918 -0.0833494 0.257549 
0.423127 0.227035 -0.196803 -0.299602 -0.199656 
0.249259 0.569418 -0.452541 0.384095 0.25235 
pop 8 layer 1
dims 32 16
-0.117179 0.473836 -0.573788 0.77575 -0.528735 -1.22453 0.233594 -0.219477 0.314001 0.0103015 0.604045 0.265159 0.311438 0.26634 -0.616629 0.118995 
-0.311781 0.158318 0.0701133 -0.0789868 -0.32496 -0.131656 -0.68367 -0.472564 -0.556194 0.0839012 -0.375558 0.867994 -0.643386 0.233776 0.875487 -0.59223 
-0.323623 -0.869185 0.217999 -0.45036 -0.045657 -0.251527 0.430763 -0.14978 -0.277183 0.061937 -0.051414 -0.416682 -0.620744 0.507505 0.240921 -0.434317 
-0.203241 -0.0397878 0.466153 -0.761255 -0.148089 -0.455417 -0.757929 0.824612 0.216574 0.137074 -0.297448 0.106699 -0.79776 0.0954983 0.740864 -0.0119177 
-0.349859 -0.0658412 -0.558909 0.0938003 -0.224362 0.595343 0.823978 0.161393 -0.210876 -0.0398415 -0.0890577 0.287684 0.176147 0.502702 -0.363005 0.00949251 
-0.544645 0.458045 1.00091 0.133707 -0.500098 0.275186 -0.249973 0.0969519 0.337287 -0.0425695 1.05188 -0.428326 0.383466 0.0247481 0.00347548 0.635502 
-0.332979 -0.0420536 -1.08112 -0.326502 0.699104 -0.351872 -0.224141 -0.325472 0.804012 -0.121777 -0.272974 0.586124 -0.714831 0.833587 0.381328 -0.0906684 
0.77692 -0.441942 -0.0707197 0.314599 -0.107892 -0.223548 -0.0238165 -0.639838 -0.177532 -0.45234 0.0214294 -0.356873 -0.729816 -0.110121 -0.139299 0.936448 
-0.291624 0.548928 0.230101 0.41788 -0.02116 -0.441372 0.0907932 0.55676 -0.00559089 0.410592 -0.851439 -0.472859 -0.481299 -0.197759 -0.226678 0.664674 
0.523358 0.335675 0.221326 0.75013 -0.0876033 -0.455751 -0.629388 -0.120314 0.282195 0.0136929 0.0189882 -0.0787844 -0.379034 -0.278293 0.490015 -0.586531 
-0.0271107 -1.12622 0.912721 -0.103793 0.120482 0.35283 0.105778 -0.131103 -0.200433 -0.650485 -0.237736 0.0321305 -0.338237 -0.615591 -0.167129 0.307392 
0.306733 -0.825017 -0.31748 -0.447202 0.20912 0.439295 -0.6755 0.255339 -0.0974746 -0.0851725 -0.643824 -0.125453 -0.356203 -0.528709 -0.593236 0.120202 
-0.370616 -0.546581 0.337955 -0.337466 0.912315 -0.0165691 0.43522 -0.446801 -0.248132 0.0589501 0.22284 0.180256 -0.229842 0.516737 0.0314361 0.195749 
-0.191664 0.741788 0.086575 -0.102263 -0.720975 0.613872 1.1535 -0.616558 -0.612666 0.0174447 0.0385555 -1.00079 -0.158771 -0.371749 0.1707 -0.0149908 
0.207217 0.119842 -0.247192 0.295649 -0.704682 0.190198 0.149258 0.471154 0.60252 0.17341 0.769712 0.0618639 0.44706 1.10717 -0.243683 -0.192071 
-0.18832 -0.50476 0.425647 0.0441545 -0.498465 0.0351622 0.439926 -0.668241 0.141409 -0.466769 -0.570008 -0.259219 0.0887655 -0.503555 -0.0172344 0.0700667 
0.208954 0.422989 0.0770197 -0.041529 0.36299 -0.151586 0.0889183 -0.247579 0.0228413 -0.0542145 0.00423592 -0.550041 -0.0670342 -0.224145 -0.469941 -0.176321 
0.370124 0.139226 -0.631022 -1.05954 0.0158917 -0.0480393 -0.420747 -0.22774 -0.106076 0.331434 -0.449306 0.737376 0.383907 0.290428 0.458959 -0.101384 
-0.71559 0.237661 0.329379 0.230156 0.0850801 -0.277092 0.449744 -0.206941 -0.275579 -0.56784 0.451737 0.176533 -0.0574258 0.382014 -0.417181 0.000508892 
-0.164457 -0.387499 0.896471 -0.679435 0.753606 -0.132016 -0.553294 0.216258 -0.266568 0.0667266 -0.861721 -0.155211 0.157186 -0.0767799 0.758227 0.532431 
0.698311 -0.570766 -0.338722 -0.119569 -0.277228 -0.524089 -0.742852 -0.137463 0.277862 -0.434632 -0.153849 -1.0921 -0.591244 0.229406 -0.393734 0.307647 
0.133384 0.0700416 0.628998 0.220737 -0.0673315 0.192859 -0.767419 0.57175 -0.18722 0.234565 -0.752965 0.902538 0.0418165 0.34929 -0.699202 0.0728994 
-1.24221 -0.909428 0.0247358 -0.616897 0.0818857 -0.344678 0.786867 0.88265 -0.202305 -0.16997 -0.196788 -0.0983473 -0.225966 0.484671 0.344703 0.125823 
-0.00881263 0.485355 -1.03819 0.221648 -0.741167 -1.19531 -0.351223 -0.154796 0.0257849 -0.126743 0.475716 0.285285 -0.613997 -0.15048 -0.141138 0.15508 
0.183988 -0.0785582 -0.614187 -0.785307 0.473982 0.74808 -0.473589 0.928665 -0.187163 -0.0209753 0.00894846 -0.33225 0.0941051 -0.0103158 0.422217 0.108067 
0.371934 -0.738078 0.0190519 -0.313725 -0.517781 -0.459507 0.0863683 0.377418 0.780152 0.427645 -0.711202 0.231652 0.351152 -0.436459 -0.370024 0.756297 
0.7566 -0.606304 0.133644 0.139872 0.952213 -0.176895 0.323716 0.1815 -0.352531 -0.0698909 -0.392246 0.00957729 -0.890701 -0.28656 0.110793 -0.817201 
0.231861 0.666552 -0.21361 -0.145146 0.0807674 0.572804 0.130773 0.340502 -0.936651 -0.517363 -0.126002 -1.20694 0.482239 -0.228931 -0.465349 0.510436 
0.0601209 -0.350706 -0.460528 -0.385524 -0.00284755 -0.279867 -0.0956042 -0.298381 0.137628 0.085029 -0.22098 0.629281 -0.525966 -0.198521 0.0150794 0.0504035 
-0.331031 0.0940097 0.377158 -0.436206 -0.650722 -0.527312 -0.333331 0.346077 -0.578041 0.71106 0.493304 0.368565 0.434886 -0.411018 0.0692024 0.531756 
0.0735396 0.237447 -0.293384 0.289711 -0.148372 0.266904 -0.0782283 0.389242 0.0769445 -0.0241536 0.215602 -0.133146 0.251081 0.806854 -0.668862 -0.564175 
-0.502731 -0.628398 0.325723 0.808669 -0.290805 0.869955 -0.333956 -0.209265 0.191432 0.624812 -0.53223 -0.268564 -0.679183 -0.223446 -0.682893 0.0687065 
pop 8 layer 2
dims 4 32
-0.228506 -0.0708048 -0.0362156 -0.17998 0.359701 0.346107 0.994135 -0.0381245 0.312564 -0.162859 -0.208871 0.563256 -0.61272 0.302784 0.571297 0.324869 -0.121427 -0.201218 0.107703 -0.225269 -0.707488 -1.03567 -0.202831 -0.578752 0.187772 0.7357 -0.046205 0.295146 0.26827 0.192613 0.277623 -0.32285 
-0.0934743 -0.344398 -0.149847 0.486434 -0.415362 0.142222 -0.29215 -0.109684 0.175655 0.380506 0.0940072 0.932232 0.219457 -0.372579 -0.317617 -0.132844 0.52589 -0.177788 -0.280455 0.138698 -0.417212 -0.165103 0.648162 -0.0459148 0.39622 0.0661864 0.027995 -0.359322 0.156366 0.0342946 0.420863 -0.0307546 
0.867015 -0.28997 -0.100009 -0.261655 -0.428113 -0.359395 -0.622559 0.120256 -0.355029 0.581677 -0.0618443 -1.17861 0.546167 0.25706 0.795522 -0.184873 0.62946 0.332502 -0.486545 -0.757879 0.162207 -0.20497 -0.0664824 -0.0857416 -0.083227 -0.115968 0.0340121 -0.309424 0.122609 0.09386 0.285213 0.119571 
-0.0594707 0.243553 -0.688134 -0.398352 -0.0350123 -0.0413221 -0.028041 0.193722 -0.0995662 -0.310813 0.0153845 0.210426 -0.166251 -0.583444 -0.71991 0.0276377 0.227536 -0.0834607 -0.484571 0.290349 0.407626 -0.55613 -1.06769 -0.575051 -0.0489943 -0.525592 0.240581 -0.479989 0.210052 0.345564 -0.328891 -0.446209 
pop 9 layer 0
dims 16 5
-0.0373376 -0.553389 -0.714779 0.481486 -0.0891176 
-0.143178 0.0327678 -0.195341 -0.582015 -0.0830098 
0.281888 -0.325894 0.693072 -0.431702 0.223557 
0.530564 -0.0939859 -0.108112 -0.418735 -0.545009 
0.59375 0.0348973 0.59031 0.333763 0.519677 
-0.143602 0.189772 0.362146 0.268349 -0.563259 
-0.882338 -0.041489 0.149947 -0.354061 -0.193239 
0.0681106 0.599867 0.367889 0.294646 0.42289 
-0.121908 -0.202726 -0.496048 -0.514714 -0.446135 
0.215329 0.081382 -0.757357 -0.217479 -0.268878 
0.483416 -0.4363 0.501113 -0.188071 -0.0255843 
-0.293555 -0.10087 -0.448404 0.197387 -0.146644 
-0.619839 -0.316113 0.300247 0.549285 0.27289 
0.45186 0.00436569 -0.642604 0.141068 0.399134 
0.279327 0.0892324 -0.105768 -0.303419 -0.252132 
0.190163 0.368777 -0.506894 0.418933 0.231304 
pop 9 layer 1
dims 32 16
-0.274582 0.373173 -0.848901 0.441459 -0.69146 -1.29576 0.113553 -0.1499 0.564328 0.319372 0.731235 0.202621 0.449481 0.230997 -0.920284 -0.106811 
0.159825 0.269941 0.506319 -0.199012 -0.522808 -0.109486 -0.458427 -0.430306 -0.5735 -0.0482879 -0.156519 1.33758 -0.641456 -0.0204402 0.926875 -0.789473 
-0.509276 -1.0195 0.138039 -0.19748 0.197635 -0.263589 0.274944 0.0641961 -0.650568 -0.153894 0.0678681 -0.296945 -0.706054 0.486954 0.669454 -0.650804 
0.0719956 -0.176432 0.377196 -0.958165 -0.118625 -0.1611 -0.71047 0.66135 0.346281 0.217195 -0.166703 -0.0257977 -0.829161 0.272727 0.871631 -0.140609 
-0.333444 0.215078 -0.59052 -0.0928284 -0.0533097 0.343747 0.639663 -0.0130508 -0.113412 -0.101048 -0.347846 0.30006 0.301003 0.367717 -0.348006 -0.19393 
-0.502877 0.03848 0.895833 0.186357 -0.528827 0.452969 -0.0661851 -0.0941723 0.281942 -0.271853 1.03332 -0.527756 0.458518 -0.155896 -0.286994 0.644712 
-0.562726 -0.0118925 -0.826227 -0.540601 0.954932 -0.307818 -0.474549 -0.274699 0.646743 -0.12408 -0.132014 0.751768 -0.934102 0.861556 0.0606924 0.132171 
0.688018 -0.468485 -0.00754671 0.217143 -0.0647946 -0.0108605 0.143407 -0.641645 -0.372085 -0.618294 0.354228 -0.546453 -0.613376 -0.262675 0.0674866 0.989718 
-0.390687 0.590208 0.162738 0.432658 -0.000156641 -0.712627 0.0368158 0.57674 0.288561 0.115591 -0.909429 -0.620431 -0.917157 -0.160367 -0.506285 0.708869 
0.630523 0.136071 0.0201887 0.765689 0.0319629 -0.553407 -0.793697 -0.179407 0.147085 0.117888 -0.194446 0.0834884 -0.230889 -0.16272 0.446698 -1.03802 
-0.151186 -1.31906 0.965335 -0.0852548 0.0504587 0.254116 -0.126083 -0.225938 -0.175967 -0.740405 -0.360736 -0.149205 -0.441203 -0.531346 -0.353645 0.238724 
-0.0229088 -0.865814 -0.583703 -0.23944 -0.0171574 0.502738 -0.828178 0.313999 -0.022513 0.0326534 -0.387122 -0.358441 -0.593815 -0.29445 -0.634114 0.135746 
-0.0411171 -0.537919 0.126945 -0.242518 1.09103 -0.11127 0.636332 -0.499385 0.0174112 0.172681 0.504177 0.0696723 -0.357904 0.460425 -0.0163577 0.619638 
-0.42575 0.165433 0.156599 0.0595716 -0.735724 0.447841 1.28863 -0.941728 -0.818216 -0.0986938 0.196816 -0.962232 -0.311565 -0.267678 0.0810848 -0.0754458 
0.241538 0.283561 -0.295229 0.310787 -1.06139 0.271299 0.34073 0.850327 0.662381 0.098401 0.867946 -0.131229 0.43162 1.00074 -0.374863 -0.167785 
-0.137471 -0.720033 0.477382 0.074771 -0.595654 0.0167867 0.436218 -0.958812 0.0714806 -0.325074 -0.403196 -0.225482 0.0369994 -0.325064 -0.0519026 0.262188 
0.271806 0.29752 0.142745 0.142649 0.420343 -0.132782 -0.102342 -0.0768812 -0.204253 0.0108767 0.00525099 -0.591694 -0.234822 -0.0892059 -0.35657 0.0682147 
0.153086 0.204373 -0.594391 -1.18545 0.0853089 0.0697825 -0.547892 -0.695197 -0.0482786 0.355424 -0.239085 0.564151 0.160589 0.37663 0.650278 -0.135512 
-0.91838 0.280032 0.425624 0.271366 0.0970323 -0.355702 0.577561 -0.201596 -0.00721211 -0.511229 0.544276 0.0740832 0.0615064 0.181892 -0.454954 0.273181 
-0.168173 -0.398415 0.838192 -0.547378 0.839277 -0.0734106 -0.597154 0.0968199 -0.0593192 0.101646 -1.01651 -0.448721 0.223651 -0.0401091 0.703707 0.584713 
0.573361 -0.586804 -0.398798 0.115825 -0.0565247 -0.610227 -0.789136 0.140471 0.355714 -0.522855 -0.449316 -1.10494 -0.625827 0.0345288 -0.42438 0.265038 
0.170899 0.0324851 0.617481 0.0311212 -0.350162 0.188629 -0.66891 0.560329 -0.196376 0.334021 -0.792162 0.759258 0.157212 0.282603 -0.745154 -0.0913231 
-1.22131 -1.09828 -0.126623 -0.462005 0.371177 -0.488345 0.614011 1.01664 -0.00614954 -0.280269 0.000196783 -0.332454 0.102428 0.489852 0.311465 0.451603 
-0.295309 0.805871 -0.890237 0.273958 -0.875615 -1.38025 -0.153571 -0.0720527 0.202194 0.113593 0.700078 0.3182 -0.532984 -0.0594395 -0.534224 0.0569138 
0.00950118 -0.0561749 -0.426283 -0.836461 0.149157 0.883007 -0.406072 0.949041 0.0432023 -0.0427007 0.101114 0.010137 0.201353 0.145963 0.553025 0.215815 
0.151182 -0.963482 0.269666 -0.62346 -0.46014 -0.617287 0.129277 0.612055 0.939319 0.22584 -0.70061 0.240862 -0.0841463 -0.533772 -0.368861 0.788006 
0.553149 -0.549429 0.25555 0.0989689 1.19438 -0.143182 0.168729 0.375948 -0.491429 -0.298921 -0.598008 0.353302 -0.732475 -0.0610507 0.0680721 -1.0874 
-0.0362313 0.894237 -0.124257 -0.0874213 0.109864 0.509064 0.484737 0.206233 -1.26411 -0.319842 -0.429765 -1.33588 0.423151 -0.256376 -0.307132 0.542036 
0.360512 -0.517818 -0.594332 -0.504542 0.345149 -0.371564 -0.459035 -0.278091 -0.0570405 -0.0504676 -0.166873 0.646721 -0.734993 -0.221457 -0.0128687 0.161717 
-0.630501 0.127697 0.473419 -0.665001 -0.506103 -0.66665 -0.15943 0.533528 -0.721519 0.941933 0.411139 0.844275 0.428679 -0.575273 -0.0358032 0.342263 
0.220244 0.127259 -0.23028 0.41771 -0.279568 0.374762 -0.246485 0.337622 0.10366 -0.295811 0.320556 -0.26181 0.144171 0.68525 -0.910785 -0.336913 
-0.648269 -0.835593 0.247324 0.653522 -0.344231 1.15784 -0.482015 0.0287665 0.00103371 0.901527 -0.700839 -0.495707 -0.781163 -0.451323 -0.485432 -0.201263 
pop 9 layer 2
dims 4 32
-0.0993055 0.145259 0.0768232 -0.283684 0.484983 0.14441 1.26195 -0.135751 0.737727 -0.161585 -0.024221 0.936859 -0.92754 0.520163 0.827592 0.48837 0.224071 -0.437782 0.319747 -0.298215 -0.764058 -0.922719 -0.047333 -0.494859 0.00724371 0.779617 -0.125088 0.417353 0.13859 0.371274 0.300076 -0.249478 
-0.255706 -0.119621 0.021154 0.58969 -0.0419306 0.0589168 -0.0656651 -0.00626304 0.0299802 0.439547 -0.00935282 0.98986 0.118208 -0.218097 -0.127626 -0.255181 0.43466 -0.0867304 -0.313166 0.147364 -0.711572 -0.337053 0.501505 0.0604859 0.385406 0.294298 0.466038 -0.375549 0.116786 0.409403 0.336172 0.0921716 
0.935819 -0.364998 -0.216734 -0.398293 -0.635194 -0.431685 -0.652483 -0.0750461 -0.154695 0.547179 -0.442589 -1.24629 0.148664 0.0897224 0.62258 -0.426926 0.447336 0.122331 -0.611972 -0.825382 0.238742 -0.161802 -0.362069 -0.101685 -0.0736554 -0.00714077 0.22349 -0.445415 -0.049565 0.235328 0.283128 0.141442 
-0.0261964 0.276348 -0.919449 -0.715817 0.455085 -0.253003 -0.197689 0.136418 0.0600097 0.0542083 -0.299721 0.495666 0.24348 -0.79315 -0.952517 -0.182159 0.113641 -0.105646 -0.423079 0.060403 0.394927 -0.485402 -1.04582 -0.4633 -0.239222 -0.613037 0.0905179 -0.473997 0.40012 0.264048 -0.263522 -0.710023 
vWeights_end
generator 2943017530 2074392447 2050776841 2314380553 3643094010 592019423 2090420833 100112729 2724735559 701299578 1403600288 1081827417 3685547101 2894816666 384232555 1777319527 3425837471 663163168 723066446 2109336377 1847049164 529185557 972056215 2495196638 664831175 1194522258 3257728602 835809098 386657492 923131478 1573035212 248549733 2655654120 1049904897 3198216753 3063033318 1716171295 2255059957 2894601182 1761137091 1920422242 892603751 3610316230 1296900149 1404817576 461077456 2478072191 2262586988 19606419 1494071440 2047595020 3360093710 213934381 2959264357 1028204895 938369975 1687749042 1800043408 150191627 3669626948 2558410003 336260758 4177461469 2585613287 1484282751 1653494082 2790757474 3725803824 191955821 3677036651 2135347472 3258873603 3716364413 2112179596 2423958425 1361328069 306473952 857172329 3011864472 4190507641 191622083 926079364 374968415 267697531 10625402 978476712 2692700237 4006354728 3433671525 3188528585 772600270 1150212594 1391215204 1340154744 3952946580 1282811028 1338408740 573982877 3107350557 3456750700 2937844975 564484320 913214619 1995033241 3498180547 1504643080 2091637080 2134040334 3743478491 1944630180 3333068106 397671532 2185820683 3691989739 562995477 4106089753 598651952 63676340 1803970044 4133752622 4145521062 2154887197 176352340 2825765204 3340409501 3038315208 3343728337 856453502 4220150873 1847111470 860223762 2309169058 866890215 665260365 3618131363 3561531467 4096293674 3147282060 2148711846 761414950 4120682932 40601744 2726827124 725778695 2761401621 2126117911 3441422660 2215846271 1470368609 2484777943 1839923940 311989874 1400195450 840703028 3617484179 1191612556 1175754555 4244725851 2134876179 3481781869 3217102328 2690054525 3787095778 1665976776 3850171140 1319003395 1938433021 2954180964 2732336787 3539036218 2839802274 4177818505 3760718573 796690210 245525697 3223006533 396395530 3026176293 4157837398 3868610756 2755585843 4142538461 1114375449 2937907823 57414579 3232426515 1542087291 250275848 233040253 3119367241 1124529502 1606928777 1340193069 1468358629 451002175 4225232942 2401433759 3331125272 1595638187 3118850309 2267235473 1273792292 3702137780 1686242626 177407608 1947817182 4153887654 2764828489 222247302 237249571 2286711339 554436185 1707925195 1861349265 410803871 1406193057 2368852742 108843939 280927623 4275777250 1524825902 2686040052 1447133825 3082016497 3029024905 2891810089 3492788195 36253567 317665456 3210813037 883398174 154597080 2137810008 4255877065 1868438596 1556269619 3878441422 47409776 1671818573 3230866783 3555607915 3662677128 19584346 1358615742 181301303 1114486863 2775417140 3174858648 1600514091 2502684066 932619382 1074055980 97810953 1759053011 3319387514 1000934403 300748669 2005544058 1709659978 3660052960 3066652790 3991384873 2087858893 440975703 1535790671 685406581 177460044 4141432225 625788802 1855644116 2235896761 2704779422 1687836375 1716976129 3006475737 2844143025 2456180466 2609136962 1557431613 1541618889 2083996671 2149807174 1461668877 4051554531 903736534 3348167980 1652022417 692946142 2698102059 1600457845 3129681166 3163687563 3240038523 519818700 2278899454 19297357 189320387 3556850835 1952218201 3872404318 399190723 603487747 3131656840 800713984 2576712110 2302187144 1441686326 2262366487 2517696182 3688687856 105087380 2440503415 1158037507 3863618067 397020499 3324283893 575597778 971943931 827876811 717441898 2911320014 3334136008 678327780 1433204556 993595679 2962688188 1202268265 4224640313 1659089801 1850813736 975849937 3967204212 27437615 451939189 3315583609 1763099284 1353261944 2751077082 3772125961 762575173 3524260835 2744377523 2008526611 304405805 3867154921 2326213170 73080902 1017923530 3774768953 2795662404 3674841002 2949330738 1671278983 3864115989 1692674733 2860257315 1569725339 2173787134 3151072905 669231366 2448910175 3118378438 66270552 4208818107 2857088940 3953967350 183964770 2174858999 3121330064 1112081344 4082956118 1786018359 214889248 3688514937 988808599 3626826307 3705072435 42405283 4136850720 1327217169 1699331394 2732941963 18039230 2037655868 2637100168 1446403162 2883844008 1161110137 2594902313 3508229558 3862980174 708362675 1188133546 3217585963 3334013198 1869398105 75436942 1598290270 3170008122 3013565778 2095980911 1534057847 248765268 2417236253 2476870504 3602533459 4119583134 3591422810 938208826 1583564379 3721425564 1509429888 1517941205 3723206324 3065741603 1504266925 2355924170 2313111489 2531371429 2443558242 1596838041 1801996462 3283166729 481533674 3924247920 307716493 2635838598 856745457 430183242 3435394766 1978308372 351793038 3032715455 3358632754 2225242909 2203014629 1167206462 1576876782 4022456658 901393734 3333120225 1468591399 3036284967 1024740975 1951416114 428621468 865286445 504448092 1099961387 2253240734 1417066544 1884437841 1832523418 4066198631 891509709 3443722276 3373220610 165385789 2477638009 1896456271 1338555705 1395459076 1416012358 2292851268 3079019004 1059972997 3746911513 890437555 2215607321 1874115896 1503189214 3357147638 1533919436 1793481655 1181861186 1326586027 3199003291 2197196964 2284034268 2732870079 2313833740 3434957938 1969450117 3700606140 885724926 3852211414 3084983663 286249487 3794732803 2124084847 2714533980 3614804325 2857893516 4076690148 1698105764 181404036 3034616176 433060769 2387908162 1061542821 2184184097 2182636948 202010917 994800882 3676477626 3905936281 708795128 3543353649 1120582844 1336636906 3214089469 3411252949 2842790946 1587009871 3460145435 2647411722 1139409096 2103095307 1605513751 3994321896 1555786555 1033797146 3074531932 3753171239 4241024276 3078213213 3242821208 588485979 3072833502 1658092092 2478664388 3792042814 1081816540 3996618794 2262083824 3884854959 115238821 4130683056 1822869980 3207135088 3312222654 2381007311 3996343563 610715239 3627529658 1290339940 1818984920 2320363937 1793239220 3659329532 479987446 4041663934 3563233994 381462285 2007305611 2958343746 1351040020 1005541869 3804148561 3768432572 716166240 3028439292 1148391584 2467458512 1937847334 4063136297 1500869436 2331200200 151889871 4097936733 2234557175 2851719161 2890070108 580549028 801968513 2242955446 3991942072 636504515 1589014303 3824951342 689147573 1960565308 1548662299 282983601 269384259 508396921 3653887954 4204905850 3674456029 950379308 3310162095 1795417057 1533489245 2679452949 1464668729 3072345081 580607530 2506591201 1045124879 370240177 825588861 3987277503 1106562374 984053093 633435380 3357649796 9941123 223790528 1734785315 687999355 1137132952 2084160110 2678449727 3051326708 2776294204 423690074 3400636574 3601810655 1617192511 263395610 2500263961 3012745498 3434704282 1405772435
