sName lunar_lander
version 1
nEpochs 1000
nPopSize 100
nTop 10
act 1
populationStrategy 2
randomInjectionRatio 0.3
nLayers 4
vSize 5 16 32 4 
vBiases_start
pop 0 layer 0
dims 16 1
-0.430989 
-0.464575 
0.67416 
0.629207 
0.724321 
0.690826 
0.0333065 
-0.504894 
-0.370701 
-0.119468 
-0.409445 
0.131813 
0.198384 
-0.246154 
0.25607 
-0.140165 
pop 0 layer 1
dims 32 1
0.123448 
-0.0337926 
-0.698132 
-0.871538 
-1.16928 
0.374369 
-0.186067 
-0.526084 
-0.415624 
-0.124983 
0.398337 
-0.36032 
0.578588 
0.292324 
0.031716 
0.466766 
-0.0409389 
-0.62618 
-0.120436 
-0.89216 
-0.581249 
-0.111767 
-0.247637 
0.161865 
-0.412243 
0.378339 
-0.179963 
0.406201 
-0.355265 
0.249072 
0.823015 
-0.0914118 
pop 0 layer 2
dims 4 1
-0.329666 
0.257375 
0.900603 
-0.25617 
pop 1 layer 0
dims 16 1
-0.318708 
-0.751565 
0.7357 
0.728731 
0.917968 
0.621863 
0.0820575 
-0.709112 
-0.282231 
-0.39107 
-0.599177 
-0.0100943 
0.478613 
0.0178751 
0.224868 
-0.325177 
pop 1 layer 1
dims 32 1
-0.0376765 
0.247156 
-0.444694 
-1.15012 
-1.1621 
0.10054 
0.246044 
-0.0813241 
-0.663639 
-0.153665 
0.294791 
-0.230599 
0.482694 
0.45874 
-0.313873 
0.329775 
0.217313 
-0.368017 
-0.162046 
-0.975909 
-0.741215 
-0.435238 
-0.336655 
-0.0192763 
-0.767124 
-0.0795322 
-0.00255195 
0.642179 
-0.160219 
0.827635 
0.58954 
-0.346541 
pop 1 layer 2
dims 4 1
-0.241563 
0.0540538 
1.1955 
-0.0126601 
pop 2 layer 0
dims 16 1
-0.515658 
-0.785004 
0.790204 
1.01778 
1.23436 
0.706612 
0.168266 
-0.793835 
-0.523328 
-0.387207 
-0.970674 
0.0847745 
0.337316 
-0.133769 
0.269124 
-0.288027 
pop 2 layer 1
dims 32 1
-0.0481102 
0.355518 
-0.732627 
-1.22878 
-1.38497 
0.0696937 
0.187509 
-0.274501 
-0.645365 
-0.21503 
0.193438 
-0.569929 
0.532322 
0.545163 
-0.294334 
0.531218 
0.553433 
-0.531169 
-0.114827 
-1.21618 
-0.970431 
-0.165692 
-0.569895 
0.0956202 
-0.550388 
-0.0346419 
-0.369891 
0.644071 
-0.62327 
0.724902 
0.878787 
-0.520089 
pop 2 layer 2
dims 4 1
-0.191267 
0.175793 
1.05277 
-0.201348 
pop 3 layer 0
dims 16 1
-0.505356 
-0.373137 
0.635179 
0.936928 
0.852533 
0.494096 
0.191932 
-0.517614 
-0.49477 
-0.432141 
-0.950384 
-0.123817 
0.50865 
0.00576239 
0.307269 
-0.103812 
pop 3 layer 1
dims 32 1
0.110953 
0.250742 
-1.03162 
-1.19931 
-1.3308 
0.0372228 
-0.00368811 
-0.342105 
-0.430495 
-0.105432 
0.136267 
-0.347607 
0.726723 
0.544197 
0.136179 
0.653511 
0.41595 
-0.531932 
-0.106058 
-1.31825 
-0.830778 
-0.085442 
-0.189969 
0.0567745 
-0.491814 
0.546333 
-0.140442 
0.93904 
-0.747748 
0.683918 
0.727923 
-0.454288 
pop 3 layer 2
dims 4 1
-0.285642 
0.221083 
0.920178 
-0.332597 
pop 4 layer 0
dims 16 1
-0.314384 
-0.752769 
0.576218 
1.04283 
0.648848 
0.42076 
0.161802 
-0.611317 
-0.703692 
-0.329217 
-0.967641 
0.00670024 
0.384499 
0.0883608 
0.279487 
-0.325978 
pop 4 layer 1
dims 32 1
-0.0951132 
0.49118 
-0.498687 
-0.907723 
-0.940042 
-0.13999 
0.282163 
-0.177972 
-0.553196 
0.0112317 
0.199987 
-0.224322 
0.817018 
0.367373 
-0.104405 
0.401525 
0.621706 
-0.379012 
-0.231603 
-0.797015 
-0.623555 
-0.0558452 
-0.345119 
0.256906 
-0.510397 
-0.0940335 
-0.323033 
0.489952 
-0.392173 
0.602813 
1.01154 
-0.47135 
pop 4 layer 2
dims 4 1
0.144255 
0.0370129 
0.70027 
-0.146676 
pop 5 layer 0
dims 16 1
-0.305214 
-0.757424 
0.750675 
0.817931 
1.20466 
0.8878 
0.250506 
-0.733824 
-0.353318 
-0.4918 
-0.789027 
0.123328 
0.360932 
-0.138833 
0.227622 
-0.212366 
pop 5 layer 1
dims 32 1
-0.13575 
0.304017 
-0.577124 
-1.03861 
-1.21419 
0.0420039 
0.0985426 
-0.356167 
-0.466068 
-0.230048 
0.0794459 
-0.471225 
0.229653 
0.485103 
-0.267867 
0.341617 
0.590373 
-0.43048 
-0.112131 
-1.15982 
-0.861471 
-0.308706 
-0.358093 
-0.104527 
-0.407921 
-0.0372906 
-0.331654 
0.66064 
-0.353579 
0.650767 
0.653075 
-0.474013 
pop 5 layer 2
dims 4 1
0.249728 
0.0350311 
0.495415 
0.0684862 
pop 6 layer 0
dims 16 1
-0.448867 
-0.712868 
0.434789 
0.914176 
1.02379 
0.478091 
0.340159 
-0.5599 
-0.413538 
-0.376853 
-0.844523 
0.207396 
0.282942 
-0.00907578 
0.331394 
-0.314327 
pop 6 layer 1
dims 32 1
-0.00415207 
0.176284 
-0.722699 
-1.19965 
-1.21336 
0.104135 
0.178189 
-0.201712 
-0.598681 
-0.268947 
0.16853 
-0.49497 
0.421928 
0.597401 
-0.166429 
0.523674 
0.538009 
-0.398206 
-0.354811 
-0.999989 
-0.62331 
-0.324231 
-0.49401 
0.015256 
-0.465777 
-0.0799791 
-0.401838 
0.533777 
-0.647496 
0.633381 
0.879972 
-0.561785 
pop 6 layer 2
dims 4 1
-0.0801439 
0.157805 
1.03682 
-0.125339 
pop 7 layer 0
dims 16 1
-0.466911 
-0.796497 
0.621051 
1.05451 
0.996319 
0.525157 
0.205466 
-0.598784 
-0.597603 
-0.202603 
-0.848041 
0.0133387 
0.335868 
-0.0406297 
0.396015 
-0.28126 
pop 7 layer 1
dims 32 1
-0.0503276 
0.390097 
-0.576975 
-1.0087 
-1.2047 
0.108006 
0.158956 
-0.175185 
-0.607391 
-0.23874 
0.236599 
-0.45569 
0.698068 
0.387861 
-0.278437 
0.62546 
0.654571 
-0.484796 
-0.138368 
-1.07164 
-0.746864 
-0.0357065 
-0.483488 
0.0220855 
-0.615112 
-0.15287 
-0.254702 
0.370088 
-0.584855 
0.681619 
0.810212 
-0.648667 
pop 7 layer 2
dims 4 1
0.074582 
0.033111 
0.844085 
-0.0910965 
pop 8 layer 0
dims 16 1
-0.292441 
-0.507187 
0.485619 
0.936525 
0.772165 
0.089468 
0.148938 
-0.505271 
-0.655084 
0.0654032 
-0.715401 
-0.219337 
0.352162 
-0.121101 
0.273136 
-0.0664148 
pop 8 layer 1
dims 32 1
-0.177929 
0.318337 
-0.398714 
-0.479907 
-0.874307 
0.124736 
-0.0400788 
-0.045579 
-0.276902 
0.0809768 
-0.0628586 
-0.206529 
0.677247 
0.295188 
-0.342912 
0.517832 
0.767565 
-0.250121 
-0.151116 
-0.675072 
-0.816416 
-0.203921 
-0.24894 
0.0901029 
-0.37721 
-0.215041 
-0.112457 
-0.02285 
-0.141489 
0.682552 
0.781379 
-0.447198 
pop 8 layer 2
dims 4 1
0.149684 
0.162961 
0.528064 
-0.0559131 
pop 9 layer 0
dims 16 1
-0.256947 
-0.308984 
0.635539 
0.47048 
0.582622 
0.501845 
0.0232524 
-0.27389 
-0.406625 
-0.231561 
-0.466585 
0.00713193 
0.141893 
-0.329312 
0.241722 
-0.0878219 
pop 9 layer 1
dims 32 1
-0.0831217 
-0.0409879 
-0.507265 
-0.664747 
-1.20663 
0.316021 
-0.219889 
-0.301743 
-0.418319 
-0.119333 
0.280773 
-0.319973 
0.268141 
0.499723 
0.00893417 
0.454609 
-0.0525045 
-0.42631 
0.0682556 
-0.937451 
-0.493857 
0.0424184 
-0.468249 
0.0768364 
-0.485586 
0.221866 
-0.0611291 
0.473282 
-0.25396 
0.149984 
0.893276 
-0.106637 
pop 9 layer 2
dims 4 1
-0.219009 
0.0808941 
0.868382 
-0.224548 
vBiases_end
vWeights_start
pop 0 layer 0
dims 16 5
-0.0266576 -0.317507 -0.910552 0.451869 -0.13967 
-0.0164186 -0.334541 -0.090417 0.00136079 0.0514719 
0.477849 0.447032 0.978602 -0.00709377 -0.325113 
0.47708 0.172806 0.384148 -0.448815 -0.513156 
0.556527 -0.0397827 0.518175 0.0325984 0.561836 
0.194627 -0.280852 0.415038 0.350712 -0.304512 
-1.53583 -0.372233 -0.238982 0.136586 -0.279427 
0.286724 1.0715 0.713996 -0.264085 0.53791 
-0.486437 0.116226 -0.389329 -0.220154 -0.366016 
-0.491974 -0.301527 -0.5127 -0.245169 -0.221111 
0.794871 0.0360375 0.677339 -0.105886 0.1565 
-0.122981 -0.0404741 -0.722042 0.27726 -0.65641 
-0.448559 -0.696042 -0.00228307 0.583583 0.00200619 
0.518388 0.0498884 -0.51565 -0.160086 0.409141 
-0.00901426 0.0768592 0.0067418 -0.0869865 -0.228053 
0.100142 0.79089 -0.254077 0.563802 0.109708 
pop 0 layer 1
dims 32 16
-0.00189421 0.111373 -0.572934 0.220206 -0.206064 -0.952532 0.217204 0.194328 0.582085 -0.0103655 0.463159 -0.0676808 -0.047713 0.402424 -0.404683 -0.216346 
-0.00582319 0.628179 0.565194 -0.410055 -0.794475 0.0594409 -1.08689 0.0578647 -0.424243 0.432744 -0.659893 1.13297 -0.324186 0.0573289 0.930847 -0.894121 
-0.276803 -1.08841 0.375118 -0.088851 0.583777 0.147424 0.0708011 0.188099 -0.189631 -0.012907 0.105026 -0.353947 -0.572059 0.328005 0.493352 -0.551576 
0.113483 0.0249099 0.276334 -0.851391 -0.313709 -0.375282 -0.54774 0.50703 0.115322 0.00246516 -0.208924 0.167927 -0.76949 0.259636 0.820602 0.182491 
-0.371547 0.302731 -0.288606 0.285726 -0.0182727 0.940162 0.212184 -0.213972 -0.224043 0.03362 -0.0881128 0.356738 0.242967 0.555342 -0.327826 -0.0123734 
-0.343828 0.124793 1.05929 0.339914 -0.0110608 0.0523387 0.0511197 -0.0448578 0.0719857 -0.118096 0.526274 -0.0662045 0.228837 -0.229831 -0.229267 0.332575 
-0.307179 0.0228713 -0.870887 -0.329852 0.776036 -0.345676 -0.451346 -0.197813 0.418122 -0.107672 -0.0893562 0.663126 -0.754202 0.926453 -0.0197087 0.182801 
0.61631 -0.565611 -0.201194 -0.00264768 -0.0211485 0.237552 0.319357 -0.153239 -0.147738 -0.675441 0.413017 -0.0889364 -0.343627 -0.0394855 -0.0790165 0.800459 
0.0273098 0.430095 0.934478 0.191331 -0.0559253 -0.256358 0.123241 0.543075 0.37016 0.162782 -0.482346 -0.560154 -0.596896 -0.323014 -0.301266 0.763528 
0.878005 0.4152 0.477935 0.482386 0.248587 -0.771309 -0.56172 -0.0394431 0.509805 0.0995617 -0.436574 0.162374 -0.0977186 -0.538454 0.241935 -0.322466 
-0.346403 -0.901537 0.696704 0.175623 0.178207 0.325644 0.0808327 -0.196539 -0.348641 -0.826838 -0.0932261 -0.0183391 -0.389101 -0.896949 0.00123838 0.272835 
-0.365003 -0.4657 -0.520618 -0.683009 -0.0107559 0.619703 -0.820923 -0.0637416 0.219606 0.17521 -0.621647 -0.219188 -0.461735 -0.796825 -0.521946 0.22539 
-0.280023 -0.388845 0.205178 -0.0258599 0.930237 -0.18522 -0.212328 -0.512823 0.111781 0.319082 0.403664 -0.0819556 -0.561166 1.075 0.0509456 0.723271 
-0.60716 0.294839 0.347807 -0.15058 -1.08388 0.700869 0.826523 -0.890308 -0.621058 -0.0012497 0.345027 -1.0843 -0.371984 -0.410417 -0.314508 -0.673221 
-0.0725668 -0.00853977 -0.362912 0.418799 -0.762192 -0.127432 0.0931843 0.722926 0.630458 0.129677 0.237288 -0.293831 0.426488 0.497167 -0.039018 -0.124659 
-0.113278 -0.409756 0.868062 -0.0136517 -0.642963 -0.417847 0.561108 -0.415717 -0.0996058 -0.163059 -0.329208 -0.141892 -0.230786 -0.529164 0.112638 0.358647 
0.450836 0.108922 0.398694 0.205366 0.697665 0.0137297 -0.503837 -0.668548 -0.324035 -0.11489 0.132558 -0.239426 0.00683062 -0.272506 -0.513944 0.100186 
0.28435 0.30172 -0.57298 -1.38812 -0.0663652 -0.394956 -1.13156 -0.295212 -0.500695 0.765496 -0.581676 0.96175 0.211014 0.311722 0.611253 -0.283342 
-0.685547 0.331181 0.101414 0.447422 -0.040873 -0.30619 0.531392 0.245059 0.0351364 -0.722001 0.493641 0.373947 0.275768 -0.062285 -0.325908 -0.113312 
-0.509614 -0.109771 0.765032 -0.546949 0.753908 0.195407 -1.14897 0.336339 -0.674177 0.183319 -1.02698 -0.566254 -0.121176 0.102949 0.634759 0.580182 
0.581582 -0.607711 -0.665932 0.108988 0.118234 -0.624633 -0.476615 0.0716742 0.48856 -0.830165 -0.46393 -0.667115 -0.752546 -0.25649 -0.189097 0.383181 
0.0852215 -0.0517213 0.921739 -0.0710402 -0.255237 -0.0465854 -0.736678 0.773236 -0.283755 0.042499 -0.598566 0.240241 -0.315659 0.0602839 -0.931354 -0.406681 
-0.791514 -0.84665 0.324748 -0.444563 0.0116898 -0.0324335 0.61455 0.940291 -0.218588 0.200443 -0.186321 0.484066 0.150519 0.687817 0.295232 0.783524 
-0.32163 1.06152 -0.398843 -0.00216353 -1.19068 -1.53777 -0.566841 0.151206 -0.426011 0.548412 0.71598 0.37607 -0.687834 -0.193381 -0.191195 -0.00542884 
-0.153426 -0.418243 -0.533326 -1.07676 -0.110153 1.02836 -0.208141 0.51993 0.0867951 -0.00724513 -0.420292 -0.0499038 0.0590054 -0.569857 -0.167096 0.0594679 
0.399664 -1.01996 0.295663 -0.650606 -0.38591 -0.198952 -0.176943 0.359212 0.635692 0.213645 -0.502122 0.195737 -0.311432 -0.357631 -0.704647 0.828146 
0.283426 -0.534204 -0.0948523 -0.0237656 1.14567 -0.0830175 0.126782 0.787026 -0.328301 -0.463374 -0.912377 0.228815 -0.864855 0.463594 -0.130453 -1.16729 
0.683158 0.63467 -0.148287 -0.0744045 -0.0135514 0.237426 0.747725 0.449913 -0.9288 -0.314913 -0.596778 -0.743523 -0.194551 -0.449822 -0.302953 0.742891 
0.548728 0.355588 -0.567649 -0.898861 0.581304 -0.342617 -0.45123 -0.346486 0.416641 -0.0203651 -0.0524442 0.493363 -0.789179 -0.61412 0.113407 0.243664 
-0.364465 -0.124821 0.169697 -0.203685 -0.359757 -0.611218 -0.255668 0.792204 -0.818719 -0.100083 0.191117 0.26641 0.613483 -0.270153 -0.0944707 0.374083 
0.0814281 0.0716124 -0.0301697 0.554467 -0.270858 0.462521 -0.033579 0.387959 -0.00136255 -0.421872 0.243084 0.330807 0.507662 0.224967 -0.525562 -0.222696 
-0.571589 -0.609451 0.00158703 0.934341 -0.435005 0.639624 -0.213685 0.270824 0.389555 0.842723 -0.971757 0.102277 -0.612048 -0.0567934 -0.662976 -0.036869 
pop 0 layer 2
dims 4 32
-0.0885222 0.347054 0.101438 -0.254275 0.180298 0.246969 1.09218 -0.00152791 0.541189 -0.0922163 -0.142277 0.810021 -0.722723 0.573794 0.790095 0.531741 0.143269 -0.223751 0.218672 -0.380954 -0.867077 -0.997751 -0.0114436 -0.781556 -0.13737 0.592511 -0.0604975 0.284321 -0.068994 0.00637748 0.145409 -0.302575 
-0.0664242 -0.026832 0.14293 0.1787 0.308622 -0.199402 -0.0277622 -0.170938 0.362431 0.548297 -0.261924 0.671313 0.291702 -0.0194445 -0.263923 -0.332383 0.478063 -0.309501 -0.257985 0.483672 -0.467478 -0.141633 0.515376 0.262366 0.379646 0.16587 0.432009 -0.36125 -0.154895 0.498828 0.358801 0.242834 
0.815363 -0.289866 0.0478254 -0.777225 -0.84888 -0.191382 -0.875358 -0.151635 -0.302135 0.980923 -0.220062 -1.05118 0.205293 -0.0800419 0.923793 -0.232497 0.357322 0.194189 -0.678449 -0.959822 0.188623 -0.0912662 -0.0984894 -0.222789 0.00543941 -0.226375 0.245662 -0.260786 0.20351 0.518937 0.308543 0.42488 
-0.0730099 0.402418 -1.06839 -0.780166 0.255704 -0.313626 -0.108314 -0.0788226 0.0643468 0.0815991 -0.15873 0.503217 0.324954 -0.784888 -0.838876 -0.264632 0.125925 -0.247211 -0.229589 -0.030396 0.0429636 -0.535682 -0.821413 -0.491836 -0.36969 -0.856779 0.258964 -0.690455 0.461473 0.486486 -0.178052 -0.706904 
pop 1 layer 0
dims 16 5
-0.0713444 -0.420833 -0.767918 0.481416 -0.262095 
-0.0892991 -0.235717 0.133708 -0.090956 0.188745 
0.505888 0.226931 1.02827 -0.297714 -0.316223 
0.286472 0.147685 0.354061 -0.223716 -0.455313 
0.555535 -0.0676292 0.761462 0.204669 0.228913 
0.030243 -0.0532836 0.507783 0.39695 -0.587274 
-1.23115 -0.172814 -0.0326783 -0.0128221 -0.303173 
0.130623 0.803127 0.332228 0.089687 0.918431 
-0.31484 0.129233 -0.307909 -0.399175 0.188926 
-0.191023 -0.590896 -0.588316 -0.11534 -0.0725959 
0.998096 -0.0999688 0.760108 -0.260216 0.106707 
-0.515243 -0.0198019 -0.741728 0.176531 -0.763972 
-0.298787 -0.744774 -0.0678582 0.676003 -0.0989083 
0.451868 0.113091 -0.618126 0.185282 0.504759 
0.224609 0.08569 0.282097 -0.179619 -0.0228506 
0.151914 0.864652 -0.673394 0.899998 0.0231428 
pop 1 layer 1
dims 32 16
0.0309463 0.572851 -0.728828 0.594723 -0.417027 -1.12706 0.145662 0.224143 0.506346 0.33689 0.942817 -0.00800852 0.0993496 0.173935 -0.821379 0.0951749 
-0.21221 0.205111 0.383955 -0.100047 -0.670975 -0.140389 -0.635301 -0.329142 -0.470552 0.192239 -0.580557 1.09383 -0.422747 0.125562 0.754645 -0.843751 
-0.629399 -1.19846 0.110271 -0.266635 -0.171818 -0.0225822 0.0210503 0.409005 -0.297474 0.0826101 0.0204945 -0.453261 -0.695085 0.258896 0.322016 -0.209731 
0.441372 -0.162288 0.219567 -0.806244 -0.357037 -0.401894 -0.738273 0.544639 0.200885 0.441529 -0.00441742 0.518331 -0.978898 0.131819 0.703575 -0.148213 
-0.380097 0.397717 -0.569931 -0.519202 -0.180957 1.10908 0.562461 0.0883167 -0.0858784 -0.300991 -0.464701 0.273212 0.0483975 0.733862 -0.603363 -0.034094 
-0.394632 0.096723 1.1452 0.164736 -0.234274 0.41775 -0.162957 0.294814 0.250427 -0.158142 0.855412 -0.274005 0.181687 -0.320038 -0.397509 0.630321 
-0.549383 0.135234 -1.18821 -0.390208 0.653329 -0.508238 -0.461377 -0.408812 0.75531 0.0483197 0.143659 0.747598 -1.0379 0.946897 0.215589 0.20545 
0.557469 -0.788777 -0.300895 0.389978 -0.0910263 0.046034 0.265088 -0.44588 -0.394234 -0.399874 0.0848485 -0.313763 -0.191414 0.293752 0.234232 1.1326 
-0.0567412 0.210145 0.615848 0.412226 0.159133 -0.333512 0.168109 0.826534 0.313935 0.213987 -0.973036 -0.692436 -0.938873 -0.35622 -0.638015 0.765876 
0.85884 0.101736 0.139622 1.07719 0.126173 -0.20269 -0.702094 -0.0967225 0.517212 0.0575838 -0.346808 0.254054 -0.341431 -0.141628 0.280641 -0.675226 
-0.128318 -1.50658 1.17335 -0.192413 -0.0412719 0.274717 -0.0794025 -0.157416 -0.200318 -0.766373 -0.186978 -0.357205 -0.227634 -0.911648 -0.0636636 0.573609 
-0.222272 -0.978579 -0.61474 -0.339146 0.432417 0.772302 -0.776408 0.33054 -0.0672525 0.247826 -0.575989 -0.439358 -0.240898 -0.524551 -0.646337 0.222692 
0.192092 -0.378002 -0.0629769 -0.532418 0.843741 0.00187814 0.4671 -0.280987 -0.0439011 0.288202 0.456666 -0.384962 -0.494588 0.615729 0.111979 0.296522 
-0.676999 0.683372 0.21121 0.128972 -1.07809 0.436344 1.38351 -1.05259 -0.628117 0.21497 0.303999 -1.1099 -0.512672 -0.150843 0.0735524 -0.166117 
0.452582 0.209734 -0.199416 0.569671 -0.64645 0.183414 0.274087 0.711525 0.290822 0.541549 0.473389 -0.325565 0.54298 0.961404 -0.567482 -0.0127303 
0.0827288 -0.350444 0.241666 -0.10655 -0.759094 -0.275405 0.522204 -1.07305 -0.158237 -0.404877 -0.499476 -0.18419 -0.0761256 -0.443896 0.256062 0.212537 
0.318197 0.159061 0.0691702 0.289416 0.653691 -0.0676298 -0.220128 -0.07334 -0.0891318 -0.0452534 -0.143416 -0.402084 -0.280351 -0.0608442 -0.705211 -0.0281349 
-0.167254 0.150992 -0.63067 -1.28542 0.0236129 -0.410139 -0.8956 -0.305215 -0.148559 0.324441 -0.376 1.01111 0.361733 0.440014 0.420873 -0.0152859 
-0.633769 0.326762 0.431078 0.281106 -0.116021 -0.488667 0.500088 -0.142896 0.158672 -0.653497 0.539986 0.236472 0.307533 0.467582 -0.362328 0.154987 
-0.479536 -0.0687451 1.00503 -0.833459 0.650637 0.170107 -0.901331 0.309831 -0.364589 0.38048 -0.840394 -0.265219 0.0408433 0.107218 0.893427 0.431081 
0.62246 -0.500955 -0.828302 -0.26387 -0.268097 -1.00087 -0.828952 0.0775133 0.782535 -0.750588 -0.32728 -0.942035 -0.663056 0.11867 -0.427651 -0.0412912 
0.0584237 -0.11589 1.04074 -0.013023 -0.403265 0.311034 -0.894634 0.853199 0.173982 0.203001 -0.81029 0.528633 0.140459 0.203392 -0.818952 -0.423965 
-1.25118 -1.16712 0.0798075 -0.635333 0.386124 -0.0821907 0.648601 0.926684 0.0528883 -0.122896 -0.0222131 -0.0102425 0.367675 0.492225 0.515851 0.327057 
-0.313619 0.884029 -0.812597 0.00763604 -0.900944 -1.70628 -0.139569 0.0696162 -0.143118 0.64706 0.554416 0.887846 -0.67342 -0.102175 -0.184613 0.0288003 
0.376097 -0.223913 -0.23484 -0.914268 0.288354 0.947693 -0.859956 1.21364 -0.148151 0.325208 -0.117103 0.0437839 0.241051 -0.317223 0.325346 0.0619421 
0.297303 -0.650314 0.26788 -0.759287 -0.646005 -0.552039 -0.0689789 0.403394 0.573738 0.0117922 -0.50208 0.630476 -0.154436 -0.388519 -0.858355 0.898762 
0.412487 -0.67449 0.397873 0.271174 1.43486 -0.499687 0.250001 0.573944 -0.520113 -0.145218 -0.544097 0.1059 -0.747722 0.27486 0.14885 -1.00046 
0.483781 1.07312 -0.0701753 0.133559 0.0946468 0.37356 0.551615 0.179947 -0.810623 -0.214429 -0.365372 -1.3851 -0.0915913 -0.21725 -0.397904 0.695511 
0.494304 -0.0691371 -0.478339 -0.582829 0.35101 -0.466988 -0.323703 -0.359395 0.277195 -0.560898 0.228564 0.722525 -0.561403 -0.399532 0.363918 0.197582 
-0.793416 0.224428 0.32168 -0.604407 -0.363161 -0.462576 -0.424202 0.443583 -1.01025 0.373054 0.416256 0.45971 0.529526 -0.49264 -0.190142 0.296588 
-0.319896 0.394376 -0.0105704 0.310197 -0.552777 0.715854 -0.398103 0.525058 0.0525246 -0.255354 0.485047 -0.167337 0.192967 0.636644 -0.963101 0.117509 
-0.636389 -0.61834 0.00669582 0.832687 -0.554418 1.00642 -0.609301 0.0117679 0.444995 0.811252 -0.746126 -0.176358 -0.694043 -0.636193 -0.563054 -0.231018 
pop 1 layer 2
dims 4 32
-0.21499 0.209799 0.0226065 -0.378522 0.534619 0.102527 1.21534 -0.210311 0.82172 -0.438397 -0.159784 0.815657 -1.28122 0.762332 0.587502 0.25174 0.124351 -0.323449 0.300715 -0.592922 -1.00589 -0.874721 0.0787673 -0.750544 0.183034 0.607432 -0.432896 0.362547 0.137959 0.190524 -0.00974591 -0.163421 
-0.0102473 -0.403472 -0.204296 0.304306 0.136226 -0.0555687 0.261406 -0.216129 0.61727 0.311286 -0.139295 1.08163 0.222626 -0.104291 -0.335753 -0.0685203 0.51424 -0.232536 -0.464633 0.279005 -0.544115 -0.461285 0.526898 0.262371 0.345292 0.310435 0.480953 -0.0490258 0.00536035 0.470177 0.641232 -0.0405949 
1.0073 -0.47545 -0.023446 -0.516326 -0.448065 -0.382677 -0.579421 -0.053035 -0.155097 0.673517 -0.317616 -0.9701 0.373073 -0.166874 0.841519 -0.162249 0.679411 0.118254 -0.537157 -1.01092 0.443898 -0.180621 -0.45708 -0.277225 -0.0908801 -0.097278 0.209301 -0.47918 -0.133046 0.262348 0.208471 0.299425 
-0.0294039 0.0359576 -1.28072 -0.983406 0.344926 -0.340818 -0.230361 -0.018403 -0.166725 -0.0689591 -0.109841 0.268152 0.398963 -0.936919 -0.821894 -0.205723 0.194055 0.143413 -0.319931 0.165397 0.188377 -0.305691 -1.10868 -0.515362 -0.235789 -0.364382 0.151855 -0.739656 0.587057 0.664657 -0.0139095 -1.17589 
pop 2 layer 0
dims 16 5
-0.142883 -0.587363 -0.95837 0.573967 -0.443687 
0.0478032 -0.366124 -0.0525596 -0.0430175 0.136416 
0.553662 0.296326 1.34636 -0.321996 -0.425628 
0.469645 0.036672 0.559875 -0.491494 -0.734854 
0.5856 -0.197282 0.656601 0.0520385 0.408505 
0.0554204 -0.0970794 0.499621 0.46928 -0.838341 
-1.66812 -0.441718 0.0538172 -0.0624806 -0.306248 
0.209968 0.927869 0.418553 -0.227439 0.914088 
-0.363755 0.179338 -0.462275 -0.547688 -0.285936 
-0.270361 -0.323187 -0.830752 -0.288267 -0.301565 
1.0594 -0.378166 0.851909 -0.213396 0.138244 
-0.385931 -0.11477 -0.946201 0.28408 -0.811856 
-0.416745 -0.827414 -0.017533 0.793941 0.00877233 
0.556366 0.191893 -0.714776 0.0705967 0.690515 
0.492017 -0.122085 0.25625 -0.338138 -0.105649 
0.133735 0.931834 -0.691223 0.61334 0.254969 
pop 2 layer 1
dims 32 16
0.11077 0.468246 -0.980918 0.614135 -0.328303 -1.31186 0.116163 0.148843 0.614198 0.258438 1.1311 -0.0261968 0.0311681 0.345502 -0.957018 -0.11796 
-0.0675945 0.449041 0.69711 -0.235029 -0.845665 -0.0152312 -1.09604 -0.410363 -0.77324 0.174112 -0.797187 1.57046 -0.753205 -0.0200452 1.19012 -1.02996 
-0.398089 -1.29116 0.377378 -0.125207 0.122273 -0.0968936 0.208322 0.177674 -0.496705 -0.0170774 0.147415 -0.699108 -0.970513 0.409112 0.434125 -0.477659 
0.358653 -0.136116 0.414557 -1.15847 -0.361663 -0.453867 -1.03735 0.787318 0.100921 0.35107 -0.0879817 0.41265 -0.990465 0.167668 1.08617 -0.156596 
-0.487706 0.4228 -0.938731 -0.435982 0.00799811 0.946778 0.748196 0.220592 -0.181054 -0.315848 -0.42165 0.344425 0.245815 0.657686 -0.634267 0.0194731 
-0.657233 0.319066 1.46094 0.358819 -0.257786 0.625946 -0.151094 0.0739517 0.381224 -0.293098 0.785554 -0.556588 0.427138 -0.374575 -0.0164522 0.699704 
-0.430349 0.251892 -1.40262 -0.357195 0.962568 -0.54562 -0.609122 -0.464166 0.910845 -0.17232 -0.0843641 0.854903 -1.2278 1.21545 0.217502 0.223802 
0.656934 -0.91978 -0.155795 0.399444 -0.244599 0.032881 0.100397 -0.625445 -0.408061 -0.347113 0.219203 -0.479649 -0.538764 0.300057 0.233541 1.22601 
-0.0949425 0.349421 0.80677 0.483006 0.0472775 -0.462298 0.267416 0.848824 0.360997 0.362089 -0.99799 -0.710354 -1.24372 -0.291488 -0.612203 0.998227 
1.01839 0.247774 0.268206 1.14331 0.129379 -0.497107 -0.822626 -0.191988 0.585511 0.054561 -0.353349 0.293945 -0.327096 -0.394253 0.375974 -0.954868 
0.0453861 -1.80799 1.30363 -0.157181 -0.0595648 0.379831 -0.133539 -0.271841 -0.376913 -0.994556 -0.00960689 -0.287137 -0.368387 -0.940796 0.170338 0.498066 
-0.222803 -1.18593 -0.702191 -0.532059 0.12096 0.776969 -1.07533 0.418622 0.163073 0.110612 -0.761134 -0.417255 -0.274417 -0.56358 -0.978398 0.3621 
-0.093582 -0.620311 0.126734 -0.249999 1.21174 -0.131311 0.55186 -0.413352 0.0111605 0.121732 0.67845 -0.401871 -0.575506 0.605028 0.0168588 0.493293 
-0.589108 0.642262 0.119109 -0.00293049 -1.26946 0.544533 1.49382 -1.25034 -0.824594 0.148926 0.108359 -1.26242 -0.752495 -0.372267 -0.241049 -0.0546053 
0.400194 0.149602 -0.351717 0.53955 -1.14148 0.265496 0.365299 1.12126 0.499624 0.420719 0.740288 -0.324452 0.725958 1.22335 -0.545328 -0.216946 
0.124815 -0.715287 0.627025 -0.211286 -0.944767 -0.225421 0.634256 -1.34058 0.148873 -0.296337 -0.540974 -0.248451 -0.198175 -0.72471 0.213813 0.335091 
0.476862 0.406833 0.113518 0.33799 0.70693 0.0500917 -0.276662 -0.145852 -0.273396 -0.00848845 -0.200995 -0.526265 -0.264261 -0.0415676 -0.668585 -0.132024 
0.0560862 0.311108 -0.785813 -1.65096 -0.0186712 -0.299719 -0.973761 -0.433492 -0.266592 0.513576 -0.489566 0.901087 0.148646 0.573168 0.77647 0.0552187 
-0.813259 0.361827 0.725904 0.235984 -0.0242991 -0.415974 0.462457 -0.131448 -0.131964 -0.555077 0.604153 0.264947 0.404916 0.286627 -0.457545 0.0903341 
-0.625294 -0.253668 1.10706 -0.881582 0.985784 0.253557 -1.28808 0.269945 -0.537544 0.349369 -1.25699 -0.545257 0.362393 0.191834 0.865551 0.561709 
1.018 -0.625853 -0.863365 -0.10939 -0.236927 -0.794988 -0.785905 0.163616 0.814794 -0.67744 -0.46422 -1.1649 -0.647123 0.110812 -0.417468 0.184832 
0.159304 -0.137141 1.36396 0.0905417 -0.287289 0.179423 -1.10065 0.883726 -0.077429 0.185812 -0.893495 0.774932 -0.016466 0.433873 -1.01758 -0.547803 
-1.2975 -1.49685 -0.0480126 -0.635131 0.177992 -0.0596469 0.7207 1.25014 -0.266062 -0.13692 -0.0553975 0.0305041 0.249863 0.771078 0.440933 0.68389 
-0.293936 1.15632 -1.05194 0.0673889 -1.03474 -1.94696 -0.0984876 0.0655168 -0.157971 0.62073 0.840026 0.677138 -0.754537 -0.310797 -0.32199 0.0148088 
0.345544 -0.438372 -0.535144 -1.23196 0.257401 1.17638 -0.764922 1.202 -0.0165817 0.235893 -0.219136 -0.0750498 -0.00671344 -0.390423 0.510252 0.0705491 
0.221192 -1.02736 0.263995 -0.632238 -0.597135 -0.676525 -0.14143 0.620737 0.923904 0.361163 -0.798741 0.560625 -0.151996 -0.475198 -0.903565 1.04881 
0.860993 -0.792734 0.278046 0.032465 1.36678 -0.169606 0.307831 0.581594 -0.371096 -0.326593 -0.770886 0.250103 -0.993647 -0.0374563 0.205326 -1.47528 
0.3323 1.38658 -0.110788 -0.201606 0.24067 0.495082 0.919997 0.178803 -1.30324 -0.589963 -0.626783 -1.90824 0.128304 -0.322784 -0.38886 0.966479 
0.600171 -0.347733 -0.647318 -0.553356 0.473901 -0.62383 -0.421813 -0.672178 0.26022 -0.388494 0.0377586 0.914427 -0.725249 -0.302606 0.34908 0.284146 
-0.610686 -0.0343076 0.573826 -0.987456 -0.784098 -0.621746 -0.209211 0.572592 -0.959486 0.674579 0.585026 0.589352 0.731465 -0.645809 -0.166425 0.451536 
-0.227705 0.175239 -0.135506 0.519457 -0.605225 0.695835 -0.449045 0.487528 0.217795 -0.349626 0.761363 -0.230644 0.533661 0.614934 -1.23835 -0.282622 
-0.687234 -0.776866 0.117498 1.04127 -0.493465 1.196 -0.545915 -0.126928 0.369545 0.851853 -0.950395 -0.053761 -1.11359 -0.647794 -0.858693 -0.217213 
pop 2 layer 2
dims 4 32
-0.438399 0.173221 0.0443311 -0.559591 0.570928 0.341059 1.48134 -0.0926335 0.908901 -0.275983 -0.110469 1.07591 -1.23226 0.792672 0.902047 0.532489 0.191912 -0.41729 0.225451 -0.390632 -1.19614 -1.13381 0.183176 -0.857367 0.038007 0.699995 -0.20275 0.496595 0.15849 0.312161 0.136545 -0.18684 
0.0244211 -0.211595 0.0733214 0.330185 0.069122 0.0518906 -0.0538105 -0.139901 0.357635 0.398393 -0.16607 1.01314 0.196112 -0.0697864 -0.340373 -0.189673 0.440277 -0.253617 -0.253817 0.344447 -0.66876 -0.424914 0.593308 0.122217 0.36263 0.286782 0.616015 -0.154535 0.159869 0.539556 0.451759 0.111331 
1.19217 -0.498796 -0.0914318 -0.66623 -0.739619 -0.42848 -0.810121 -0.0698243 -0.378362 0.959907 -0.341738 -1.37411 0.375858 -0.0457583 1.01397 -0.409637 0.549184 0.1764 -0.71542 -1.06596 0.240278 0.00115384 -0.291672 -0.240681 0.0672368 -0.189789 0.441477 -0.562215 0.135435 0.330617 0.336461 0.410058 
0.0152076 0.260648 -1.27429 -1.07397 0.462327 -0.349562 -0.232265 -0.0247897 0.027421 0.264182 -0.160536 0.560851 0.263875 -1.04465 -1.13144 -0.269068 0.27506 0.00870869 -0.330029 0.27404 0.118295 -0.512079 -1.30005 -0.603714 -0.196744 -0.64036 0.135087 -0.632972 0.682933 0.695967 -0.168218 -0.993952 
pop 3 layer 0
dims 16 5
-0.121056 -0.207289 -0.749046 0.459678 -0.217838 
0.0926245 -0.205358 -0.0479352 0.0313059 0.173724 
0.430671 0.115206 1.18909 -0.289299 -0.407319 
0.522081 0.112488 0.610249 -0.215913 -0.59463 
0.227919 -0.360079 0.353326 0.300747 0.234107 
0.318989 0.310742 0.275771 0.116297 -0.613702 
-1.20437 -0.319114 0.146211 -0.155002 -0.385158 
0.398211 0.899165 0.40128 -0.235362 0.628365 
-0.386575 0.185903 -0.342511 -0.229235 -0.251427 
-0.0395689 -0.327961 -0.408269 -0.0787532 -0.250672 
0.829091 -0.223092 0.711282 -0.237114 0.020128 
-0.190525 -0.020753 -1.17141 0.274976 -0.245665 
-0.352477 -0.573295 -0.124619 0.334428 -0.147681 
0.315322 0.00680667 -0.32158 0.218607 0.174856 
0.571231 -0.179761 0.385792 -0.447683 -0.388419 
0.00282751 0.592965 -0.669016 0.59025 0.302811 
pop 3 layer 1
dims 32 16
-0.0238425 0.230772 -0.785541 0.121068 -0.0765237 -1.14789 0.175432 0.266889 0.430084 0.202569 0.75817 -0.32504 -0.0338611 0.465017 -0.472856 -0.198476 
0.338848 0.603726 0.63367 -0.649795 -0.787771 0.54107 -1.44353 -0.137301 -0.6455 0.266559 -0.527032 1.40966 -0.353846 -0.124593 1.57077 -0.845624 
-0.104652 -1.33121 0.383856 0.20625 0.511884 0.0321954 0.0974435 -0.0135553 -0.630644 -0.218163 -0.0692638 -0.542202 -0.746337 0.288607 0.508711 -0.494109 
0.358822 -0.301846 0.52505 -1.20728 -0.215058 -0.603266 -0.661614 0.788529 0.17706 0.222139 -0.584141 0.108125 -0.805238 0.145974 1.09182 -0.00209808 
-0.461498 0.631797 -0.420054 0.141948 -0.135881 1.14604 0.726878 0.268302 -0.337158 -0.271383 -0.0570468 0.452446 0.347199 0.539507 -0.639512 0.242853 
-0.578067 0.605282 1.55575 0.152087 -0.0747487 0.411865 -0.0229654 0.109114 0.256229 -0.05294 0.671121 -0.486072 0.139298 -0.381989 -0.30056 0.622297 
-0.471658 0.365043 -1.01854 -0.349619 0.89472 -0.728471 -0.361646 -0.212656 0.385792 -0.00893771 -0.174314 0.61541 -1.07813 1.20408 0.140412 0.332732 
0.53614 -0.764571 -0.568138 0.375695 -0.397583 0.535669 0.034134 -0.482221 -0.344787 -0.609024 0.362168 -0.27719 -0.560518 0.215271 0.236894 1.14787 
-0.0012115 0.324945 0.955339 0.382836 -0.02692 -0.358477 0.559368 0.445575 0.478431 0.210837 -0.944638 -0.894469 -0.913723 -0.333484 -0.41983 0.714351 
1.0069 0.110217 0.226002 1.01216 0.202668 -0.515996 -0.623235 -0.330282 0.475607 0.226277 -0.603905 0.280734 -0.129476 -0.250151 -0.115317 -0.650304 
-0.159202 -1.33789 0.865425 0.194777 0.206188 0.323651 -0.277315 -0.397089 -0.728219 -1.10684 0.16925 -0.0740924 -0.491917 -1.05421 0.29338 0.123385 
-0.302343 -0.683533 -0.678755 -0.701565 0.192191 0.354424 -0.797429 0.181925 0.209491 0.0878202 -0.381032 -0.416752 -0.124151 -0.813658 -0.571079 0.106847 
-0.0308467 -0.498201 0.000522744 0.216263 1.19771 -0.267746 0.336509 -0.192443 -0.0522716 0.174642 0.719385 -0.447946 -0.80196 0.69991 0.122329 0.643774 
-0.678256 0.695227 0.0947974 -0.0307999 -1.08823 0.566591 1.22171 -1.02618 -0.873806 0.0727968 0.294475 -1.19084 -0.164818 -0.372943 -0.446031 -0.335192 
0.20756 0.116427 -0.228134 0.273976 -1.44851 0.0995985 0.0773093 1.07859 0.739962 0.206461 0.539203 -0.530019 0.473665 0.754738 -0.435125 -0.213495 
0.315153 -0.501201 0.791237 0.126239 -0.72288 -0.519541 0.380722 -0.891129 0.19949 -0.231762 -0.489678 -0.154264 -0.233012 -0.669452 0.282581 0.433289 
0.591189 0.180834 0.579973 0.340623 0.764419 -0.257462 -0.227717 -0.356183 -0.239825 -0.159894 -0.0836058 -0.421552 -0.0103329 -0.313891 -0.826632 -0.135169 
0.206882 0.288477 -0.622493 -1.23074 0.171731 -0.295472 -0.857674 -0.515293 -0.550381 0.647952 -0.473037 0.824147 0.174801 0.510598 0.577512 -0.200784 
-0.687297 0.429276 0.55229 0.415883 -0.0527035 -0.451676 0.650224 0.236611 -0.0696703 -0.766872 0.473688 0.160085 0.159003 -0.0117916 -0.493251 -0.0120003 
-0.365938 -0.0662558 1.15761 -0.836405 0.777 0.543658 -1.18594 0.354342 -0.980205 0.00981916 -1.03373 -0.505382 -0.0969294 0.00971039 0.675724 0.577805 
0.961853 -0.36724 -0.973127 -0.305008 -0.442616 -1.0752 -0.449733 -0.200903 0.400341 -0.961504 -0.0756905 -0.696395 -0.811031 -0.0436794 -0.501576 0.40647 
-0.104355 -0.205813 0.992579 -0.0561145 -0.11476 0.246679 -0.851386 0.675261 -0.184378 0.0898246 -0.74812 0.565732 0.023182 0.0499918 -0.903925 -0.357061 
-0.95672 -1.50046 -0.0565035 -0.768918 -0.116713 -0.0234009 0.747695 1.21385 0.204879 0.0740044 -0.259517 0.335617 0.26315 1.03886 0.520063 0.689808 
-0.0725052 1.12707 -0.869046 -0.0867718 -1.17987 -1.86739 -0.516011 0.0503527 -0.659812 0.581913 0.757112 0.349544 -0.833919 -0.296703 -0.566058 -0.261546 
0.00367601 -0.478146 -0.707086 -1.32599 -0.101105 0.728805 -0.459078 1.04596 0.407544 0.000949716 -0.299515 -0.00276565 0.0266096 -0.366921 0.234932 0.163654 
0.256157 -1.24906 0.0640878 -0.329365 -0.575605 -0.694632 -0.4036 0.527235 0.744748 0.0036688 -0.85694 0.389442 -0.302436 -0.365192 -0.7892 0.944453 
0.487392 -0.685685 -0.299878 0.00079749 1.26595 -0.124331 0.37773 0.35354 -0.454785 -0.447267 -0.784557 0.213174 -0.896282 0.497399 -0.162326 -1.21622 
0.542001 1.25204 -0.0733909 -0.0731903 0.0868608 0.168978 0.720398 0.323235 -1.28146 -0.521595 -0.650069 -0.997444 0.00858922 -0.220641 -0.446203 1.12832 
0.561601 0.13596 -0.53671 -0.770513 0.680341 -0.728172 -0.352255 -0.482479 0.321392 -0.25009 0.112528 0.360816 -0.627459 -0.439795 0.104442 0.365612 
-0.460075 -0.290378 0.349421 -0.729684 -0.876516 -0.57837 -0.250436 0.53829 -0.941185 0.345267 0.455524 0.529899 0.760668 -0.423421 -0.065782 0.378455 
0.131467 0.335424 -0.163145 0.569049 -0.222643 0.689508 -0.278745 0.305427 -0.0136285 -0.319624 0.458452 0.0892678 0.602854 0.578276 -0.823739 -0.0850671 
-0.400979 -0.795422 -0.0773359 1.27454 -0.439416 1.1092 -0.150571 -0.0965471 0.444107 0.538943 -0.908807 0.15881 -0.828279 -0.438081 -0.489877 0.224789 
pop 3 layer 2
dims 4 32
-0.474826 0.115327 0.0993523 -0.437155 0.766405 0.45458 1.33617 -0.0778581 0.916712 -0.252498 -0.228564 0.942822 -1.2097 0.723998 1.077 0.487388 0.0833051 -0.309918 0.137334 -0.371282 -1.03523 -1.03111 0.212122 -0.870865 -0.0216117 0.698268 -0.175834 0.339908 0.341164 0.196249 0.2051 -0.074947 
0.154125 -0.336271 0.077572 0.415313 -0.0402727 0.119107 -0.171559 -0.003876 0.164045 0.127314 -0.0683831 0.873557 0.172391 -0.0777564 -0.128901 -0.22482 0.397155 -0.200111 -0.203404 0.263317 -0.615796 -0.360133 0.531266 -0.052862 0.27108 0.153935 0.46077 -0.134028 0.133766 0.42146 0.334149 0.0790839 
0.888007 -0.360011 -0.107504 -0.664336 -0.542825 -0.440557 -0.685594 -0.0115221 -0.355004 0.844495 -0.24586 -1.2052 0.286662 0.0520774 0.892166 -0.387532 0.421451 0.0142508 -0.484882 -0.869192 0.261182 0.205911 -0.18035 -0.107908 0.0834864 -0.108801 0.267189 -0.438912 0.0207139 0.488762 0.235836 0.132944 
0.104603 0.289874 -1.2348 -1.00036 0.428939 -0.367045 -0.154372 -0.106361 -0.034305 0.186793 -0.125028 0.515613 0.416555 -0.800312 -1.15424 -0.254491 0.288023 0.000282466 -0.461285 0.214637 0.0889396 -0.437278 -1.07329 -0.418578 -0.137185 -0.598558 0.0254182 -0.534781 0.690662 0.610633 -0.106235 -1.04694 
pop 4 layer 0
dims 16 5
-0.315622 -0.44931 -0.840546 0.434025 -0.257108 
0.160056 -0.225384 -0.0899355 -0.325426 0.0953944 
0.784071 0.117117 1.08297 -0.301804 -0.0931248 
0.500996 -0.0476159 0.298526 -0.0549693 -0.556384 
0.461165 -0.125061 0.473508 -0.118902 0.234511 
0.0143694 0.0487957 0.325356 0.235175 -0.888067 
-1.23898 -0.147224 0.0261953 -0.178899 -0.338083 
0.141751 0.835341 0.305871 -0.00681487 0.555277 
-0.32398 -0.0447169 -0.318965 -0.486419 -0.258676 
-0.190177 -0.225311 -0.885402 -0.178836 -0.19286 
0.835792 -0.32943 0.621476 -0.250265 -0.0103271 
-0.342798 -0.182674 -0.822429 0.346177 -0.691753 
-0.328184 -0.708878 0.0137039 0.562072 0.0940977 
0.638696 -0.148623 -0.596034 -0.169849 0.635161 
0.403257 0.0614943 0.163059 -0.295493 -0.186365 
0.0482523 0.99725 -0.752487 0.483009 0.0336064 
pop 4 layer 1
dims 32 16
0.0621317 0.450438 -0.729929 0.627858 -0.399728 -0.943059 0.18982 0.144675 0.606909 0.273932 0.983582 0.0834116 0.19408 0.232803 -0.567907 -0.13063 
-0.319082 0.392928 0.555995 0.047547 -0.697402 0.025825 -1.06688 -0.411125 -0.559442 0.0644815 -0.671073 1.22772 -0.714388 0.119423 1.23166 -0.920809 
-0.197848 -0.931669 0.397522 0.0695301 0.20968 -0.148865 0.17385 0.179294 -0.430947 -0.0842262 -0.172324 -0.633716 -0.700358 0.375813 0.170891 -0.430269 
0.323339 -0.0294282 0.30496 -1.0186 -0.33021 -0.339354 -1.19554 0.783573 -0.139854 0.208238 0.0273439 0.493139 -0.759647 0.0377808 0.837419 0.182031 
-0.355416 0.186236 -1.04692 -0.521529 -0.200251 0.633397 0.573429 0.377544 -0.343652 -0.215348 -0.189579 0.135027 0.216073 0.64483 -0.238399 0.0707886 
-0.780167 0.195892 1.12541 0.0862527 -0.224251 0.502442 -0.0740822 0.310207 0.29086 -0.302879 0.653677 -0.635139 0.289625 -0.131068 -0.0488062 0.553949 
-0.442513 0.0761475 -1.38518 -0.554472 0.816911 -0.672116 -0.508814 -0.404194 0.765752 -0.0750092 -0.0880747 0.544853 -0.839649 0.919395 0.294766 0.305577 
0.369632 -0.74775 -0.315251 0.405811 -0.224498 -0.0857321 0.0477981 -0.725051 -0.0699831 -0.484143 0.147071 -0.602614 -0.55814 0.238276 0.181847 0.936879 
-0.287417 0.451341 0.799983 0.279868 -0.177651 -0.51981 0.301591 0.742121 0.290261 0.619382 -0.650045 -0.497662 -0.924994 -0.195031 -0.329791 0.846854 
0.809827 0.26243 0.00445257 0.826993 0.143013 -0.704388 -0.823221 -0.156445 0.438997 -0.00656196 -0.207596 0.117004 -0.340917 -0.595051 0.234714 -0.859223 
-0.101825 -1.6034 0.9442 -0.0252471 0.107096 0.509208 0.108132 -0.218353 0.126916 -0.94593 -0.0630366 -0.218402 -0.297525 -0.67456 0.206335 0.386996 
-0.142804 -1.09037 -0.471306 -0.487003 0.12499 0.665794 -0.845181 0.288289 0.222318 0.133516 -0.519133 -0.405909 -0.227713 -0.549195 -0.743383 0.189408 
-0.0579603 -0.382949 0.238956 -0.267859 0.960265 -0.151531 0.330525 -0.240794 -0.0461682 -0.0943155 0.419004 -0.46204 -0.601134 0.643512 -0.0822475 0.571137 
-0.413689 0.508628 -0.0548838 -0.270203 -1.12833 0.414004 1.01686 -0.948082 -0.692327 0.104771 0.176653 -1.12287 -0.523344 -0.3636 -0.264373 -0.132029 
0.388482 0.100456 -0.593797 0.418059 -0.917862 0.302521 0.179635 1.08335 0.53476 0.403497 0.665973 -0.184681 0.544924 0.782891 -0.414698 -0.163515 
0.234338 -0.735887 0.347851 -0.0160085 -0.576559 -0.128051 0.481278 -1.193 0.0861646 -0.258415 -0.175341 -0.285032 -0.138558 -0.669324 -0.0130908 0.226864 
0.375168 0.155086 0.151582 0.452559 0.783343 -0.142463 -0.187921 -0.117613 -0.264179 0.0665596 -0.240907 -0.487541 -0.313131 0.00414839 -0.429925 -0.0837727 
0.0309846 0.126889 -0.674332 -1.24449 -0.233458 -0.0210089 -0.813096 -0.128499 -0.377238 0.141122 -0.302514 0.842118 0.151925 0.195642 0.74613 0.065418 
-1.01634 0.170415 0.675692 0.357242 -0.114474 -0.172852 0.204326 -0.130564 -0.251602 -0.454331 0.777659 0.201478 0.425806 0.268622 -0.545976 -0.133548 
-0.787453 -0.186355 1.03025 -0.667702 0.828527 0.402672 -1.11927 0.0956689 -0.370251 0.534505 -1.15596 -0.314286 0.1442 0.177319 0.711917 0.646543 
0.736102 -0.306426 -0.680608 0.224303 -0.033055 -0.631746 -0.724956 0.373299 0.528429 -0.40518 -0.213514 -0.820537 -0.610107 0.167384 -0.114082 0.202654 
0.33274 -0.0463809 1.11115 0.311367 -0.37364 -0.0273143 -0.696314 0.826589 0.165048 0.297634 -0.671475 0.492843 0.0304638 0.296216 -0.805181 -0.64268 
-1.20528 -1.14596 -0.0648324 -0.374758 0.205377 -0.229423 0.884867 1.08305 -0.110083 -0.142245 -0.0627473 0.0451412 0.00536184 0.801374 0.315492 0.583917 
-0.323542 0.985757 -0.856276 0.0455164 -0.832353 -1.65871 -0.155505 0.264993 -0.166347 0.51622 0.77955 0.627932 -0.421482 -0.245882 -0.361317 0.165042 
0.23589 -0.459099 -0.546155 -1.03085 0.268395 1.02561 -0.62007 0.746871 0.0684872 0.0145643 0.146359 -0.282716 0.0419893 -0.230273 0.30286 0.434069 
0.227928 -0.974745 0.103764 -0.623349 -0.682224 -0.393525 -0.0722464 0.572055 0.619091 0.218304 -0.725273 0.285991 -0.0055101 -0.564814 -0.530947 0.819279 
0.751539 -0.520931 0.104199 0.335956 1.26264 -0.175205 0.301829 0.312228 -0.0823638 -0.203413 -0.634508 -0.042069 -0.894489 0.0847362 0.0472315 -1.00536 
0.323136 1.16372 -0.129627 -0.275465 0.155565 0.322389 0.793605 0.00947767 -0.9364 -0.590725 -0.590187 -1.63815 0.00413292 -0.263826 -0.239611 0.839414 
0.410466 -0.117118 -0.59016 -0.585709 0.406119 -0.412359 -0.258038 -0.423582 0.191553 -0.450016 -0.114983 0.60189 -0.780157 -0.141675 0.230879 0.31467 
-0.628277 -0.161611 0.649145 -0.69071 -0.765008 -0.662975 -0.105086 0.519359 -0.737105 0.507931 0.507474 0.534562 0.875779 -0.297938 -0.295547 0.399247 
-0.216173 -0.00374126 -0.0936094 0.408655 -0.505914 0.525205 -0.351143 0.402902 0.0594988 -0.345639 0.342284 -0.364685 0.441349 0.38491 -1.12922 -0.125334 
-0.607133 -0.705204 0.333256 1.09177 -0.402994 1.0989 -0.301268 -0.0245796 0.388856 0.472485 -0.966388 -0.18071 -0.735557 -0.486277 -0.748904 -0.0972609 
pop 4 layer 2
dims 4 32
-0.285639 0.165118 0.0231607 -0.49275 0.486008 -0.17296 1.05078 -0.134809 0.633104 -0.161756 -0.226894 0.696438 -1.19773 0.597482 0.614783 0.579606 0.258157 -0.231302 0.0150312 -0.383108 -1.15802 -1.15663 0.235254 -0.659714 -0.0518921 0.663152 -0.382333 0.707191 0.177347 0.574331 0.183581 -0.096846 
-0.0283567 -0.39935 0.170525 0.176264 0.0265533 -0.0349079 -0.0355667 -0.0326711 0.266553 0.397066 -0.28164 0.706309 0.267702 -0.181477 -0.182617 0.0733082 0.32742 -0.157627 -0.143628 0.109246 -0.342312 -0.222973 0.415519 0.0378692 0.533669 0.167067 0.536582 -0.376454 0.218872 0.397809 0.463406 -0.114562 
0.713533 -0.616637 -0.00377032 -0.536479 -0.646801 -0.527845 -0.649911 0.20472 -0.205263 1.00433 -0.267421 -1.17617 0.0774851 -0.0852667 0.897349 -0.23436 0.343817 -0.0222688 -0.444773 -0.844204 0.207049 0.0219009 -0.285158 -0.0950603 0.0966957 0.192803 0.206049 -0.325986 -0.063371 -0.0085091 0.126371 0.391399 
0.185 0.244768 -1.05891 -0.756007 0.326764 -0.275512 -0.462719 -0.0376446 0.0832042 0.136426 -0.246754 0.742193 0.151393 -0.954329 -0.843139 -0.256671 0.362635 0.126268 -0.44312 0.468081 0.0998435 -0.234152 -0.952865 -0.274102 -0.148052 -0.629317 0.0498404 -0.591398 0.593158 0.567248 -0.320129 -0.633285 
pop 5 layer 0
dims 16 5
-0.19626 -0.616252 -1.07146 0.536428 -0.327434 
0.0696097 -0.326218 -0.124018 0.0154084 0.0365548 
0.623441 0.251912 1.19394 -0.299634 -0.398302 
0.201556 0.166329 0.640837 -0.319228 -0.752228 
0.519557 -0.251989 0.537011 0.071739 0.343258 
0.057533 -0.162309 0.529317 0.28163 -0.79306 
-1.38786 -0.536391 0.101848 -0.0585577 -0.333846 
0.0495269 0.739974 0.381193 -0.224269 0.660302 
-0.271379 0.315368 -0.434074 -0.386844 -0.141633 
-0.0983254 -0.268282 -0.860132 -0.201057 -0.306004 
0.947022 -0.404406 0.838372 -0.250378 0.11526 
-0.206814 -0.0999659 -0.899466 0.182066 -0.875728 
-0.395305 -0.877041 0.0888177 0.702655 0.0500984 
0.381201 0.151925 -0.6526 0.0562205 0.725554 
0.410774 -0.113912 0.166691 -0.249696 -0.211476 
0.169524 0.926062 -0.598776 0.560778 0.31195 
pop 5 layer 1
dims 32 16
0.187833 0.21557 -0.855243 0.495388 -0.493157 -1.29224 0.0368763 0.0926519 0.683325 0.243514 1.09917 -0.168492 0.0905449 0.397591 -0.765435 -0.114125 
-0.109816 0.532797 0.586746 -0.0775617 -0.826322 0.0725816 -0.998963 -0.246964 -0.518808 0.368202 -0.778222 1.42627 -0.663144 0.0140763 1.15542 -0.898476 
-0.453635 -1.13971 0.350696 -0.205335 0.140792 -0.186687 0.155262 0.213635 -0.396606 -0.0977608 0.00337252 -0.53765 -0.724653 0.216784 0.354979 -0.393459 
0.227623 -0.00462176 0.536243 -1.17887 -0.309523 -0.408591 -0.763115 0.634906 0.0675832 0.366839 0.0642482 0.287502 -0.912666 -0.0564072 0.9297 -0.176941 
-0.334927 0.347588 -0.906093 -0.254173 0.11146 0.867757 0.525034 0.193076 -0.182418 -0.33015 -0.518509 0.321312 0.209503 0.585716 -0.570622 -0.156643 
-0.504184 0.36437 1.42265 0.299092 -0.234749 0.500599 -0.225254 0.191534 0.21758 -0.179004 0.659936 -0.463147 0.367652 -0.212794 0.059994 0.79679 
-0.451346 0.127557 -1.43195 -0.266921 0.776742 -0.72432 -0.484326 -0.462677 0.954487 -0.152923 -0.261856 0.714729 -1.2 1.11429 0.193132 0.19977 
0.489589 -0.839039 -0.162461 0.280709 -0.376144 -0.0980027 0.203014 -0.634314 -0.389589 -0.223812 0.411302 -0.442901 -0.287219 0.285564 0.139331 1.30523 
-0.0432361 0.289833 0.6134 0.452493 -0.00366098 -0.67004 0.183698 0.922061 0.257166 0.334598 -0.925045 -0.592643 -1.05876 -0.370067 -0.601371 0.748207 
0.985241 0.410125 0.217964 0.902281 0.266314 -0.535293 -0.73606 -0.1314 0.640742 -0.0438712 -0.34098 0.251035 -0.29947 -0.30548 0.342032 -0.741147 
-0.104336 -1.85219 0.957867 -0.143139 0.0356771 0.37316 -0.160466 -0.462337 -0.370578 -0.868152 -0.0673196 -0.28382 -0.373086 -0.824286 0.266783 0.475755 
-0.0623033 -0.9826 -0.549668 -0.393216 0.149111 0.685615 -1.11494 0.255659 0.128967 0.151821 -0.55242 -0.476346 -0.28645 -0.371666 -0.710028 0.299217 
-0.143766 -0.585785 0.0602653 -0.170859 1.01297 -0.288389 0.648463 -0.5259 -0.0101061 0.107252 0.533116 -0.45497 -0.547492 0.513521 0.0291383 0.477648 
-0.460048 0.644101 0.167403 0.0209673 -1.16286 0.408683 1.39914 -1.24165 -0.727235 0.275556 0.108042 -1.16225 -0.709796 -0.317327 -0.292558 0.0616108 
0.431496 0.140564 -0.287417 0.457544 -1.01083 0.292473 0.282818 0.926608 0.427434 0.263267 0.512874 -0.17148 0.764921 1.13138 -0.512169 -0.24308 
0.0427594 -0.801184 0.669151 -0.138746 -1.01964 -0.180237 0.582465 -1.23527 0.231983 -0.178825 -0.452056 -0.101254 -0.199971 -0.689773 0.108459 0.114221 
0.302894 0.401034 0.00139546 0.344954 0.5189 0.0191315 -0.0753029 -0.196001 -0.127093 0.0406464 -0.3004 -0.371426 -0.29505 -0.110214 -0.5463 -0.169325 
-0.0722132 0.389975 -0.726784 -1.45508 -0.174385 -0.343029 -1.0492 -0.336458 -0.326735 0.429687 -0.479122 0.808045 0.162421 0.450112 0.741998 0.361947 
-0.634232 0.339483 0.672116 0.0607909 -0.148571 -0.481418 0.470463 -0.172785 -0.014392 -0.493463 0.41509 0.275368 0.359335 0.219125 -0.38525 0.0271834 
-0.61528 -0.226313 0.884002 -0.781687 1.09029 0.0613312 -1.00195 0.292485 -0.325787 0.350796 -1.00591 -0.469943 0.314648 -0.0437876 0.710268 0.312453 
0.925712 -0.518729 -0.819461 0.064063 -0.0836896 -0.644296 -0.697674 0.0724043 0.763239 -0.587493 -0.304176 -1.10337 -0.449555 0.210272 -0.50094 0.101675 
0.398614 -0.246806 1.24486 0.12924 -0.231816 0.178772 -0.950187 0.72802 0.0136525 0.146469 -0.933851 0.885583 0.0936908 0.361691 -0.842924 -0.556355 
-1.06358 -1.47798 -0.141471 -0.594227 0.135459 -0.169731 0.652831 1.18516 -0.0422726 -0.0501068 0.0156665 0.106369 0.318833 0.693662 0.390797 0.66339 
-0.232839 1.04351 -0.926771 0.206292 -0.889078 -1.74984 -0.3139 0.180291 -0.0175008 0.698276 0.771658 0.624705 -0.595177 -0.285762 -0.418675 0.0282523 
0.349308 -0.460438 -0.51764 -1.03475 0.469456 0.929469 -0.773351 1.12765 -0.141725 0.169818 -0.323995 -0.156622 0.105943 -0.262264 0.583795 0.299778 
0.232157 -0.8008 0.0625708 -0.409226 -0.564059 -0.726723 -0.0419525 0.512063 0.799716 0.502787 -0.689185 0.718255 -0.16798 -0.565596 -0.739547 0.963456 
0.805439 -0.641734 0.187017 0.15226 1.3004 -0.24741 0.320589 0.650642 -0.265694 -0.201537 -0.90463 0.310952 -1.02562 -0.00344025 0.267988 -1.25696 
0.25737 1.24326 0.00403128 -0.371687 0.343327 0.453753 0.768265 0.0923253 -1.15044 -0.576707 -0.572587 -1.82374 0.087397 -0.124302 -0.193538 0.844754 
0.599271 -0.332798 -0.518044 -0.568802 0.648833 -0.504716 -0.537593 -0.593994 0.235507 -0.264985 0.0839989 0.839835 -0.594049 -0.438971 0.438226 0.194141 
-0.389033 0.021603 0.509519 -0.817631 -0.833847 -0.451307 -0.225372 0.576817 -0.780678 0.600028 0.399721 0.578566 0.690105 -0.635994 -0.129499 0.37052 
0.0407646 -0.0904574 -0.31216 0.393053 -0.635572 0.533686 -0.430611 0.585992 0.209593 -0.223011 0.641863 -0.273419 0.550202 0.41606 -1.05736 -0.127823 
-0.729242 -0.885583 0.220244 0.989291 -0.442284 1.08699 -0.54659 -0.0935054 0.251135 0.837732 -0.718547 0.0913022 -0.803693 -0.588966 -0.76257 -0.00344208 
pop 5 layer 2
dims 4 32
-0.255678 -0.184897 -0.126956 -0.410503 0.380032 0.0560367 0.996547 -0.264386 0.62737 -0.418121 -0.155044 0.803879 -0.799051 0.434502 0.759685 0.29477 0.0800183 -0.462838 0.385429 -0.248768 -0.594325 -1.04076 0.0871936 -0.693786 0.170826 0.683141 -0.0432298 0.32887 0.0675251 0.484235 0.282767 0.163642 
0.182669 -0.173924 0.0755697 0.0737605 -0.00281982 0.422832 -0.0122304 -0.242645 0.357611 0.0388218 -0.227429 0.806539 0.143246 -0.0499285 -0.344051 0.0347178 0.266984 -0.0267145 -0.0116223 0.396086 -0.575852 -0.293658 0.486551 -0.111661 0.282029 0.213152 0.462907 0.0605265 0.0520198 0.466179 0.402068 -0.150486 
0.511611 -0.255164 -0.0232227 -0.403645 -0.52344 -0.377509 -0.509676 -0.0288184 -0.269023 0.929104 -0.087161 -0.932478 0.130888 -0.0686136 0.852834 -0.0141941 0.405754 -0.0709648 -0.480118 -0.96896 0.0136051 -0.25647 0.183213 -0.278736 -0.171871 -0.197608 0.103867 -0.204276 -0.085006 0.52179 0.0822736 0.200252 
-0.198935 -0.00492134 -1.03361 -0.639355 0.503121 -0.250116 -0.461198 -0.312069 -0.00725288 0.283312 -0.0998137 0.705824 0.272329 -0.620374 -0.684219 -0.0661532 0.182568 -0.00830557 -0.5218 0.457969 0.112408 -0.206529 -1.16522 -0.184947 -0.0351873 -0.416859 0.000700676 -0.378559 0.697653 0.174569 -0.152625 -0.517156 
pop 6 layer 0
dims 16 5
-0.0945074 -0.672073 -0.665976 0.576809 -0.415351 
0.00656175 -0.276721 0.0945675 -0.219623 0.169396 
0.419608 0.261329 1.03276 -0.0639825 -0.273473 
0.440447 0.201342 0.370169 -0.419245 -0.496466 
0.307564 -0.0420294 0.369344 0.0372088 0.361258 
0.101377 0.0453384 0.24677 0.522575 -0.369136 
-1.35225 -0.577361 0.264525 -0.147472 -0.213606 
0.103288 0.8153 0.446689 -0.350804 0.792876 
-0.307076 0.551104 -0.286098 -0.410963 -0.143772 
-0.0562272 -0.293785 -0.908603 -0.121539 -0.186765 
0.723142 -0.267859 0.609041 -0.0567151 0.41284 
-0.395201 -0.0877665 -0.814354 0.468979 -0.746472 
-0.311462 -0.636615 -0.107498 0.685186 0.245723 
0.434606 0.318019 -0.610645 0.0414132 0.285072 
0.321299 -0.127976 0.070291 -0.380645 -0.306214 
0.296701 0.614472 -0.593806 0.523578 -0.0447584 
pop 6 layer 1
dims 32 16
0.123892 0.465155 -0.941954 0.538914 -0.349926 -1.33709 0.0518507 0.104948 0.57003 0.195384 1.16586 -0.117786 -0.0327218 0.226576 -0.738563 -0.0356377 
-0.0483368 0.490723 0.543965 -0.294582 -0.777509 0.068219 -0.993569 -0.286696 -0.659928 0.158424 -0.732679 1.39367 -0.588479 -0.200035 1.12242 -1.03023 
-0.374336 -1.33585 0.252683 -0.177182 0.263206 -0.229755 0.250959 0.295712 -0.478585 -0.0125546 0.309317 -0.484143 -1.06246 0.400999 0.522751 -0.556578 
0.159137 -0.0764168 0.396991 -1.09385 -0.277775 -0.224688 -1.01239 0.813635 -0.0124594 0.148984 -0.0380687 0.39739 -0.895348 0.13397 1.07729 -0.188054 
-0.526924 0.574249 -0.824739 -0.401872 0.0933102 0.783242 0.511825 0.29226 -0.087982 -0.0365632 -0.429323 0.234196 0.290747 0.495718 -0.702678 0.0821421 
-0.595314 0.23026 1.43763 0.18114 -0.149196 0.655498 -0.100834 0.00400894 0.361235 -0.398488 0.63814 -0.413417 0.332754 -0.392048 0.0244575 0.663314 
-0.395894 0.350835 -1.11754 -0.385444 0.820076 -0.479932 -0.666052 -0.490448 1.04961 -0.245673 -0.24696 0.8174 -1.14243 1.31452 0.152896 0.15678 
0.518761 -0.777733 -0.0946517 0.369393 -0.16086 0.111196 0.0418358 -0.576675 -0.341832 -0.243187 0.205984 -0.353369 -0.410257 0.190642 0.366566 1.21232 
-0.0772019 0.326932 0.784695 0.462654 0.04101 -0.342227 0.192439 0.849871 0.189969 0.330262 -0.934948 -0.614631 -1.05679 -0.194853 -0.549678 0.838699 
0.849485 0.153372 0.224742 1.00973 0.216144 -0.585133 -0.747694 -0.161931 0.644618 0.193278 -0.273157 0.224145 -0.0665627 -0.39969 0.173017 -0.782824 
0.0426487 -1.50366 1.23265 -0.148543 -0.15716 0.638127 -0.0545267 -0.140647 -0.324623 -0.849272 0.0874543 -0.236073 -0.167602 -0.811878 0.185664 0.497433 
-0.1171 -1.07577 -0.557834 -0.531093 0.028534 0.699519 -0.889681 0.445266 0.224753 0.0341476 -0.873878 -0.357465 -0.402298 -0.704226 -0.732917 0.456234 
-0.0745128 -0.405795 -0.00567331 -0.141161 1.19745 0.0653638 0.72228 -0.349585 0.0262657 0.157406 0.603253 -0.240225 -0.456305 0.615265 0.193807 0.332291 
-0.634456 0.561531 0.111009 0.0587199 -1.18814 0.576206 1.36534 -1.05792 -0.755022 0.111793 0.0566543 -1.07834 -0.630213 -0.400305 -0.227769 0.0075398 
0.270633 0.435677 -0.248838 0.486842 -1.0127 0.0808257 0.38054 0.925216 0.498763 0.556214 0.608327 -0.283178 0.571352 1.07977 -0.358498 -0.196673 
0.205739 -0.663416 0.668676 -0.205589 -0.718942 -0.20627 0.56853 -1.19653 0.213091 -0.3153 -0.577599 -0.190389 -0.179041 -0.537261 0.197775 0.266651 
0.514604 0.579106 0.273454 0.33765 0.715104 -0.0193145 -0.27655 0.082554 -0.278285 -0.090767 -0.128758 -0.371517 -0.304476 0.0442853 -0.41444 -0.326895 
0.0313223 0.373779 -0.747227 -1.4297 -0.0647398 -0.309123 -0.959298 -0.365143 -0.223643 0.416451 -0.563622 0.790008 0.0738219 0.64238 0.689796 0.112995 
-0.594004 0.265776 0.567251 0.311409 0.0331288 -0.466972 0.461527 -0.171328 -0.0896912 -0.524566 0.637046 0.0727469 0.358978 0.155246 -0.50579 0.148878 
-0.765212 -0.250448 0.891737 -1.01799 1.09151 0.293707 -1.02525 0.235668 -0.460773 0.334571 -1.04455 -0.581002 0.37949 0.274078 0.889418 0.480411 
0.918479 -0.68335 -0.587405 -0.177409 -0.160134 -0.731027 -0.566246 0.0809817 0.6692 -0.762774 -0.507767 -1.04748 -0.646786 0.136024 -0.390761 0.195914 
0.218479 -0.154748 1.20029 0.0763454 -0.290549 0.278197 -0.927477 0.889746 0.0869217 0.237623 -0.589638 0.853458 -0.22564 0.584841 -0.939899 -0.493991 
-1.00646 -1.24384 -0.0396385 -0.53814 0.0367124 -0.202202 0.541033 1.11906 -0.273765 -0.143073 -0.281303 0.103767 0.410813 0.783606 0.459865 0.56517 
-0.415113 0.770704 -1.02361 0.142393 -0.903462 -1.91234 0.0364366 -0.00282269 -0.129255 0.526214 0.896007 0.620147 -0.814162 -0.338459 -0.203071 0.174716 
0.350934 -0.4597 -0.541942 -1.32666 0.104479 0.819086 -0.798137 0.99603 -0.161795 0.0677977 -0.201133 -0.118395 0.189012 -0.340562 0.189347 0.132483 
0.0738823 -0.753104 0.209665 -0.71067 -0.375096 -0.549583 -0.190475 0.791767 0.887903 0.505646 -0.782931 0.541651 -0.235124 -0.392314 -0.72088 0.963484 
0.794809 -0.615996 0.26239 0.0052794 1.12652 -0.0946781 0.36233 0.582264 -0.428514 -0.0658581 -0.5983 0.143723 -0.918543 -0.0846368 0.157667 -1.46424 
0.388026 1.24085 -0.234429 -0.181278 0.218348 0.355356 0.938683 -0.069495 -1.2709 -0.473348 -0.593092 -1.65237 0.0682209 -0.18572 -0.37948 0.8967 
0.46913 -0.362135 -0.584329 -0.526812 0.561641 -0.598943 -0.323157 -0.535049 0.391481 -0.294655 -0.0492579 0.983689 -0.63851 -0.252586 0.414892 0.447189 
-0.669962 0.0231305 0.414384 -0.87234 -0.699649 -0.45971 -0.0276036 0.581799 -0.9574 0.466764 0.389002 0.674249 0.648813 -0.469349 -0.0986654 0.481981 
-0.240199 0.145634 -0.0901482 0.493659 -0.630431 0.674381 -0.462706 0.370577 0.173738 -0.275107 0.649722 -0.287794 0.354149 0.604289 -1.08092 -0.0605762 
-0.678047 -0.65658 0.111183 0.933782 -0.528287 0.949945 -0.292473 -0.269558 0.28169 0.683023 -0.932995 0.059042 -1.0533 -0.618007 -0.701578 -0.166049 
pop 6 layer 2
dims 4 32
-0.356632 0.226132 0.112414 -0.445859 0.542166 0.409624 1.52264 0.143418 0.794053 -0.344437 -0.106771 1.07607 -1.11191 0.878704 0.87072 0.55342 0.182458 -0.377005 0.265191 -0.408212 -0.873678 -1.02885 0.0454108 -0.753242 -0.00793187 0.547372 -0.137241 0.584059 -0.0259121 0.189195 0.250092 -0.121376 
0.122519 -0.278795 0.0491729 0.251528 0.0677798 -0.00587084 -0.121331 -0.197576 0.618536 0.233128 -0.0137471 1.0212 0.359228 -0.058996 -0.254361 -0.334264 0.397675 -0.207405 -0.288444 0.450353 -0.389736 -0.303507 0.440715 0.275695 0.225674 0.281741 0.72586 -0.124718 0.126458 0.336497 0.297055 0.0717043 
0.952249 -0.593387 -0.259348 -0.631815 -0.445901 -0.328796 -0.686669 0.0791707 -0.276396 0.799857 -0.351891 -1.13098 0.491898 -0.233317 1.02492 -0.468525 0.627184 -0.0136332 -0.565786 -0.898513 0.211679 -0.240878 -0.286663 -0.151376 -0.0580374 -0.0549322 0.501541 -0.46724 0.179219 0.56399 0.28363 0.246669 
0.0867945 0.108478 -1.10555 -0.916931 0.371011 -0.267653 -0.217905 -0.29071 -0.110291 0.187845 -0.110028 0.447185 0.182319 -0.96959 -1.10322 -0.296092 0.449474 0.161586 -0.28141 0.383877 0.0504846 -0.436373 -1.19776 -0.439623 -0.130624 -0.590646 0.114106 -0.51806 0.550376 0.543461 -0.0690316 -0.95309 
pop 7 layer 0
dims 16 5
-0.114154 -0.574137 -0.926367 0.543645 -0.326255 
0.230895 -0.271007 -0.147443 -0.280002 0.189568 
0.61832 0.232735 1.17751 -0.306262 -0.265257 
0.457048 -0.129639 0.362499 -0.204322 -0.576406 
0.633236 -0.279238 0.651173 -0.0806538 0.382358 
0.0329935 0.075386 0.484049 0.367524 -0.995206 
-1.55814 -0.321834 0.192174 -0.0148712 -0.306829 
0.229899 0.819277 0.299467 -0.00198761 0.649094 
-0.289514 0.156209 -0.368254 -0.469199 -0.412197 
-0.190637 -0.235517 -0.79629 -0.274026 -0.36862 
0.982991 -0.319266 0.688632 -0.223416 0.0178067 
-0.269832 -0.20375 -0.853931 0.260656 -0.794749 
-0.454879 -0.756016 0.159627 0.732873 -0.0818516 
0.537129 0.0203565 -0.566714 0.0917185 0.732698 
0.548697 -0.0599951 0.174909 -0.318824 -0.16074 
0.0872574 0.731429 -0.877718 0.588428 0.166278 
pop 7 layer 1
dims 32 16
0.277493 0.383372 -1.01806 0.480846 -0.383712 -1.22095 0.106824 0.298306 0.635533 0.15987 1.07516 0.155924 0.0848187 0.2034 -0.831608 -0.100621 
0.0162969 0.459763 0.735482 -0.0113164 -0.887226 -0.0532318 -0.813464 -0.306327 -0.456421 0.256521 -0.787583 1.36423 -0.936342 0.0918588 0.925439 -0.910532 
-0.193782 -1.11509 0.316474 -0.235427 0.0233143 -0.0842739 -0.0630333 0.132791 -0.575257 -0.17691 0.242666 -0.636672 -0.851451 0.252102 0.408202 -0.555856 
0.184862 -0.341164 0.360018 -1.00105 -0.422048 -0.408312 -0.853754 0.659042 0.144948 0.215691 -0.0973466 0.277177 -0.828123 0.175011 0.910789 -0.101258 
-0.262473 0.424653 -0.976139 -0.493446 -0.0189131 0.920375 0.664481 0.16367 -0.169825 -0.251956 -0.532655 0.375954 0.22645 0.651746 -0.369898 0.115461 
-0.611857 0.07629 1.37917 0.31213 -0.206993 0.40525 -0.0504756 0.0523286 0.293917 -0.105996 0.747701 -0.618329 0.278224 -0.4715 -0.165518 0.836492 
-0.328904 0.320937 -1.2455 -0.473406 0.897682 -0.372419 -0.502852 -0.277927 0.720702 -0.188356 -0.0162637 0.849136 -1.10056 1.03999 0.222678 0.207487 
0.734072 -0.848789 -0.128816 0.427004 -0.121483 -0.123721 0.111439 -0.630293 -0.375234 -0.429945 0.265892 -0.30842 -0.772991 0.405039 0.242711 0.922254 
-0.0519615 0.320946 0.698131 0.441676 0.106506 -0.383688 0.205503 0.852006 0.351314 0.293352 -0.912963 -0.588874 -1.0089 -0.245644 -0.540057 0.898987 
1.14627 0.283756 0.22593 0.924163 0.136731 -0.396473 -0.659812 -0.18147 0.572068 0.0890295 -0.495199 0.196494 -0.382624 -0.60259 0.446586 -0.859418 
0.139981 -1.66762 1.2705 -0.136834 -0.07864 0.29338 -0.278132 -0.267597 -0.333722 -0.782413 -0.0359704 -0.219035 -0.207613 -0.899777 0.269657 0.326213 
-0.261032 -1.04086 -0.419195 -0.337414 0.125825 0.605359 -0.816914 0.440896 0.198182 0.185091 -0.682679 -0.199895 -0.238636 -0.393637 -0.968833 0.36024 
-0.125211 -0.630576 0.246736 -0.239224 1.09219 -0.140547 0.457083 -0.262366 -0.150683 0.22117 0.536013 -0.26347 -0.452093 0.531977 0.0479915 0.396998 
-0.453952 0.347278 0.0238378 0.0360256 -1.10791 0.526877 1.18384 -0.927278 -0.813468 -0.00349026 0.255446 -1.11721 -0.693442 -0.445738 -0.361979 -0.124633 
0.382269 -0.032852 -0.364408 0.56554 -0.833731 0.327246 0.413386 1.21338 0.590428 0.44258 0.571686 -0.326328 0.836978 0.907851 -0.452162 -0.212103 
0.270781 -0.62092 0.521412 -0.0771225 -0.743789 -0.144516 0.613445 -1.15971 0.03702 -0.327883 -0.509178 -0.0778021 0.00754932 -0.689874 0.12543 0.308598 
0.311267 0.166999 0.0988827 0.235449 0.660993 -0.0586536 -0.387315 -0.190952 -0.279336 0.0738147 -0.208339 -0.582662 -0.206037 -0.109139 -0.785567 -0.245152 
-0.0560569 0.135177 -0.715535 -1.53097 0.0141984 -0.360041 -0.914167 -0.268849 -0.320653 0.618978 -0.469233 0.830053 0.16654 0.689449 0.622962 0.0791486 
-0.675421 0.387652 0.675537 0.3261 0.0135442 -0.405199 0.426778 -0.106512 -0.0477741 -0.458479 0.554459 0.288825 0.379687 0.207938 -0.423919 0.0471332 
-0.659052 -0.373233 1.02066 -0.870172 0.871272 0.307183 -1.29949 0.157442 -0.521031 0.232784 -1.14391 -0.303907 0.258048 0.110785 0.701384 0.497622 
0.860547 -0.422633 -0.67401 -0.1896 -0.121497 -0.68882 -0.673876 0.0186888 0.679606 -0.484501 -0.364868 -0.794613 -0.413222 0.143931 -0.413659 0.111282 
0.115747 -0.215386 1.38781 -0.00230201 -0.274477 0.248276 -1.17725 1.04561 -0.15832 0.151948 -0.918312 0.662326 0.0110042 0.367406 -1.05562 -0.491555 
-1.13511 -1.27218 -0.0683474 -0.533934 0.0387768 -0.0484373 0.812706 1.37114 -0.209178 -0.125629 -0.109525 0.051378 0.188934 0.932986 0.275189 0.575601 
-0.158093 1.15429 -1.0548 -0.17496 -0.997842 -1.81224 -0.0979613 0.0255781 -0.333893 0.86714 0.675759 0.746527 -0.624752 -0.218095 -0.25361 -0.0390016 
0.395927 -0.512449 -0.431078 -1.03862 0.285928 1.08419 -0.930059 0.978816 -0.0463424 0.075295 -0.41452 -0.148347 0.0198271 -0.480211 0.41542 -0.0558763 
0.315921 -0.856359 0.316161 -0.654076 -0.567798 -0.418591 -0.0814625 0.654538 0.81528 0.303192 -0.739575 0.393147 -0.359284 -0.417883 -0.674251 0.913412 
0.916051 -0.691962 0.217487 0.225325 1.1967 0.00825132 0.237988 0.481043 -0.242731 -0.128371 -0.755594 0.155908 -0.681055 -0.280869 0.294065 -1.30953 
0.313749 1.24766 -0.135057 -0.0893822 0.269158 0.416021 0.934543 0.112401 -1.20547 -0.400694 -0.521497 -1.69898 0.258953 -0.37882 -0.227856 0.986128 
0.590321 -0.421051 -0.691918 -0.528409 0.308517 -0.605464 -0.476496 -0.629861 0.147574 -0.33267 0.188985 0.736532 -0.600382 -0.25057 0.260121 0.227069 
-0.628932 -0.0453704 0.490284 -0.947466 -0.730791 -0.647178 -0.245856 0.614213 -0.727345 0.378675 0.419729 0.429958 0.698268 -0.602094 -0.203807 0.488763 
-0.201803 0.177207 -0.0585083 0.454887 -0.597406 0.717272 -0.447318 0.395486 0.206477 -0.336359 0.697521 -0.0833085 0.405225 0.666029 -1.16517 -0.233086 
-0.664453 -0.415264 -0.0569985 1.16903 -0.333177 1.09866 -0.524248 -0.193743 0.369817 0.610212 -0.774305 0.03796 -1.0935 -0.57654 -0.917243 -0.12755 
pop 7 layer 2
dims 4 32
-0.420254 0.0986593 0.0626016 -0.425096 0.574677 0.118052 1.31285 -0.218021 0.796915 -0.245065 -0.0367955 0.850115 -1.11345 0.703977 0.716631 0.444322 0.248193 -0.285447 0.268329 -0.316512 -1.07493 -1.19672 0.225282 -0.692051 0.16881 0.75618 -0.266531 0.6449 0.14407 0.451306 0.141914 -0.130779 
0.0165863 -0.297215 0.181217 0.161385 0.0108633 0.0142709 0.106793 -0.0628808 0.414417 0.474477 -0.221002 0.824214 0.235954 -0.142059 -0.357871 -0.0183039 0.415552 -0.259116 -0.216589 0.289269 -0.438173 -0.370953 0.379286 -0.0683725 0.453008 0.210191 0.520852 -0.118089 0.273449 0.570559 0.480346 -0.0321522 
0.874749 -0.482163 -0.0239101 -0.408179 -0.612357 -0.456668 -0.7094 0.0894437 -0.24882 0.967593 -0.274491 -1.28397 0.397085 -0.0684883 0.880008 -0.355662 0.442077 0.0806408 -0.5915 -0.958704 0.163872 -0.0216338 -0.169011 -0.193204 0.0685447 -0.0644983 0.42014 -0.486255 0.121431 0.147968 0.161431 0.27234 
0.105103 0.192019 -1.26136 -0.976024 0.441331 -0.408858 -0.302416 -0.0276358 -0.0967531 0.0990354 -0.195728 0.702413 0.221627 -0.9713 -0.89788 -0.252976 0.278834 0.0501816 -0.437317 0.332625 -0.13628 -0.284928 -1.12006 -0.334415 -0.129066 -0.68572 -0.0174104 -0.504054 0.738513 0.610704 -0.139163 -0.776275 
pop 8 layer 0
dims 16 5
-0.139299 -0.28229 -0.764071 0.349895 -0.387834 
0.335598 -0.371282 -0.333426 -0.416412 0.268975 
0.56414 0.217012 1.00461 -0.140267 -0.432992 
0.426826 -0.237765 0.431545 -0.252273 -0.446337 
0.576653 -0.203723 0.405642 -0.144356 0.426507 
-0.171229 0.029746 0.43765 0.196871 -0.880921 
-1.53398 -0.160101 0.311928 -0.0635353 -0.187326 
0.238631 0.955882 0.278611 0.159578 0.623448 
-0.341818 0.008567 -0.225403 -0.225783 -0.258209 
0.00857302 -0.281558 -0.810572 -0.256331 -0.425141 
0.634611 -0.445658 0.449482 -0.254008 -0.168522 
-0.128737 -0.0859657 -0.666129 0.320278 -0.609945 
-0.314078 -0.711801 0.2518 0.586972 -0.050501 
0.20706 0.0133706 -0.692811 -0.0708332 0.635458 
0.401615 -0.0799823 -0.101696 -0.313862 -0.133844 
0.0642447 0.48442 -1.02709 0.431118 0.2045 
pop 8 layer 1
dims 32 16
0.30989 0.301411 -0.864713 0.455329 -0.138359 -1.09236 -0.0223563 0.38102 0.366768 0.232376 0.88594 0.361607 0.0338152 0.147953 -0.72611 -0.11063 
0.10787 0.329133 0.457067 0.0358461 -0.435917 0.0390687 -0.859401 -0.101258 -0.389588 0.448841 -0.672212 0.924229 -0.691636 -0.154825 0.883204 -0.661029 
-0.0519981 -0.836018 0.289175 -0.461129 -0.0743753 -0.179857 -0.129503 0.0635186 -0.586543 -0.0579172 0.202443 -0.540259 -0.626437 0.272643 0.0857651 -0.34426 
0.05874 -0.348124 0.387939 -0.966127 -0.5906 -0.425774 -0.549101 0.546205 0.196647 0.297985 -0.236045 0.141522 -0.693825 0.209793 0.533241 -0.116409 
-0.239547 0.530142 -0.971974 -0.335255 -0.152767 0.803633 0.445861 0.0281811 -0.239791 -0.310169 -0.692384 0.272148 0.485744 0.495879 -0.280129 -0.0577066 
-0.801734 0.302504 1.21185 0.203205 -0.112883 0.430891 0.18389 0.0392368 0.272469 -0.118359 0.813529 -0.327595 0.0903434 -0.322241 -0.360165 0.581766 
-0.221262 0.461064 -1.11077 -0.398902 0.537022 -0.407217 -0.323199 -0.118448 0.587615 0.00241158 0.0647258 0.755165 -0.839255 0.863065 0.303688 0.0853462 
0.504368 -0.759932 0.182344 0.341705 -0.165612 -0.352832 0.138614 -0.553499 -0.204588 -0.5597 0.151011 -0.261994 -0.654537 0.572785 0.137159 0.754761 
0.0782959 0.18454 0.683942 0.316871 0.212609 -0.23734 0.468677 0.61139 0.230097 0.421153 -0.770265 -0.238469 -0.837751 -0.248128 -0.608564 0.803587 
1.06776 0.129309 0.2062 0.936975 0.159235 -0.478532 -0.737715 -0.150302 0.325164 0.0207247 -0.473364 0.0884941 -0.327773 -0.656558 0.384011 -0.631327 
0.00242899 -1.27886 0.906818 -0.0560039 -0.20067 0.298027 -0.31738 -0.317132 -0.270125 -0.586992 -0.0483031 -0.275601 -0.211665 -0.636785 0.133407 0.0676992 
-0.0793494 -1.19402 -0.0580087 -0.4023 -0.196807 0.45159 -0.595304 0.298299 0.111068 0.19149 -0.544211 0.000553833 -0.288105 -0.183558 -0.700622 0.426959 
-0.0196519 -0.359191 0.273149 -0.360259 0.8453 -0.0982236 0.440179 -0.0700031 0.0651931 0.401331 0.396687 -0.341607 -0.384431 0.481702 0.164881 0.575652 
-0.447748 0.333191 0.181682 -0.0219998 -0.968482 0.579877 0.898031 -0.773182 -0.500949 -0.267189 0.33946 -0.847277 -0.488984 -0.260036 -0.214835 0.0207077 
0.446377 0.0425951 -0.167497 0.437398 -0.581189 0.380457 0.256526 0.92193 0.429841 0.469838 0.437254 -0.35262 0.743033 0.5735 -0.335863 -0.0597111 
0.200412 -0.504922 0.239295 -0.0450362 -0.645546 -0.0406888 0.506033 -0.912616 0.0106598 -0.271562 -0.623838 -0.0564637 -0.0674502 -0.522964 0.250744 0.44776 
0.26198 0.181694 -0.0509541 0.0527832 0.503357 -0.281523 -0.2365 -0.0570261 -0.512455 0.0666205 -0.183243 -0.455452 -0.13193 -0.113589 -0.506157 -0.0707231 
-0.0169221 0.364555 -0.548428 -1.27042 0.0473009 -0.212335 -1.13581 -0.338681 -0.318274 0.893584 -0.433047 0.643754 0.118592 0.689219 0.571848 0.0526206 
-0.497723 0.435685 0.693723 0.243932 0.276865 -0.142704 0.301682 0.0161672 -0.0015648 -0.353023 0.541142 0.405009 0.20938 0.042849 -0.0914404 0.0700049 
-0.516958 -0.585843 0.740663 -0.611458 0.749423 0.173269 -1.24439 0.273368 -0.346049 0.17788 -0.993413 -0.251196 0.333674 0.027101 0.731376 0.368487 
0.763215 -0.175539 -0.681101 -0.171087 -0.262985 -0.581246 -0.407255 -0.0819491 0.521241 -0.335859 -0.486825 -0.849021 -0.34047 0.18674 -0.396286 0.278232 
0.0151058 -0.240541 1.31545 -0.271384 -0.119314 0.339805 -0.743363 0.725324 -0.155902 -0.061783 -0.863979 0.350572 -0.233926 0.388543 -0.901286 -0.551637 
-0.989138 -0.97993 -0.078486 -0.300109 -0.0221618 0.0805956 0.735714 1.35491 -0.0377544 -0.138814 0.141791 -0.0587775 0.0839217 0.590229 0.250236 0.498706 
-0.0348281 1.04305 -0.882993 -0.110395 -0.549393 -1.78236 -0.1102 0.0507504 -0.450353 0.591061 0.595215 0.771404 -0.413802 -0.239207 -0.158416 -0.161681 
0.409243 -0.649055 -0.405864 -1.08398 0.109053 0.8528 -0.596137 0.726672 0.0293167 -0.128186 -0.293748 -0.0607529 -0.315287 -0.384257 0.109966 -0.033264 
0.198433 -0.69934 0.244268 -0.478951 -0.52706 -0.436039 -0.11989 0.440369 0.557591 0.288716 -0.633 0.395236 -0.493459 -0.209464 -0.669824 0.752792 
0.843609 -0.625828 0.212227 0.189904 1.09736 0.123118 0.106594 0.280162 -0.0464132 -0.0134476 -0.252842 0.189078 -0.602001 -0.520785 0.312569 -0.732665 
0.264278 0.981274 -0.0774351 -0.0578297 0.106978 0.235446 0.857976 0.0937727 -1.06237 -0.297593 -0.499282 -1.44116 0.225805 -0.327267 -0.127089 0.774349 
0.530332 -0.393995 -0.629925 -0.622763 0.435527 -0.688308 -0.211091 -0.546892 0.186176 -0.0433781 0.348191 0.709725 -0.594931 -0.422711 0.12117 0.11606 
-0.325297 0.278685 0.457077 -0.894341 -0.566534 -0.462541 -0.139621 0.541992 -0.634656 0.311787 0.0365644 0.412321 0.533025 -0.243673 -0.0652655 0.436667 
-0.197977 0.20065 0.0968124 0.378881 -0.39525 0.648082 -0.615361 0.107105 0.201599 -0.280016 0.465808 -0.328767 0.249151 0.465463 -1.10816 -0.120043 
-0.548043 -0.382806 0.00923193 0.931085 -0.406439 0.724649 -0.609967 -0.161349 0.133991 0.277015 -0.670386 0.0137092 -0.791964 -0.428632 -0.668979 -0.159394 
pop 8 layer 2
dims 4 32
-0.327271 -0.0523884 -0.00676816 -0.343636 0.503149 0.0572927 0.940384 -0.41079 0.713362 -0.407145 -0.150377 0.781742 -1.03263 0.580886 0.755411 0.272959 0.0885374 -0.36254 0.297714 -0.201181 -0.805936 -1.10532 0.289999 -0.61256 0.0854431 0.46325 -0.017874 0.474364 0.138945 0.418294 0.267764 -0.00652241 
0.108786 -0.109228 0.16714 0.137015 0.11819 0.240344 -0.00905046 -0.213864 0.330389 0.0272893 -0.12346 0.803093 0.215216 -0.0299466 -0.31782 -0.00733162 0.329007 -0.165101 -0.253664 0.345633 -0.474783 -0.342974 0.547221 -0.109353 0.396035 0.214859 0.454435 0.168868 0.00982305 0.426955 0.271004 -0.135143 
0.633649 -0.281281 -0.00423263 -0.519167 -0.608212 -0.265087 -0.667317 -0.0196733 -0.339375 1.00045 -0.248464 -1.01252 0.260193 0.0159617 0.764583 -0.0613038 0.241869 0.0670088 -0.601919 -0.879774 0.0997657 -0.190669 0.135349 -0.251546 -0.120213 -0.168362 0.161481 -0.140888 -0.055147 0.383242 0.0809079 0.179445 
-0.14241 -0.0108123 -1.15004 -0.68752 0.445816 -0.145337 -0.430307 -0.100036 0.050173 0.0831807 -0.137446 0.625759 0.256996 -0.741008 -0.794416 -0.0656965 0.3103 0.0106774 -0.442955 0.302728 0.033201 -0.197943 -1.02071 -0.278943 -0.0901456 -0.529932 0.0763444 -0.350596 0.667087 0.417942 -0.207963 -0.432525 
pop 9 layer 0
dims 16 5
0.031538 -0.501476 -0.672894 0.398236 -0.294476 
-0.0998244 -0.236181 0.0539133 -0.0689262 0.135065 
0.447109 0.393642 0.842554 -0.074875 -0.278609 
0.426352 0.249513 0.0141435 -0.350471 -0.489677 
0.596407 -0.198765 0.4756 0.169421 0.404155 
0.0879793 -0.147063 0.352585 0.355953 -0.257332 
-1.41734 -0.36339 -0.210818 0.177375 -0.182472 
0.207731 0.797776 0.810761 -0.126756 0.385417 
-0.551832 0.148973 -0.282969 -0.00942734 -0.204266 
-0.389061 -0.0882794 -0.36056 -0.192675 -0.131135 
0.78757 0.0414923 0.633087 -0.0191442 -0.00662671 
-0.0106027 -0.0346414 -0.650023 0.14872 -0.462298 
-0.396369 -0.683789 -0.142062 0.575365 0.0439005 
0.404751 -0.0356469 -0.465435 0.0392571 0.351502 
-0.219411 0.114267 -0.0148357 0.0316725 -0.0964626 
-0.0247929 0.668509 -0.151784 0.394386 0.0304919 
pop 9 layer 1
dims 32 16
-0.10171 -0.0110427 -0.559694 0.0560559 -0.282891 -0.728392 0.166149 0.0926039 0.620009 0.147265 0.468605 -0.0045202 -0.207697 0.0831396 -0.228359 -0.34597 
-0.00113346 0.571788 0.562146 -0.291747 -0.820237 0.0590194 -1.06442 0.0910749 -0.372482 0.508017 -0.539228 1.07006 -0.444425 0.0506973 0.901583 -0.796932 
-0.218744 -1.13947 0.560862 0.0348249 0.554824 0.120941 0.367903 0.27758 -0.19596 0.0677938 0.0590809 -0.401627 -0.565965 0.188452 0.515761 -0.615137 
0.22898 -0.119795 0.354266 -0.663584 -0.145632 -0.303529 -0.560198 0.355266 0.0283896 -0.0111465 -0.0518475 0.204137 -0.561232 0.071848 0.54911 0.219284 
-0.361154 0.466167 -0.265356 0.257988 0.0455778 0.915104 0.102987 -0.379767 -0.305592 0.10449 -0.114895 0.343035 0.268778 0.60728 -0.259545 0.0401397 
-0.345489 -0.0911748 0.889769 0.429627 -0.16691 0.211929 -0.0171086 -0.055353 0.194453 -0.130549 0.670239 -0.00909502 0.0862985 -0.147243 -0.0186482 0.281715 
-0.349332 0.0776407 -0.709086 -0.257489 0.734614 -0.288171 -0.41726 -0.127537 0.420553 0.00124045 -0.178889 0.642016 -0.653194 1.0117 0.0183671 0.191092 
0.526537 -0.320532 -0.174381 -0.0617422 0.0350221 0.149115 0.142603 -0.137525 -0.170761 -0.639717 0.433442 0.0363898 -0.327284 0.00260582 0.0317273 0.750582 
-0.0195283 0.517672 0.991069 0.192067 -0.0661719 -0.0459921 0.0995448 0.427392 0.492282 0.0781978 -0.438226 -0.453512 -0.667364 -0.254645 -0.511169 0.739509 
0.945646 0.401522 0.459134 0.357733 0.302614 -0.576236 -0.611506 0.0568174 0.534248 -0.00923278 -0.375639 -0.00978191 -0.131403 -0.488331 0.182598 -0.403794 
-0.31994 -0.858077 0.598062 0.169689 0.00682761 0.184093 0.0379271 -0.054455 -0.105892 -0.896216 -0.200847 0.0322361 -0.431267 -0.804134 -0.0396814 0.243851 
-0.410699 -0.372999 -0.463607 -0.805593 0.0455893 0.529856 -0.819641 -0.156508 0.219309 0.0293586 -0.564911 -0.288934 -0.396421 -0.67359 -0.68557 0.123184 
-0.307215 -0.11149 0.170205 0.0403588 0.987773 -0.0299765 -0.398112 -0.306027 -0.0474462 0.149657 0.318657 -0.137709 -0.58602 1.17899 0.0713963 0.570863 
-0.712188 0.335048 0.240152 -0.338512 -0.800829 0.46918 0.782804 -0.77721 -0.425264 0.0312648 0.321431 -1.01851 -0.24276 -0.457973 -0.348415 -0.54277 
-0.0960023 -0.00829535 -0.196706 0.308766 -0.736797 -0.174348 0.0187237 0.729629 0.349584 0.131889 0.28387 -0.419925 0.280768 0.380124 -0.231249 0.0106425 
0.0678299 -0.130345 0.818887 0.0316632 -0.595623 -0.367087 0.437904 -0.51451 -0.143443 -0.0956978 -0.295629 -0.114643 -0.254638 -0.449878 0.0908316 0.216633 
0.459324 0.203263 0.459465 0.00523051 0.588618 -0.068058 -0.569955 -0.505064 -0.303322 0.068219 0.356747 -0.311156 0.0297461 -0.15646 -0.490553 0.0344133 
0.203695 0.204715 -0.466083 -1.23805 -0.119582 -0.341683 -0.9579 -0.485353 -0.455469 0.59263 -0.538145 0.753603 -0.0672397 0.339007 0.729014 -0.196795 
-0.810856 0.327968 0.0344814 0.53661 -0.0607831 -0.443675 0.60411 0.306084 0.0550785 -0.611171 0.470536 0.307551 0.282237 0.0558267 -0.228166 -0.115303 
-0.529016 -0.166969 0.658648 -0.487678 0.805242 0.159219 -1.05869 0.184189 -0.569642 0.179076 -1.05886 -0.593315 -6.62498e-05 0.197406 0.384139 0.440522 
0.613457 -0.529834 -0.579012 0.114032 0.114332 -0.486653 -0.279278 0.0597139 0.549996 -0.905404 -0.599089 -0.61122 -0.791332 -0.36283 -0.269643 0.277655 
0.036331 -0.0304076 0.869743 -0.117456 -0.309797 -0.0252837 -0.716872 0.354655 -0.209539 -0.184115 -0.640185 0.285304 -0.391617 0.0601908 -0.804686 -0.222706 
-0.851704 -0.856833 0.382798 -0.43219 0.0391502 -0.255835 0.625886 0.947371 -0.16995 0.204188 -0.10732 0.50579 0.284701 0.697736 0.266647 0.831741 
-0.267062 1.01033 -0.325885 -0.0346098 -1.028 -1.14817 -0.320695 -0.0512243 -0.549642 0.588358 0.54831 0.38145 -0.671586 -0.20367 -0.173663 -0.0892853 
-0.189173 -0.400655 -0.38759 -1.0018 -0.0679177 0.886771 -0.216488 0.351818 0.157486 -0.00283413 -0.333093 -0.00490937 0.115665 -0.480733 -0.0594697 0.0355583 
0.310321 -0.881604 0.0194043 -0.695601 -0.367335 -0.160463 -0.22547 0.436125 0.741168 0.216395 -0.29998 0.19547 -0.388555 -0.365331 -0.787544 0.646411 
0.230814 -0.454829 -0.0955223 -0.108357 1.11226 0.00777615 0.111455 0.666553 -0.354366 -0.408247 -0.738838 0.0665306 -0.825501 0.424328 -0.091927 -1.13133 
0.522257 0.533922 -0.111023 0.0421349 0.017042 0.135452 0.799403 0.391797 -0.878146 -0.245074 -0.529237 -0.796607 -0.184345 -0.291028 -0.337635 0.553622 
0.529184 0.245359 -0.433604 -0.790406 0.553891 -0.314102 -0.347502 -0.376054 0.395114 0.0707327 -0.0213478 0.444077 -0.740705 -0.596559 -0.0129728 0.121245 
-0.589417 -0.163918 0.161161 -0.110703 -0.410836 -0.398226 -0.396001 0.707866 -0.600883 -0.03236 0.220817 0.148275 0.591016 -0.255562 -0.140875 0.389285 
0.128825 -0.0300847 0.027473 0.500841 -0.321075 0.424353 0.0183911 0.167827 -0.127533 -0.40733 0.19249 0.304671 0.373402 0.193699 -0.530997 -0.28464 
-0.554608 -0.612873 -0.0689512 0.876883 -0.407856 0.556402 -0.154315 0.189854 0.392171 0.897315 -0.898287 0.0169598 -0.781434 -0.025137 -0.56169 -0.14552 
pop 9 layer 2
dims 4 32
0.060508 0.268592 0.241938 -0.367863 0.224263 0.247428 0.948598 -0.137429 0.537323 0.00355321 -0.141446 0.563584 -0.590672 0.477425 0.810895 0.430933 0.0905943 -0.142098 0.219296 -0.290666 -0.806893 -0.894192 -0.0906996 -0.862664 -0.0359038 0.599392 -0.0490412 0.220718 -0.152946 -0.0211825 0.144697 -0.313847 
0.0710373 0.172644 0.141918 0.205394 0.197937 -0.163749 -0.0124429 -0.172052 0.505367 0.674576 -0.315323 0.512891 0.341988 0.128564 -0.301513 -0.164972 0.357096 -0.433373 -0.0627976 0.624305 -0.506999 -0.100982 0.623944 0.178899 0.507013 0.0763615 0.496066 -0.286087 -0.241666 0.439103 0.445032 0.313925 
0.790776 -0.389633 0.0973464 -0.845715 -0.933998 -0.259659 -0.861589 -0.226183 -0.345063 0.958716 -0.2682 -0.899174 0.132391 -0.032425 0.944357 -0.176978 0.412453 0.255116 -0.526843 -0.858951 0.127266 -0.122697 -0.112414 -0.115052 0.163486 -0.264758 0.233505 -0.264496 0.00530785 0.477292 0.211881 0.255907 
-0.122503 0.338832 -0.879128 -0.716994 0.0266083 -0.149784 -0.0191586 -0.181124 0.0916386 0.185018 -0.17866 0.437371 0.189161 -0.747117 -0.750062 -0.356682 0.0784524 -0.295356 -0.326101 0.0477327 -0.0438095 -0.526147 -0.701524 -0.274216 -0.474449 -0.81346 0.148538 -0.662974 0.395219 0.410874 -0.192925 -0.694756 
vWeights_end
generator 3340238756 764411749 2489535683 704402044 3253044592 131189197 3176237582 623714687 2648912906 3155870145 640225421 3857246795 1932586377 2252829328 4133980764 602775234 1741888138 3816679123 4282372298 3466841587 4073362670 713995147 220051584 3477941978 1312517799 2333116539 2599320680 481562169 856893693 3172970824 4083734536 1073593380 3865350878 1862482003 2710491398 4229682500 1825032333 1120345909 2756091896 413769916 892995687 2939481574 2009349452 2766569589 1152794010 1563954487 3289383571 3811829952 1685804927 3721060769 1439789713 601684534 1589395225 4191099984 97199719 627658968 2682457332 2963754882 4247113453 842546602 4256515654 861838718 2008181192 3815999016 918713609 1399670714 3156739086 2125509419 3503096537 3337561184 3670909464 2205168128 2388975907 822038463 187875122 1214846794 3919050121 444229941 1195415514 2677461479 1097719744 2921348326 4047036380 1968332468 2963702995 1905854584 2549789000 2762678442 3644156737 1785492185 2652841141 1120111375 2535241789 1484499692 4062355139 3526142053 689161775 1602970838 3633770683 2130947514 4280688838 1590656977 3618203658 84176666 3604990819 2940309530 637440006 1154119812 4109344189 1175019780 678262037 3521439722 3901016271 3331141074 1422686174 96208173 1794313294 769770736 2720765981 1748872715 3788686240 3363042952 3199110435 1921244216 2957919763 121221451 582765513 1573993374 2230583501 679332066 2487158227 645542785 3184132466 376579411 3495632142 3831528617 1287670107 3652968366 1800340661 3747765962 1077897695 940690746 563973443 3098724989 2749092770 4085377945 2910429967 3215715057 580427245 4182964140 3395704559 2491458162 2890946387 929377087 2496972285 1970618121 2634917 959504715 1848219313 4047488099 72748679 730026409 4211300701 4072238393 2414279803 140936204 4211936860 811218203 2706605076 1828861072 1605632176 400029711 1839229510 858754190 3508297283 346953603 3740934177 2385019414 2911244154 147732645 1885992534 17193686 4199852491 2914240647 2312826872 522843324 3614083364 4018509257 2074652289 2004523582 1466454715 115542054 3304162723 3704282393 3537287700 931262692 4045077230 1401531394 978291220 1913258496 167566689 238316077 4060367272 3825420992 3538966813 1561950088 467419039 978054600 2729586786 321503218 3120698657 2423545324 1897146822 3106642637 1779507027 2444469445 4093544532 676249104 3609146252 912593554 2301954680 2416282857 2878189036 2056815989 1171188581 2099934339 3452191842 2675800936 2388064944 1813302259 2836379970 2899359715 3140740576 4194167677 147703721 1737591212 2137364104 2463414255 769430348 808773620 2061858243 855030156 3553967069 1714173189 1072932473 952611109 1768249732 906667995 1894261243 2228489428 2828748851 4041354255 3647391663 1293822831 589547527 3457395285 453609719 905392737 3146469215 1733602676 1965074521 3025489810 2537271471 3439588551 1642475084 3978822347 812015563 2213452497 1677070408 3453735008 3340216574 2828600208 1520332762 517235206 1012672675 4142218977 2596328250 1527316582 763911790 1631701111 741052650 1238812732 1572380911 3962653345 2126836599 3377349487 185380934 1240553948 3316971768 3947458483 3289480122 1784742639 3617774039 3248716365 963726476 1327211301 3450237663 9241315 1300171497 2464808410 489243952 3614861029 64139312 512767941 3336245743 4292543807 808728346 1600092311 2229390859 2495916815 2627035251 229392337 3829140104 50136265 3649993736 3754901824 3589489392 1593717331 2598332434 4239939766 914855205 3344611768 2545621443 187926191 1858612393 3878322751 809952112 4288932737 2673988280 2549430473 1825726750 2442950579 1723954848 1823700580 4012219076 1480812804 695508175 1715374625 2219979855 3152950349 2598166289 2383874788 1330793998 248388949 2449624446 2869629545 819931323 2024810629 1301137437 4151907989 2042738035 2182773363 4269083963 1199944145 4021340301 195561718 1351638591 53472703 1128354509 2014028668 1039009945 867883964 4203385441 3141725909 620868716 1702718183 2879418969 923619037 3365505101 3256351303 403417843 1339845517 2706674583 1471357935 3212534304 700076924 1418881909 2222517860 1510782187 1730660600 1140593527 771601709 615950554 1207582161 1768859318 2089839118 9345258 1472967403 345166010 143635192 3674628868 1512955336 3149545450 367186030 3019705016 2447892903 2161441815 330623891 1599057480 4107247201 3160816499 3512784480 305928643 3719964012 1796175902 590793847 2166415141 3873351310 2938755492 2365327438 1895099737 732989720 3622411952 4174168268 3016733077 1362214870 3542790875 1380213720 3969712585 887993186 1828845677 3036859456 1276125597 214251554 1777299412 3966778877 82013192 1345327089 936985782 146254472 793859783 1916158581 2959479262 824660147 2506664504 733698903 171270206 2447183445 3579080281 2118847561 2381302190 1014934313 2696372203 3151023255 3656111141 2075760581 988592144 2931981744 3731988892 2788916556 2345693991 4006414919 1882840876 367266525 1891861418 3160802106 2931799525 795969175 267258341 441854391 828176726 1439429955 3310209626 1473195562 4257348862 1147923401 2221865455 1253696695 3697552017 4149953932 2187969587 2819756880 1584208924 1251437337 2789990807 1515422165 2527771165 1745320079 1857827653 286319532 1208115156 4050917352 4234998580 1164590635 810400917 379918161 3900257478 3897270151 2303057590 4155565598 3712232849 3025417276 2181335366 1016153401 871857562 1644952495 2490490516 3838410133 3876703699 1397224401 1475333023 715316969 4157003415 786177452 2447765624 3378368284 1062288929 44399528 1827286418 3125242344 871087230 2414604846 163151923 4107770755 1484056751 1625422700 3045223891 1847645372 542467281 4015346677 1475433643 386862593 2362905405 2689731537 1210111099 2217688952 2242670019 495541146 3440690832 1337714261 937264511 2764934264 1319243815 2769359536 3534988171 3511524191 1247609133 381894444 1747430138 48770226 3691142203 587739372 3199572284 408213730 2974501894 3222346379 452550911 1652140476 2607023828 2083301340 1727882545 2821424056 190404010 2494596483 1161631546 1239774963 506508068 126835715 2638522000 2098895523 2102166969 3800585643 1516407499 3680994257 2307120652 3344879975 822764433 3174587164 2408700202 3760364676 868160167 3274080623 1212250889 1631570838 3915934351 1504015901 735329773 1526639980 3587933367 1549332777 3340396067 564767558 825986689 3512361184 4056665470 1911335914 638827185 177273350 3605801205 949840776 1457901059 379493199 722279864 1710146511 1949363535 1675753486 1153885010 3062772426 3577498447 1821325375 3078196582 2508377898 3233498167 2431199946 313126938 2560797507 4067810816 1482084928 284661086 155395574 985579939 4225754329 2837260160 3294727795 321519477 3719543791 2366790880 2523841385 4072837910 2138201976 3750689033 1552974020 387838394 2740913093
