sName lunar_lander
version 1
nEpochs 3000
nPopSize 100
nTop 10
act 1
populationStrategy 2
randomInjectionRatio 0.3
nLayers 4
vSize 5 16 32 4 
vBiases_start
pop 0 layer 0
dims 16 1
-0.512103 
-0.510291 
0.431239 
0.726475 
0.754642 
0.308072 
0.432319 
-0.295788 
-0.256973 
-0.245915 
-0.54596 
0.375105 
0.605843 
-0.0283214 
0.157766 
-0.198291 
pop 0 layer 1
dims 32 1
0.014539 
0.415085 
-0.530902 
-1.02262 
-0.747823 
0.117547 
0.207334 
-0.432719 
-0.755034 
0.00222718 
-0.0405188 
-0.37277 
0.637584 
0.631341 
-0.119732 
0.446263 
0.402605 
-0.209188 
-0.25428 
-0.856039 
-0.554399 
-0.177089 
-0.445748 
-0.0613257 
-0.218033 
0.0396101 
-0.167819 
0.576109 
-0.667719 
1.01529 
0.819489 
-0.0592949 
pop 0 layer 2
dims 4 1
-0.0201802 
0.25934 
0.634387 
-0.079692 
pop 1 layer 0
dims 16 1
-0.524474 
-0.636648 
0.653359 
0.710723 
0.734239 
0.528949 
-0.0904134 
-0.462729 
-0.306511 
-0.111335 
-0.546965 
0.115292 
0.231214 
0.0484675 
0.466651 
-0.128559 
pop 1 layer 1
dims 32 1
0.123296 
0.275003 
-0.163209 
-0.866839 
-0.834858 
0.0632762 
-0.00353322 
-0.246869 
-0.388777 
-0.0741281 
0.217162 
-0.380182 
0.13902 
0.354353 
-0.503412 
0.0877958 
0.618022 
-0.449001 
0.0276495 
-0.872126 
-0.694186 
-0.166559 
-0.22655 
-0.0601821 
-0.201707 
0.251552 
-0.320478 
0.628903 
-0.566884 
0.492567 
0.560803 
-0.427069 
pop 1 layer 2
dims 4 1
0.0106546 
0.0395256 
0.219381 
-0.443163 
pop 2 layer 0
dims 16 1
-0.604281 
-0.476422 
0.672215 
0.607642 
0.665115 
0.235303 
0.133467 
-0.359675 
-0.230878 
0.100686 
-0.400486 
0.217509 
0.243936 
0.0634652 
0.418943 
0.00799993 
pop 2 layer 1
dims 32 1
0.127321 
0.280649 
-0.0856399 
-0.826561 
-0.896095 
0.203367 
-0.126628 
-0.295339 
-0.515569 
0.0711646 
0.223316 
-0.364294 
0.158127 
0.221763 
-0.483046 
-0.036761 
0.66146 
-0.332433 
-0.00364913 
-0.594477 
-0.613739 
-0.035098 
-0.336544 
-0.0309773 
-0.240189 
0.172961 
-0.156416 
0.686331 
-0.50117 
0.482635 
0.597369 
-0.463642 
pop 2 layer 2
dims 4 1
-0.138003 
0.0287046 
0.85536 
-0.327956 
pop 3 layer 0
dims 16 1
-0.46299 
-0.645787 
0.393756 
0.840973 
0.690246 
0.477823 
0.391833 
-0.110561 
-0.299609 
-0.118372 
-0.453695 
0.398387 
0.448169 
-0.170128 
0.381984 
-0.168516 
pop 3 layer 1
dims 32 1
-0.0243035 
0.352714 
-0.573102 
-0.943694 
-0.860818 
0.045085 
0.43544 
-0.226129 
-0.696272 
-0.347425 
-0.25391 
-0.571661 
0.567905 
0.604961 
0.213503 
0.414977 
0.445125 
-0.18848 
-0.291769 
-0.958873 
-0.746361 
-0.110555 
-0.56694 
-0.00561214 
-0.330719 
0.0772645 
-0.369176 
0.615768 
-0.459039 
0.804219 
0.541046 
-0.226092 
pop 3 layer 2
dims 4 1
-0.0211788 
0.0618491 
0.64723 
-0.146387 
pop 4 layer 0
dims 16 1
-0.540461 
-0.723618 
0.697022 
0.830002 
0.670522 
0.503804 
0.196278 
-0.427039 
-0.374774 
-0.138369 
-0.523263 
0.252579 
0.380812 
-0.201058 
0.252495 
-0.172643 
pop 4 layer 1
dims 32 1
-0.0211271 
0.306127 
-0.717032 
-1.24412 
-1.23688 
-0.0597007 
0.185602 
-0.409852 
-0.591123 
-0.222899 
0.0417435 
-0.610894 
0.575351 
0.638419 
-0.137856 
0.500661 
0.685412 
-0.331211 
-0.144142 
-1.16248 
-0.797085 
-0.0310602 
-0.535344 
0.0743363 
-0.426165 
0.0436876 
-0.291911 
0.624196 
-0.435655 
0.697271 
0.83509 
-0.421604 
pop 4 layer 2
dims 4 1
-0.117412 
0.144361 
0.999279 
-0.182041 
pop 5 layer 0
dims 16 1
-0.362892 
-0.55568 
0.707379 
0.621631 
0.493117 
0.558855 
0.370036 
-0.1448 
-0.491672 
-0.0515889 
-0.477734 
0.525195 
0.297242 
0.205038 
0.325668 
-0.253928 
pop 5 layer 1
dims 32 1
-0.174401 
0.183174 
-0.388832 
-0.763257 
-0.839032 
-0.092893 
0.330958 
-0.40533 
-0.414316 
-0.0998802 
0.0356045 
-0.539823 
0.373606 
0.498009 
-0.0753738 
0.335389 
0.667147 
-0.469493 
-0.00156008 
-0.750347 
-0.747456 
0.12656 
-0.359451 
0.194093 
-0.273802 
0.0903829 
-0.27103 
0.492809 
-0.535524 
0.649951 
0.450318 
-0.231459 
pop 5 layer 2
dims 4 1
0.147648 
0.0121098 
0.685214 
-0.0889563 
pop 6 layer 0
dims 16 1
-0.457048 
-0.632001 
0.510264 
0.986648 
0.683339 
0.42543 
0.453672 
-0.180877 
-0.225802 
-0.229809 
-0.540065 
0.450904 
0.534643 
-0.0342031 
0.228249 
-0.12141 
pop 6 layer 1
dims 32 1
-0.129075 
0.356881 
-0.639119 
-1.07599 
-1.02978 
-0.0137975 
0.27702 
-0.335222 
-0.55749 
-0.237675 
-0.0806315 
-0.589411 
0.651963 
0.614303 
-0.0738696 
0.485949 
0.504033 
-0.266085 
-0.234935 
-1.01438 
-0.676003 
-0.0992655 
-0.644317 
-0.0552161 
-0.257707 
0.00933503 
-0.348487 
0.661649 
-0.437556 
0.835571 
0.720728 
-0.153074 
pop 6 layer 2
dims 4 1
-0.0799614 
0.153634 
0.802678 
-0.172005 
pop 7 layer 0
dims 16 1
-0.529983 
-0.48013 
0.667884 
0.850082 
0.928837 
0.550628 
-0.189636 
-0.5561 
-0.434003 
-0.301361 
-0.722742 
0.0793085 
0.35247 
-0.0509249 
0.237249 
-0.115095 
pop 7 layer 1
dims 32 1
-0.0512473 
0.240983 
-0.861401 
-1.0489 
-1.08439 
-0.0581843 
0.465518 
-0.392758 
-0.451837 
-0.261036 
0.0565842 
-0.587206 
0.565034 
0.644644 
-0.129615 
0.370981 
0.641469 
-0.431382 
-0.181471 
-1.08052 
-0.810135 
0.0554793 
-0.546399 
0.188848 
-0.417942 
-0.0540123 
-0.378297 
0.543604 
-0.538738 
0.776769 
0.683325 
-0.26944 
pop 7 layer 2
dims 4 1
-0.0606679 
0.0827244 
0.819247 
-0.0437415 
pop 8 layer 0
dims 16 1
-0.496377 
-0.556602 
0.700965 
0.793583 
0.861915 
0.548624 
-0.136732 
-0.522816 
-0.336554 
-0.214318 
-0.633223 
-0.0378547 
0.239716 
0.0292972 
0.0246024 
-0.310389 
pop 8 layer 1
dims 32 1
-0.0719675 
0.558401 
-0.564267 
-0.966551 
-1.05721 
0.0801476 
0.28785 
-0.312566 
-0.518137 
-0.370559 
0.291317 
-0.397234 
0.499359 
0.416332 
-0.261589 
0.596252 
0.586253 
-0.211497 
-0.20834 
-0.764765 
-0.67908 
-0.0254393 
-0.312125 
-0.144104 
-0.346441 
-0.279332 
-0.0414046 
0.174902 
-0.351351 
0.368925 
0.496775 
-0.446447 
pop 8 layer 2
dims 4 1
-0.0557956 
0.0171712 
0.432863 
-0.226486 
pop 9 layer 0
dims 16 1
-0.269751 
-0.649883 
0.747156 
0.704741 
0.655615 
0.59861 
0.471476 
-0.182038 
-0.450841 
-0.044822 
-0.597615 
0.563039 
0.315341 
-0.00924735 
0.339799 
-0.172678 
pop 9 layer 1
dims 32 1
-0.0479954 
0.0386597 
-0.656051 
-0.875734 
-0.994211 
-0.106618 
0.277776 
-0.273445 
-0.474336 
-0.171105 
0.0536741 
-0.535507 
0.401692 
0.419339 
-0.0635689 
0.557154 
0.828205 
-0.629015 
-0.0529741 
-0.901811 
-0.766064 
0.0692036 
-0.350063 
-0.0544084 
-0.238289 
0.139227 
-0.343874 
0.468565 
-0.329993 
0.626407 
0.584705 
-0.254669 
pop 9 layer 2
dims 4 1
-0.250656 
0.215916 
0.977338 
-0.269307 
vBiases_end
vWeights_start
pop 0 layer 0
dims 16 5
-0.0668239 -0.467539 -0.659573 0.495729 0.00555952 
0.0963469 -0.0111283 0.134302 -0.358625 0.0348365 
0.532018 -0.370037 0.717591 -0.25968 0.212475 
0.668134 -0.0351204 0.0325238 -0.175889 -0.576244 
0.526434 0.0913105 0.447952 0.335725 0.447865 
-0.136895 0.219193 0.223883 0.274729 -0.401999 
-0.71521 -0.262635 -0.22131 -0.101778 -0.224751 
0.0077703 0.609104 0.223218 0.494134 0.13249 
-0.151945 0.154282 -0.554446 -0.408135 -0.325257 
0.0520942 0.178346 -0.741134 -0.342073 -0.0627359 
0.191582 -0.422218 0.689651 -0.105603 -0.0927377 
-0.1161 -0.135371 -0.483962 0.261833 -0.172943 
-0.554641 -0.388755 0.169506 0.60334 0.0977311 
0.504164 -0.0276923 -0.90955 0.0658877 0.246654 
0.148026 0.0468998 -0.0751645 -0.385934 0.0142989 
0.360508 0.656447 -0.289241 0.597115 0.328592 
pop 0 layer 1
dims 32 16
-0.0860203 0.476402 -0.79908 0.70378 -0.651633 -1.27715 0.187506 -0.1833 0.429496 0.11922 0.678353 0.218901 0.333317 0.380825 -0.792156 -0.102061 
-0.116718 0.142915 0.118832 -0.082275 -0.333412 -0.08927 -0.665772 -0.457546 -0.693584 0.229691 -0.394883 1.09942 -0.594599 0.196744 0.693113 -0.752875 
-0.202213 -0.9578 0.0434698 -0.289451 0.152548 -0.196355 0.32748 -0.126797 -0.305047 0.173799 0.0302223 -0.459403 -0.754759 0.451625 0.326551 -0.445914 
-0.11157 -0.330707 0.498003 -0.778057 -0.193826 -0.331284 -0.82997 0.761518 0.236427 0.236925 -0.204105 0.0654232 -1.07566 0.277492 0.922829 0.0331096 
-0.459656 -0.195618 -0.679906 0.0640463 -0.317146 0.553342 0.799593 0.173625 -0.0402793 -0.154496 -0.173746 0.335163 0.280052 0.607651 -0.330449 -0.123569 
-0.549942 0.327205 1.04487 0.0677514 -0.408379 0.368148 -0.0678082 0.0942405 0.372797 -0.0256731 0.972652 -0.627598 0.396871 -0.0980241 -0.0327823 0.680475 
-0.238411 -0.101157 -1.12957 -0.421345 0.814278 -0.458751 -0.375938 -0.476293 0.755409 -0.258256 -0.173275 0.651601 -0.829539 0.780763 0.289981 -0.0842404 
0.664787 -0.63874 -0.101582 0.330538 -0.218225 -0.123751 0.0436505 -0.711554 -0.272491 -0.568893 0.199083 -0.386868 -0.604157 -0.0215293 -0.104586 0.9416 
-0.170573 0.652533 0.3362 0.400219 -0.21868 -0.529658 0.0343768 0.620283 0.0223385 0.403176 -0.902415 -0.615506 -0.733035 -0.155193 -0.546096 0.650348 
0.651155 0.333443 -0.0205467 0.963409 -0.0432314 -0.546838 -0.763401 -0.173798 0.269343 0.0989594 -0.17756 -0.0638744 -0.338903 -0.24473 0.459729 -0.815898 
0.0147858 -1.16199 1.08779 0.00982265 0.150151 0.282685 0.000458363 -0.150244 -0.263214 -0.796617 -0.21536 -0.0415907 -0.384575 -0.679988 -0.117407 0.29501 
0.141337 -0.96628 -0.333775 -0.407363 0.241636 0.46758 -0.716605 0.408738 -0.0496244 -0.00711562 -0.642582 -0.253738 -0.272132 -0.509229 -0.642385 0.234854 
-0.0440243 -0.557687 0.257167 -0.299106 1.06616 0.0394285 0.425737 -0.500149 -0.0816183 0.248394 0.341434 -0.0122857 -0.381835 0.61261 0.153908 0.382031 
-0.242025 0.342587 0.0641811 -0.00526494 -0.882728 0.64997 1.17176 -0.697264 -0.764527 0.019551 0.0579149 -1.01475 -0.429667 -0.441441 0.187028 -0.0167751 
0.105475 0.116426 -0.394296 0.394603 -0.877062 0.34325 0.260055 0.906161 0.718716 0.238545 0.954613 0.011325 0.583649 1.11422 -0.368106 -0.14232 
-0.209673 -0.639516 0.498627 -0.0239871 -0.511174 -0.0239917 0.587208 -0.758693 0.0772631 -0.463228 -0.395537 -0.122618 0.104579 -0.453463 0.094932 0.0491143 
0.255233 0.446723 0.0251616 0.035598 0.315512 -0.0459956 -0.0462654 -0.104618 -0.172192 0.0534965 -0.0373562 -0.585253 0.0900526 -0.228342 -0.364567 -0.144347 
0.298379 0.317282 -0.670654 -1.27401 -0.19611 0.0789187 -0.575951 -0.483421 -0.079137 0.294895 -0.545376 0.6298 0.287856 0.276684 0.515089 -0.189987 
-0.780825 0.146189 0.45966 0.237839 0.00467582 -0.368176 0.537112 -0.346646 -0.148624 -0.486543 0.54227 0.103026 -0.0313415 0.304836 -0.468799 0.139894 
-0.261509 -0.375665 0.930356 -0.678121 0.833077 -0.154279 -0.669493 0.199084 -0.372325 0.304217 -0.862131 -0.227486 0.263346 0.154838 0.642305 0.663269 
0.675556 -0.360045 -0.289632 0.019664 -0.175407 -0.520174 -0.696286 0.1465 0.37564 -0.520443 -0.220997 -1.14966 -0.491384 0.154497 -0.475474 0.318252 
0.168934 -0.0495601 0.833015 0.133602 -0.143349 0.223739 -0.683662 0.623349 -0.0877914 0.274977 -0.706817 0.900564 0.0420567 0.393375 -0.698709 -0.212897 
-1.28819 -1.07551 -0.0626151 -0.499348 0.239938 -0.488321 0.659443 0.998849 -0.120146 -0.393608 -0.125193 -0.258786 0.00114693 0.644677 0.448401 0.364511 
-0.28595 0.589768 -0.817593 0.328121 -0.805994 -1.51294 -0.22831 -0.14716 0.228108 0.0674248 0.776017 0.384709 -0.592268 -0.178958 -0.258406 0.0940364 
-0.0297425 -0.128121 -0.705493 -0.933305 0.515124 0.809514 -0.555181 0.977203 -0.185629 0.0366171 -0.0837925 -0.390334 0.126577 -0.091147 0.569434 0.0830628 
0.370251 -1.04416 0.0217443 -0.427572 -0.401568 -0.460577 0.0727789 0.295047 0.863579 0.395745 -0.709831 0.294506 0.225415 -0.585354 -0.416905 0.717562 
0.66513 -0.609106 0.0407842 0.101317 1.0029 -0.215337 0.392299 0.228695 -0.492924 -0.033112 -0.550896 0.106534 -0.758836 -0.0331838 0.183025 -1.07923 
0.0813767 0.767458 -0.162761 -0.0898081 0.168399 0.633836 0.36761 0.369436 -1.16547 -0.3505 -0.155763 -1.36704 0.485436 -0.281025 -0.330544 0.656876 
0.179497 -0.297141 -0.648764 -0.546875 0.325943 -0.434153 -0.255162 -0.345378 0.074207 -0.032384 -0.246084 0.590291 -0.584317 -0.273229 0.175319 0.22769 
-0.528029 0.239981 0.365587 -0.536538 -0.620037 -0.549704 -0.412133 0.392143 -0.605933 0.814644 0.515674 0.533883 0.417985 -0.553209 0.0435266 0.463516 
0.262924 0.255074 -0.251312 0.297617 -0.182509 0.395272 0.0274259 0.48307 0.099666 -0.192847 0.535743 -0.134418 0.198626 0.716005 -0.803899 -0.41959 
-0.571505 -0.749213 0.228312 0.733599 -0.459242 0.997243 -0.478006 -0.22476 0.148502 0.773157 -0.758436 -0.370856 -0.695858 -0.459864 -0.580488 -0.116027 
pop 0 layer 2
dims 4 32
-0.193528 -0.227422 0.062603 -0.315982 0.531026 0.322706 1.23609 -0.00180379 0.530081 -0.194521 0.113799 0.575364 -0.578976 0.659234 0.478488 0.340924 -0.157368 -0.354243 0.011094 -0.23391 -0.554996 -0.887004 -0.165924 -0.426825 0.171599 0.606212 -0.0574802 0.354333 0.341736 0.254637 0.318267 -0.223565 
-0.115415 -0.218774 -0.0524449 0.497956 -0.249285 0.263529 -0.0746527 -0.0858553 0.00588522 0.184872 -0.0265191 0.8378 0.131433 -0.383169 -0.245658 -0.411745 0.592826 -0.398681 -0.284917 0.15037 -0.458403 -0.0529235 0.617648 0.0809074 0.245207 0.219531 0.446309 -0.20304 0.0139034 0.0565317 0.135526 0.098688 
0.837038 -0.41353 0.0221593 -0.34562 -0.709659 -0.439814 -0.323074 -0.0308869 -0.201409 0.607506 -0.134825 -0.926702 0.621673 0.311948 0.763707 -0.154287 0.582689 0.265383 -0.588345 -0.513425 0.145255 -0.289462 -0.00116266 -0.258653 -0.109171 -0.314104 0.169407 -0.446773 0.239612 0.090585 0.373478 0.167019 
0.328311 0.330752 -0.659858 -0.247093 0.0265944 -0.202628 -0.219751 0.195059 -0.20527 0.12387 0.21009 0.282713 -0.0916686 -0.748103 -0.796757 0.001432 0.160799 -0.0721632 -0.575608 0.155437 0.476582 -0.595896 -0.892258 -0.606287 -0.0895236 -0.478938 0.0120957 -0.475307 0.229581 0.287882 -0.35876 -0.316185 
pop 1 layer 0
dims 16 5
-0.20355 -0.438022 -0.820526 0.130919 -0.217984 
0.236571 -0.0444756 -0.215103 -0.345426 0.173338 
0.558371 -0.278749 0.968925 -0.293449 -0.297909 
0.461756 -0.260661 0.128266 -0.370573 -0.710118 
0.64387 -0.00595236 0.441554 0.0607021 0.545529 
0.202743 0.387471 0.516481 0.577589 -0.536927 
-1.19343 -0.17812 -0.0311538 -0.108608 -0.223016 
0.11222 0.656346 0.337301 0.344631 0.377497 
0.134737 0.0333156 -0.469644 -0.564999 -0.226522 
-0.107014 0.027267 -0.431549 -0.172658 -0.214605 
0.868042 -0.147049 0.729171 -0.227574 -0.0206438 
-0.177675 -0.115033 -0.599783 0.391028 -0.525008 
-0.477193 -0.500461 -0.138413 0.449653 0.0063197 
0.538277 0.173887 -0.87799 -0.0681174 0.477003 
0.445108 -0.0666573 0.101127 -0.397127 -0.307636 
0.156966 0.585723 -0.550175 0.572352 0.327369 
pop 1 layer 1
dims 32 16
0.287141 0.241526 -0.664425 0.369196 -0.737144 -1.02747 0.254819 0.188069 0.626825 0.230926 0.978309 -0.126924 0.0073855 0.376109 -0.553517 -0.0305485 
-0.127255 0.228841 0.57955 -0.166151 -0.612062 0.0248888 -0.996938 -0.235748 -0.180084 0.149923 -0.693241 1.22596 -0.697536 -0.0378893 0.614628 -0.86691 
-0.471235 -0.769789 0.179357 -0.552001 0.105321 -0.101691 -0.162295 -0.0604029 -0.0362126 -0.0393886 -0.133388 -0.596985 -0.755095 0.0832665 0.180682 -0.487537 
0.65186 -0.0412589 0.298078 -0.973259 -0.294812 -0.363732 -0.494584 0.478018 0.0795857 0.361575 0.0387604 0.440771 -0.623581 -0.152121 1.00735 -0.173397 
-0.322029 0.340283 -0.738164 -0.0325342 -0.17138 0.763982 0.428732 -0.159395 -0.151985 -0.490093 -0.458802 0.471688 0.293246 0.504861 -0.492748 -0.121934 
-0.605872 0.31654 1.3273 0.12916 -0.310808 0.52874 -0.110872 -0.148966 -0.0192202 -0.113495 0.492872 -0.287787 0.160402 -0.388016 -0.0873968 0.817819 
-0.383935 0.0922429 -1.186 -0.206909 0.670048 -0.271781 -0.447432 -0.251703 0.690809 -0.119345 -0.0561947 0.721717 -0.697886 0.97698 0.177108 0.0678181 
0.399314 -0.803203 -0.387729 -0.0645495 -0.270998 0.0826491 0.0221683 -0.691144 0.00944238 -0.371321 0.343007 -0.418896 -0.0588043 0.0263588 -0.0406091 1.1408 
-0.148528 0.330263 0.388701 0.090178 -0.224036 -0.707305 0.184408 0.766652 0.0298581 0.310109 -0.851538 -0.358197 -0.811148 -0.384593 -0.429052 0.545922 
0.977612 0.293756 0.382835 0.729568 0.314115 -0.332902 -0.338705 -0.0444563 0.370604 -0.0175797 -0.465247 0.173128 -0.22842 -0.35186 0.252828 -0.726554 
-0.000544686 -1.48779 0.636608 -0.267565 0.128666 0.41637 -0.26315 -0.494707 -0.330837 -0.721339 0.145977 -0.50206 -0.199059 -0.335288 0.153399 0.534137 
0.0657663 -0.866276 -0.452699 -0.41057 0.141208 0.526938 -0.894937 0.145605 0.306282 0.134398 -0.291848 -0.324517 -0.229531 -0.399513 -0.522016 -0.0418399 
-0.022593 -0.519156 0.0141551 -0.0637642 0.716779 -0.196743 0.376288 -0.0245379 0.0237029 -0.0137325 0.702716 -0.399766 -0.565834 0.369331 0.137646 0.249084 
-0.185582 0.577052 0.153411 0.0151505 -1.03087 0.255173 1.19158 -1.07588 -0.685222 0.157733 0.0968982 -1.00267 -0.647355 -0.451191 -0.259493 0.0861136 
0.249141 0.126342 -0.296927 0.362309 -0.738859 0.139701 0.328875 0.823356 0.424172 0.236105 0.48673 0.116738 0.638715 1.10334 -0.325012 -0.438532 
0.190123 -0.617003 0.580548 -0.0323747 -0.666994 -0.431836 0.343698 -0.987489 0.259097 -0.123082 -0.231713 0.0266244 -0.259316 -0.60385 0.264878 0.0667658 
0.241574 0.340888 0.284768 0.290608 0.478985 0.258903 0.0675875 -0.238686 0.0105028 0.0315423 -0.268248 -0.325787 -0.402818 -0.179729 -0.528272 -0.174812 
-0.0112685 0.221198 -0.274915 -0.911203 -0.0587615 -0.463415 -1.18057 -0.529547 -0.228119 0.29417 -0.231777 0.481942 0.0686616 0.391439 0.614922 0.0815581 
-0.577135 0.427986 0.373093 0.149704 -0.270166 -0.390912 0.247653 -0.0160064 -0.00588522 -0.319791 0.439069 -0.0797839 0.435352 0.166482 -0.329044 -0.0455746 
-0.703919 -0.191949 0.821386 -0.604362 0.76878 0.0529856 -0.899768 0.363046 -0.495511 0.208727 -0.85112 -0.545359 0.191548 0.239712 0.81368 0.50429 
0.720575 -0.554991 -0.810644 0.0403649 -0.0797687 -0.640816 -0.63398 -0.0731266 0.927042 -0.481652 -0.388698 -0.935865 -0.210839 0.161603 -0.370085 0.196839 
0.210007 -0.165143 1.04095 -0.112244 0.0455344 0.181973 -0.807107 0.372785 -0.0460976 0.225922 -0.601137 0.637748 -0.0624579 0.437216 -0.834854 -0.359855 
-0.942187 -1.13595 -0.214165 -0.409847 0.119781 -0.23743 0.639971 0.930716 0.130267 -0.0810747 0.16715 0.185522 0.274204 0.784195 0.460803 0.484576 
-0.152492 0.868579 -0.621988 -0.0162982 -0.529066 -1.54944 -0.130384 0.162095 -0.0305938 0.577151 0.786547 0.692087 -0.420523 -0.352125 -0.231988 -0.0731875 
0.437227 -0.22978 -0.576785 -1.03407 0.313347 0.738241 -0.577284 0.729565 -0.138508 -0.0908298 -0.0657893 -0.178608 0.245228 -0.508796 0.31765 0.207233 
0.0644927 -0.728153 -0.0713027 -0.366609 -0.22396 -0.474687 -0.123208 0.310482 0.342167 0.41876 -0.350101 0.54125 -0.345715 -0.344043 -0.452588 0.809916 
0.413147 -0.645242 0.317363 -0.025924 1.06312 -0.240241 0.342367 0.346815 -0.347224 -0.314484 -0.571741 0.200917 -0.974234 -0.435201 0.304701 -1.27199 
0.0288206 1.00821 -0.128111 -0.335027 0.182294 0.115342 0.616004 -0.00406403 -0.775383 -0.461219 -0.45261 -1.33416 0.0267824 0.0812787 -0.0729108 0.799009 
0.386897 -0.457418 -0.162225 -0.401725 0.520611 -0.327526 -0.623283 -0.631719 0.541894 -0.136986 -0.0106681 0.665826 -0.387456 -0.20937 0.344534 0.170943 
-0.196976 0.175993 0.565937 -0.710403 -0.779968 -0.61457 -0.292481 0.3718 -0.673736 0.588592 0.131075 0.356493 0.592244 -0.588753 -0.297926 0.0389867 
0.087741 -0.0274601 -0.414677 0.275422 -0.605154 0.313177 -0.592947 0.309918 0.253287 -0.0749072 0.54194 -0.463653 0.198856 0.196664 -0.795072 0.0125587 
-0.757077 -0.859662 0.116655 0.804009 -0.332331 0.916241 -0.305965 0.00822811 0.234389 0.695946 -0.504113 0.107491 -0.485121 -0.510218 -0.645913 -0.132551 
pop 1 layer 2
dims 4 32
-0.238207 0.29916 0.133894 -0.329539 0.210595 0.0480916 1.22608 -0.197528 0.305491 -0.185286 0.160553 0.386306 -0.883685 0.471279 0.913371 0.349145 -0.0379385 0.100006 0.228823 -0.350622 -0.917264 -1.04917 -0.0267406 -0.501427 0.218844 0.497389 -0.171552 0.400912 0.203204 0.0923729 -0.0237126 -0.216982 
0.291532 -0.0596945 0.128385 0.0474609 -0.0968156 0.00514945 0.140899 -0.143383 0.544997 0.489743 -0.113817 0.758545 0.402349 -0.176581 -0.213549 0.102403 0.618416 0.0047481 -0.183286 0.158315 -0.416478 -0.258921 0.389159 -0.230145 0.432141 0.135119 0.558676 -0.182269 0.517982 0.483144 0.210697 0.0719417 
0.427902 -0.292738 0.257357 -0.101351 -0.575793 -0.417304 -0.740443 0.042514 -0.340132 0.575955 -0.354585 -1.1156 0.214495 -0.0456562 0.579346 -0.0099673 0.389353 -0.084967 -0.61662 -0.720967 0.0999862 -0.279832 0.100457 -0.284119 -0.264385 0.00522481 0.369997 -0.601932 -0.125434 0.543204 0.115303 0.372594 
0.175814 0.28835 -0.980425 -0.437411 0.181129 -0.300845 -0.666873 0.0857959 -0.0272288 0.0305399 -0.0902945 0.540095 0.283462 -0.400816 -0.707177 -0.303571 0.260891 -0.034908 -0.39666 0.384366 -0.0336175 -0.109523 -1.02509 -0.470568 0.231816 -0.36766 -0.166646 -0.106947 0.587853 0.74397 -0.11395 -0.42433 
pop 2 layer 0
dims 16 5
-0.236065 -0.493578 -0.54363 0.0211783 -0.0454457 
0.174754 0.0337926 -0.233239 -0.421111 0.0236842 
0.274714 -0.207601 0.688926 -0.26218 -0.257351 
0.551153 -0.20062 0.226763 -0.488647 -0.432752 
0.637322 -0.110453 0.539881 -0.125236 0.257532 
0.339946 0.363034 0.498582 0.389055 -0.519538 
-0.802185 -0.17962 -0.0508059 -0.365439 -0.195334 
0.136181 0.650883 -0.0433917 0.352752 0.22536 
-0.18527 -0.0748529 -0.268685 -0.434099 -0.141739 
-0.0788244 0.0172008 -0.599746 -0.0997118 -0.143971 
0.655586 -0.0916573 0.502588 -0.230322 -0.0612657 
-0.189369 -0.0329454 -0.661653 0.303901 -0.552605 
-0.542847 -0.186593 -0.0244671 0.277547 0.0203624 
0.449025 0.181452 -0.802809 -0.0442341 0.461052 
0.325606 -0.141108 -0.160716 -0.482839 -0.285406 
0.240836 0.403297 -0.309023 0.65413 0.320804 
pop 2 layer 1
dims 32 16
0.305151 0.347546 -0.523119 0.491924 -0.817785 -0.851866 0.0975816 0.206389 0.471866 0.173711 0.882897 -0.126515 -0.114984 0.364829 -0.563995 0.0617758 
-0.200506 0.2012 0.599907 -0.277463 -0.499097 0.141372 -1.0121 -0.168678 -0.138703 0.0260276 -0.610697 1.15116 -0.675415 0.0644205 0.618017 -0.824812 
-0.401874 -0.735639 0.167844 -0.526226 0.203806 -0.135564 -0.0656924 -0.0201953 -0.126296 -0.0948689 -0.161963 -0.522998 -0.552844 -0.0760331 0.0551783 -0.470742 
0.646918 -0.0422525 0.105793 -0.776273 -0.282677 -0.286983 -0.352486 0.440015 0.279588 0.333119 0.164191 0.400442 -0.594341 -0.0908477 0.894893 -0.0762513 
-0.129803 0.394786 -0.824525 -0.128973 -0.120503 0.568623 0.0841477 -0.0577058 -0.145982 -0.347266 -0.293804 0.286667 0.0670274 0.653146 -0.537928 -0.14004 
-0.59615 0.0253865 1.2247 -0.036927 -0.107216 0.538783 -0.1696 0.0119894 0.0113678 0.00413136 0.38578 -0.188346 0.135757 -0.538666 -0.147636 0.627957 
-0.250192 0.0626251 -1.21342 -0.115773 0.539992 -0.29177 -0.316057 -0.0767295 0.575253 -0.0549064 0.027184 0.700697 -0.70703 1.03521 0.0376144 0.0434488 
0.408973 -0.629931 -0.389826 -0.00431797 -0.375876 0.000131156 0.138736 -0.618835 0.0919897 -0.232856 0.25326 -0.412328 -0.0332377 0.094062 -0.0309755 1.02207 
-0.0799708 0.267329 0.466654 0.123123 -0.326357 -0.819505 0.112253 0.627483 0.342788 0.254301 -0.9138 -0.397064 -0.664511 -0.420217 -0.413015 0.582326 
0.980825 0.283473 0.411268 0.629053 0.181471 -0.578602 -0.342023 -0.0936677 0.298213 0.0146572 -0.339861 0.0564029 -0.18686 -0.386591 0.282495 -0.615719 
0.0669347 -1.23849 0.588866 -0.271173 0.0251757 0.469169 -0.337646 -0.480912 -0.545574 -0.758492 0.179111 -0.63046 -0.15599 -0.317036 0.281331 0.630642 
-0.0844071 -0.922576 -0.540536 -0.45751 0.107168 0.661585 -0.65753 -0.0225475 0.194666 0.171035 -0.329172 -0.291447 -0.0240163 -0.344082 -0.618516 -0.131092 
-0.0937664 -0.424657 -0.0128647 -0.0581162 0.599191 -0.088346 0.438897 0.297906 -0.188701 -0.0831365 0.392329 -0.372898 -0.409595 0.208364 0.203376 0.143988 
-0.260723 0.586103 -0.112849 0.0305996 -1.00265 0.353899 1.06317 -0.921471 -0.598356 0.20605 0.100864 -0.989006 -0.577321 -0.392853 -0.183311 0.106122 
0.270562 0.0408381 -0.275212 0.243314 -0.658356 0.188715 0.174991 0.467003 0.287792 0.207709 0.355728 0.209052 0.552749 1.06729 -0.293101 -0.311333 
0.153771 -0.65038 0.598832 -0.0929772 -0.612601 -0.346963 0.1707 -0.911834 0.220694 -0.165248 -0.217258 0.190892 -0.145722 -0.586068 0.319225 0.11448 
0.110773 0.345158 0.30626 0.15604 0.31767 0.23604 -0.0717326 -0.275304 -0.0856054 -0.0702634 -0.152996 -0.0988813 -0.552621 -0.146232 -0.354694 -0.279585 
0.102142 0.210587 -0.217616 -0.704067 -0.134845 -0.492445 -1.16795 -0.414078 -0.24177 0.36895 -0.340114 0.389732 -0.0755576 0.321232 0.4923 0.129155 
-0.42934 0.408706 0.387515 0.0534551 -0.138575 -0.445339 0.203065 -0.139873 0.057361 -0.363637 0.407959 0.0485198 0.557615 0.19866 -0.296165 0.149186 
-0.448751 -0.206931 0.77667 -0.340952 0.470249 0.0580851 -0.984812 0.289438 -0.695693 0.226707 -0.62624 -0.504379 0.325507 0.361763 0.501466 0.425058 
0.75422 -0.510892 -0.749334 -0.018023 -0.193763 -0.586958 -0.500468 0.125517 0.858304 -0.446373 -0.468996 -0.686479 -0.15167 0.120194 -0.203881 0.266469 
0.282243 -0.143419 1.00888 -0.163572 0.107986 0.282162 -0.93709 0.304662 -0.110788 0.0690464 -0.642371 0.531678 0.052962 0.164865 -0.927929 -0.382062 
-0.861166 -0.973814 -0.236546 -0.255785 0.254098 -0.318594 0.564269 0.81449 0.158822 -0.20728 0.186744 0.0569749 0.232204 0.598991 0.306895 0.442743 
0.00157025 0.667139 -0.515591 0.0580063 -0.239306 -1.50645 -0.189536 0.218617 -0.096427 0.547797 0.722827 0.57556 -0.336199 -0.45853 -0.221668 -0.0809664 
0.330014 -0.375138 -0.371592 -0.916827 0.361645 0.672308 -0.585391 0.637042 0.00805021 0.00667235 -0.0270107 -0.107668 0.257851 -0.467092 0.236638 0.221118 
-0.0277575 -0.569086 -0.0626335 -0.209991 -0.107464 -0.563594 -0.172885 0.373953 0.2111 0.571291 -0.263558 0.511399 -0.549257 -0.264152 -0.533445 0.762864 
0.18557 -0.551134 0.248633 -0.1956 0.828498 -0.385981 0.173663 0.226369 -0.221742 -0.382245 -0.383823 0.0772844 -0.922611 -0.405522 0.256386 -1.06494 
0.123743 0.874964 -0.123073 -0.336348 0.206479 -0.0371092 0.528963 -0.16709 -0.886102 -0.413559 -0.569154 -1.06712 0.0217016 0.0332781 -0.209306 0.839643 
0.25363 -0.271835 -0.29991 -0.527909 0.577473 -0.260236 -0.509285 -0.502391 0.375127 -0.0525653 0.123197 0.72106 -0.267196 -0.144785 0.189272 -0.0194426 
-0.164848 0.132833 0.332183 -0.69697 -0.60066 -0.616499 -0.410652 0.339821 -0.591902 0.661681 0.290295 0.387782 0.517502 -0.622303 -0.183052 0.085125 
0.196966 -0.104226 -0.189319 0.108525 -0.571804 0.131625 -0.558394 0.458427 0.210517 0.138016 0.390828 -0.478966 0.15166 -0.0200853 -0.608946 -0.146145 
-0.750037 -0.833804 0.128565 0.599661 -0.284924 0.746558 -0.34869 0.164298 0.200613 0.679407 -0.440905 0.096955 -0.478599 -0.477967 -0.618142 0.0488048 
pop 2 layer 2
dims 4 32
-0.705343 -0.0129641 0.024038 -0.441489 0.841598 0.433422 0.94528 0.110657 0.63214 -0.188676 -0.32568 0.79791 -0.915528 0.638718 0.602011 0.570136 0.144135 -0.353927 -0.14194 -0.300019 -0.618328 -1.00638 0.0742931 -0.483188 -0.0281534 0.422387 0.0366429 0.049624 0.319111 0.0777243 0.36522 -0.129611 
0.153913 0.000680461 0.110701 0.536614 -0.20946 -0.0732121 -0.0271876 0.0323634 0.167658 0.0467213 -0.0890722 0.818492 -0.0644537 -0.0452423 -0.285345 -0.499274 0.352474 -0.217801 -0.0966437 0.316994 -0.394729 -0.225709 0.297561 0.206043 0.0930969 0.00774773 0.183072 -0.0917228 -0.167287 0.517993 0.415711 0.250056 
0.851682 -0.20019 -0.34725 -0.464117 -0.192336 -0.30642 -0.486696 0.0432894 -0.154022 0.437853 0.0223644 -0.940523 -0.0358775 0.278268 0.709149 -0.269829 0.242817 0.0240577 -0.374033 -0.65553 0.255373 -0.0540602 -0.416835 -0.0064801 0.178274 -0.186002 0.165089 -0.258476 -0.124467 0.0838978 0.137919 0.025392 
0.328646 0.146861 -0.864539 -0.417534 0.469266 -0.386923 -0.413026 0.086487 0.0551119 -0.0768593 0.0249139 0.264227 0.18777 -0.642681 -0.719892 -0.211979 0.506897 0.00682133 -0.0907851 0.130461 0.00378705 -0.516107 -1.05009 -0.233602 -0.215771 -0.619496 -0.012721 -0.453087 0.619635 0.816101 -0.00541768 -0.784364 
pop 3 layer 0
dims 16 5
-0.0325846 -0.598177 -0.660589 0.391347 -0.0957534 
0.0959372 0.0813973 -0.0693725 -0.485042 -0.215307 
0.328363 -0.238383 0.658878 -0.273144 0.295824 
0.567197 -0.00875961 0.23611 -0.326141 -0.540745 
0.677352 0.16194 0.571622 0.277287 0.180259 
-0.0594329 0.272814 0.463016 0.300017 -0.586531 
-0.693889 -0.272987 -0.0227129 -0.188648 -0.175956 
0.102913 0.706824 0.219212 0.312962 0.368589 
-0.0137774 0.0291376 -0.4216 -0.421226 -0.478318 
0.317925 0.0921026 -0.857359 -0.240002 -0.331513 
0.34404 -0.325571 0.489016 -0.131095 -0.0321688 
-0.198108 -0.12928 -0.646256 0.274464 -0.13532 
-0.552085 -0.293243 -0.0122222 0.439138 0.0621135 
0.678403 0.144834 -0.864385 -0.137877 0.261127 
0.37429 0.270516 -0.0198818 -0.409386 -0.00475683 
0.249612 0.45411 -0.421146 0.59056 0.296597 
pop 3 layer 1
dims 32 16
-0.193474 0.477873 -0.857598 0.828258 -0.508941 -1.33112 0.0563293 -0.137316 0.410067 0.103573 0.715461 -0.0531171 0.129892 0.235042 -0.701418 -0.276465 
-0.12361 0.0836326 0.385283 0.174389 -0.410467 0.0967311 -0.437503 -0.397024 -0.489874 0.184212 -0.303709 1.16973 -0.758774 0.000196134 0.756314 -0.823432 
-0.211673 -0.734063 0.0946323 -0.173713 0.0219687 -0.217076 0.294163 0.0837498 -0.493592 0.0451882 0.00223541 -0.282108 -0.869932 0.384902 0.420422 -0.497049 
0.0739496 -0.22875 0.394496 -0.816496 -0.170108 -0.0632586 -0.628303 0.589455 0.333665 0.157819 -0.222553 -0.0473172 -0.906162 0.418533 0.932191 -0.127784 
-0.295393 0.312619 -0.724679 -0.215439 -0.230495 0.480743 0.476163 0.112138 -0.217482 -0.317488 -0.0656273 0.408776 0.15422 0.456359 -0.379523 -0.146246 
-0.59413 0.0451762 1.12938 0.222881 -0.394833 0.493119 -0.100461 -0.0534563 0.250215 -0.462639 0.953912 -0.333999 0.235871 -0.205027 -0.0779983 0.444296 
-0.341444 -0.0506643 -1.18596 -0.59902 0.926464 -0.256312 -0.27822 -0.61773 0.639058 -0.0621426 -0.0963292 0.422609 -0.90508 0.962608 0.111506 0.159 
0.519159 -0.680538 -0.0682081 0.202489 -0.26496 -0.043346 0.084545 -0.574877 -0.211448 -0.430303 0.287996 -0.345903 -0.599316 -0.194403 0.146553 0.850956 
-0.147206 0.547534 0.142017 0.394241 -0.103383 -0.364141 0.0341307 0.578347 0.241948 0.449601 -0.931337 -0.654796 -0.861784 0.0251635 -0.469285 0.926559 
0.59338 0.35662 -0.100859 0.799467 -0.0546597 -0.446211 -0.722918 -0.0275718 0.208809 0.329444 -0.201083 -0.0631474 -0.109037 -0.368932 0.377719 -0.964678 
-0.267856 -1.24507 1.07375 -0.0577797 -0.132568 0.199585 -0.200149 -0.248166 -0.11421 -0.670463 -0.0642336 -0.127152 -0.360204 -0.749275 -0.136022 0.373007 
0.123301 -0.839096 -0.552517 -0.304646 0.0607197 0.76231 -0.743276 0.435516 -0.0109339 0.24934 -0.446064 -0.469097 -0.333535 -0.278728 -0.824874 0.325481 
-0.164387 -0.571932 0.203291 -0.066763 1.04379 0.0364138 0.699159 -0.468195 -0.124654 0.153997 0.521079 0.0315706 -0.534808 0.563153 0.250573 0.586745 
-0.205311 0.344359 -0.126696 0.209109 -0.771722 0.630975 1.21814 -0.798997 -0.917101 -0.25517 0.0629753 -0.888942 -0.423581 -0.389073 0.0748674 -0.0254324 
0.0910268 0.316606 -0.347561 0.348219 -0.939194 0.449682 0.235656 0.881215 0.619509 0.355784 0.743147 0.0473101 0.448643 0.937163 -0.431981 0.036483 
-0.108266 -0.61914 0.426951 -0.0971183 -0.601204 -0.0414571 0.52194 -0.815032 0.250557 -0.279593 -0.480106 0.0158649 0.153781 -0.452146 0.163059 0.247375 
0.353312 0.174538 0.123127 -0.0638406 0.568035 0.0247579 -0.12207 -0.115077 -0.293444 0.120419 0.0522985 -0.595517 -0.27543 0.0640069 -0.362039 -0.234062 
0.195207 0.186705 -0.501037 -1.2804 -0.128491 -0.0815816 -0.881015 -0.542307 -0.133059 0.24813 -0.433337 0.730145 0.0392581 0.24205 0.531337 -0.15428 
-0.567256 0.281468 0.398744 0.23745 -0.0242757 -0.497811 0.577812 -0.397087 -0.130541 -0.526435 0.652441 -0.0223243 0.00638191 0.223666 -0.521742 0.267063 
0.000486658 -0.301876 0.812902 -0.800677 0.878564 0.0736714 -0.609925 0.213402 -0.220601 0.145363 -0.966097 -0.328771 0.345873 0.139254 0.773421 0.500862 
0.456727 -0.458 -0.735376 -0.151993 -0.0418954 -0.624136 -0.559935 0.119056 0.349399 -0.323325 -0.344091 -1.11849 -0.656131 0.078992 -0.346947 0.393374 
0.0929209 0.0411927 1.03554 0.111681 -0.183933 0.076046 -0.522557 0.563845 -0.121948 0.45922 -0.761411 0.70428 0.244804 0.398703 -0.683537 -0.158449 
-1.39568 -1.25452 0.0529586 -0.425614 0.420338 -0.208321 0.463268 0.964139 -0.234447 -0.325679 -0.293396 -0.114591 0.15525 0.735942 0.140043 0.346947 
-0.298201 0.700141 -1.00453 0.185238 -0.975553 -1.5143 -0.181519 -0.178956 0.0217495 0.155003 0.726567 0.28221 -0.64799 0.0321303 -0.253619 0.296645 
0.221982 -0.00614773 -0.552901 -0.834983 0.384582 1.07339 -0.378964 0.87505 0.105736 -0.156903 -0.177042 -0.0400241 0.0466114 -0.418974 0.577977 0.20258 
0.219948 -1.0439 0.0987157 -0.640816 -0.568179 -0.524089 0.0683766 0.538358 0.889855 0.316075 -0.649288 0.375402 0.157938 -0.338569 -0.459658 0.828748 
0.421308 -0.524249 0.0961976 0.0271747 0.989133 -0.0862185 0.300833 0.413329 -0.529114 0.0235647 -0.706335 0.129752 -0.804338 0.00960786 -0.130318 -0.888992 
0.121947 0.808167 -0.144682 -0.112168 0.211896 0.585168 0.294494 0.149345 -0.808634 -0.359515 -0.528249 -1.52303 0.668609 -0.122318 -0.281838 0.689219 
0.223567 -0.419974 -0.485158 -0.408323 0.29674 -0.550143 -0.351398 -0.266263 -0.115585 -0.331856 -0.134871 0.618618 -0.71569 -0.198641 -0.027987 0.265144 
-0.668837 -0.0883216 0.416417 -0.663534 -0.634004 -0.526576 -0.300608 0.374952 -0.667067 0.621809 0.382219 0.739492 0.572841 -0.330638 -0.00740328 0.407316 
0.0628721 0.282425 -0.0759035 0.277168 -0.342028 0.44889 -0.0196015 0.338458 0.276543 -0.332036 0.366452 -0.14035 0.345412 0.625076 -1.02891 -0.423665 
-0.356412 -0.621019 -0.0207463 0.876876 -0.333337 1.09794 -0.308194 -0.189542 0.031112 0.790618 -0.870742 -0.390673 -0.857359 -0.382265 -0.21083 -0.1995 
pop 3 layer 2
dims 4 32
-0.0358957 0.00211303 0.0224399 -0.370507 0.351163 0.175251 1.04276 0.0800397 0.46093 -0.290052 -0.025309 0.813029 -0.585262 0.393211 0.6064 0.221613 -0.157998 -0.128946 0.230341 -0.208899 -0.342331 -0.572788 0.01695 -0.549571 0.21103 0.461637 -0.0782923 0.309469 0.247978 0.31894 0.481138 -0.192268 
-0.0177166 -0.0679658 -0.0188375 0.624065 -0.249208 0.193515 -0.148725 -0.215824 0.050951 0.366042 -0.0336006 0.779749 0.0720077 -0.230115 -0.134223 -0.271719 0.404709 -0.214003 -0.110143 0.308277 -0.56249 -0.302052 0.665615 -0.148548 0.377889 0.0523242 0.250359 -0.335713 0.205327 0.0655771 0.343587 0.0702062 
0.830004 -0.272542 0.0225444 -0.460319 -0.559873 -0.531626 -0.416101 0.0403626 -0.123801 0.558178 0.0156975 -1.13724 0.541414 0.423838 0.779114 -0.155795 0.820619 0.472979 -0.579933 -0.627399 0.253155 -0.35694 -0.120223 -0.105154 -0.217761 -0.0275342 -0.0142141 -0.395394 0.212619 0.0429323 0.488875 0.177743 
0.30065 0.333573 -0.68377 -0.449739 0.0225362 -0.0150683 -0.0197896 0.182334 -0.0466534 0.164686 0.180729 0.373602 0.132159 -0.87927 -0.811801 0.101376 0.303349 -0.188424 -0.551328 0.238315 0.43073 -0.387717 -0.955682 -0.408244 -0.115323 -0.55704 0.0315295 -0.535905 0.357657 0.372596 -0.427752 -0.332131 
pop 4 layer 0
dims 16 5
-0.111745 -0.326911 -0.637624 0.321433 -0.148306 
0.186188 -0.0295945 -0.164503 -0.457832 -0.0175291 
0.516172 -0.193603 0.953557 -0.342161 -0.222506 
0.572485 -0.0672458 0.225457 -0.375153 -0.599557 
0.538051 -0.220437 0.57025 0.12653 0.373366 
0.0863953 0.28895 0.340963 0.390308 -0.713559 
-1.07274 -0.204702 0.151762 -0.206227 -0.307649 
0.104546 0.68617 0.285379 0.437906 0.234717 
-0.162032 0.0333683 -0.574173 -0.367401 -0.298265 
-0.0881899 0.0574465 -0.691223 0.00586015 -0.178968 
0.761763 -0.489895 0.588885 -0.189673 0.141962 
-0.254266 -0.112453 -0.499102 0.267294 -0.340547 
-0.574543 -0.333248 0.197203 0.605375 0.0545042 
0.731832 0.237411 -0.795704 0.0943546 0.462564 
0.36676 0.132609 0.252557 -0.448575 -0.184626 
0.21588 0.614038 -0.448767 0.342503 0.400122 
pop 4 layer 1
dims 32 16
-0.0253924 0.63123 -0.922283 0.61574 -0.45123 -1.29548 0.145776 0.0202694 0.52345 0.155674 0.913416 -0.0283644 0.149234 0.386521 -0.814042 -0.13737 
-0.0616249 0.53886 0.640362 -0.11189 -0.60437 -0.0210965 -0.712948 -0.324954 -0.770929 0.224629 -0.572216 1.29136 -0.768036 0.080646 0.905163 -0.863658 
-0.394818 -1.28954 0.244933 -0.269796 0.192389 -0.170979 0.163302 0.296036 -0.481831 0.0139497 0.0610744 -0.541212 -0.900579 0.411428 0.33598 -0.561149 
0.215405 -0.0500836 0.427508 -1.07158 -0.336965 -0.442861 -0.707329 0.646573 0.137161 0.396653 -0.0331113 0.224411 -0.974655 0.30015 1.05099 0.0278455 
-0.548441 0.176468 -0.849572 -0.356688 -0.0713247 0.709191 0.756382 0.0512654 -0.110648 -0.0869209 -0.401615 0.504562 0.329747 0.742225 -0.412389 -0.0651396 
-0.565959 0.374929 1.34094 0.205517 -0.323399 0.596714 -0.0233959 0.033339 0.427081 -0.307709 0.875978 -0.457388 0.31231 -0.236923 -0.116666 0.604698 
-0.303334 0.0385437 -1.4252 -0.432071 0.954061 -0.447459 -0.401842 -0.552931 0.729511 -0.154717 -0.0373928 0.747301 -1.08588 1.03599 0.286132 0.155924 
0.635873 -0.7225 -0.144943 0.370034 -0.359299 -0.0483919 0.165583 -0.629362 -0.323666 -0.475935 0.266922 -0.56314 -0.491275 0.0198015 0.152797 1.21066 
-0.207849 0.353799 0.532244 0.319768 0.114389 -0.498115 0.220818 0.930254 0.153303 0.244912 -1.08391 -0.599319 -1.28993 -0.361787 -0.636632 0.913175 
0.914482 0.261198 0.0986842 1.03104 0.111599 -0.543801 -0.818953 -0.0534376 0.455962 0.191944 -0.318614 0.160599 -0.342077 -0.409535 0.570713 -0.980447 
-0.0429315 -1.58607 1.31231 -0.179325 0.00749934 0.308858 -0.145504 -0.257154 -0.239696 -0.985719 -0.0418915 -0.228635 -0.39921 -0.74825 -0.0151343 0.453113 
-0.1801 -1.18993 -0.621991 -0.59965 0.0986461 0.710707 -1.02437 0.443659 0.129108 0.0777096 -0.731463 -0.314955 -0.491537 -0.489359 -0.836821 0.395088 
-0.0111644 -0.554916 0.0886619 -0.279561 1.33636 -0.0106045 0.58951 -0.466599 0.0591769 0.142697 0.576553 -0.266395 -0.470277 0.545936 0.0816983 0.345919 
-0.32975 0.521463 0.104771 -0.00385885 -1.00767 0.648166 1.26458 -1.1809 -0.811441 0.0735169 0.0771067 -1.21513 -0.729788 -0.358267 -0.0102763 -0.105341 
0.355451 0.163971 -0.259983 0.346947 -1.18302 0.295215 0.300962 0.976697 0.627315 0.442815 0.829407 -0.26122 0.617598 1.13254 -0.52032 -0.0480628 
-0.00723051 -0.677317 0.582123 0.00691919 -0.840876 -0.0221163 0.663436 -1.14234 0.0315275 -0.289821 -0.534039 -0.36803 -0.142493 -0.546096 0.134149 0.290708 
0.343695 0.280849 -0.0028722 0.0973489 0.701956 -0.0634696 -0.153764 -0.193516 -0.370204 0.00226386 -0.172855 -0.736125 -0.0690514 -0.147011 -0.462841 -0.137927 
0.184735 0.345469 -0.809152 -1.55832 -0.0429291 -0.240862 -0.823552 -0.479319 -0.212736 0.661011 -0.477941 0.694379 0.119916 0.483137 0.623159 -0.14214 
-0.954656 0.434142 0.47949 0.290015 -0.218263 -0.407397 0.514952 -0.283991 -0.138884 -0.386999 0.614901 0.192337 0.255799 0.191397 -0.473354 0.126092 
-0.378336 -0.280594 1.09629 -0.830266 0.92349 0.130494 -1.07307 0.352358 -0.596639 0.208751 -1.18376 -0.442557 0.330654 0.189537 0.801998 0.681358 
0.782206 -0.581984 -0.68844 -0.156673 -0.189867 -0.753419 -0.649322 0.122191 0.717801 -0.550259 -0.425716 -1.02294 -0.676466 -0.0213341 -0.381795 0.103238 
0.0828064 -0.101138 1.26295 0.216512 -0.242625 0.330815 -1.00548 0.886323 -0.0992241 0.311896 -0.805194 0.804864 0.00215802 0.328032 -0.98559 -0.344475 
-1.35629 -1.326 -0.0900412 -0.401217 0.362985 -0.214877 0.813746 1.1413 -0.255921 -0.153265 -0.0715936 -0.0728415 0.102333 0.695504 0.25641 0.405534 
-0.333584 0.958795 -1.00286 0.078046 -0.949343 -1.69739 -0.154901 -0.0393572 -0.0639859 0.455392 0.741852 0.526663 -0.80275 -0.24288 -0.247548 0.24139 
0.0674214 -0.154171 -0.551843 -1.01944 0.288411 0.987559 -0.500228 1.1945 0.0158106 0.127031 -0.0792691 -0.12997 -0.0784179 -0.284501 0.497455 0.145784 
0.505688 -1.00776 0.0845225 -0.48674 -0.525195 -0.733245 -0.173221 0.507395 1.02403 0.33247 -0.811375 0.495581 0.0433009 -0.447462 -0.637929 0.921825 
0.726525 -0.769246 0.142706 0.0670686 1.31658 -0.164929 0.274544 0.627274 -0.514098 -0.405631 -0.684888 0.294618 -0.848937 -0.0149593 0.208526 -1.12844 
0.16192 1.3033 -0.093566 -0.102777 0.321065 0.514908 0.739087 0.317715 -1.16977 -0.390146 -0.539524 -1.68094 0.374523 -0.291214 -0.321099 0.828021 
0.500253 -0.305864 -0.537284 -0.652136 0.32362 -0.529388 -0.410164 -0.518097 0.131989 -0.304246 -0.100945 0.858045 -0.729351 -0.19177 0.367418 0.196217 
-0.825497 0.182997 0.447435 -0.870621 -0.599619 -0.734958 -0.214127 0.576115 -0.832945 0.78763 0.574618 0.66517 0.643373 -0.414752 -0.0968233 0.28096 
0.0325745 0.250229 -0.229792 0.486325 -0.482601 0.64228 -0.198267 0.408441 0.175972 -0.191189 0.524606 -0.249813 0.365559 0.735023 -1.13437 -0.432406 
-0.536516 -0.854565 0.0499465 1.00939 -0.337321 1.13084 -0.547332 -0.176109 0.140851 0.950399 -0.772559 -0.185717 -0.91661 -0.646045 -0.613561 -0.219882 
pop 4 layer 2
dims 4 32
-0.339459 -0.00229934 0.124266 -0.398282 0.56192 0.210865 1.34683 -0.0686561 0.861025 -0.257739 0.0411211 0.952751 -0.94319 0.736992 0.900043 0.506831 0.131064 -0.537769 0.20283 -0.460657 -0.973915 -0.96552 0.072103 -0.747821 0.0604958 0.708992 -0.137612 0.356809 0.293159 0.366973 0.310212 -0.219336 
-0.19591 -0.215496 -0.00554765 0.584877 0.0463953 0.0902051 -0.0839021 -0.0799224 0.184857 0.383262 -0.0443323 1.03463 0.167484 -0.122303 -0.161674 -0.258372 0.523309 -0.193809 -0.192592 0.348195 -0.670792 -0.26116 0.559573 0.0160029 0.439685 0.308115 0.471357 -0.166031 0.105386 0.348635 0.470316 0.0892067 
1.01235 -0.492413 -0.119839 -0.544288 -0.611838 -0.597977 -0.638924 -0.166868 -0.297072 0.764923 -0.275411 -1.3012 0.292142 0.0797326 0.826052 -0.282345 0.550344 0.269599 -0.767607 -0.81861 0.392601 -0.141649 -0.271708 -0.121475 0.0661424 -0.0855644 0.32904 -0.487297 0.0248309 0.1634 0.401407 0.188384 
0.0803896 0.415141 -1.03609 -0.837465 0.508258 -0.216781 -0.226291 0.216569 0.0246639 0.109616 -0.230597 0.568991 0.167562 -0.910345 -1.00489 -0.263754 0.214264 -0.207154 -0.358894 0.143851 0.253364 -0.488253 -1.10598 -0.584291 -0.121525 -0.575966 0.122197 -0.655321 0.568318 0.30959 -0.25501 -0.801721 
pop 5 layer 0
dims 16 5
-0.136855 -0.367307 -0.571216 0.24291 -0.098401 
-0.100254 -0.0119376 -0.190426 -0.323999 -0.0161532 
0.574381 -0.371676 0.801645 -0.364387 -0.0599272 
0.33915 0.0531242 0.392672 -0.230476 -0.391809 
0.63179 -0.143084 0.508519 0.350633 0.431144 
0.0346994 0.348781 0.319565 0.333081 -0.502176 
-0.740226 0.109067 0.390588 -0.145824 -0.233018 
0.0619052 0.680467 0.50995 0.247649 0.237162 
-0.0492359 0.095925 -0.707913 -0.378385 -0.296883 
-0.223154 0.174765 -0.685941 -0.101744 -0.283473 
0.290939 -0.289307 0.363717 -0.147816 -0.0957726 
-0.328276 -0.113859 -0.448883 0.342294 -0.254247 
-0.680684 -0.0803959 0.096162 0.258194 0.200101 
0.518138 0.165847 -0.372888 -0.0339705 0.302374 
0.328078 0.161574 0.0854715 -0.109471 -0.106803 
0.118177 0.326971 -0.356568 0.286485 0.108326 
pop 5 layer 1
dims 32 16
0.132901 0.344774 -0.561655 0.396461 -0.152854 -1.03034 0.166993 -0.0330099 0.492976 -0.0906607 0.857702 -0.11733 0.0104054 0.474453 -0.697433 -0.170037 
-0.195784 0.523521 0.602996 -0.122193 -0.480093 0.219505 -0.352266 -0.0204373 -0.423476 0.0761633 -0.0861911 1.06572 -0.62615 0.0740904 0.5845 -0.694628 
-0.291745 -1.02809 0.19595 -0.196934 -0.175342 0.0735601 0.0509464 0.210753 -0.0630504 0.19238 -0.122463 -0.319326 -0.492551 0.355644 0.312497 -0.281901 
0.192543 -0.107244 0.0739984 -0.880477 -0.296846 -0.333361 -0.407686 0.336159 0.152636 0.206212 -0.0315329 -0.140761 -0.78301 0.168563 0.633433 -0.0664372 
-0.658837 -0.124976 -0.710166 -0.292571 -0.291826 0.164624 0.565278 0.216906 -0.0324089 -0.0936577 -0.532028 0.717632 0.209023 0.448485 -0.320428 -0.13434 
-0.252086 0.155805 1.13725 0.214832 -0.0362651 0.232876 -0.127822 -0.191386 0.392877 -0.31265 0.507217 -0.386851 0.41 -0.0969085 -0.270288 0.429941 
0.0029901 -0.0270299 -1.15226 -0.585474 0.647017 -0.375537 -0.155448 -0.523253 0.594359 -0.198285 -0.0647048 0.67243 -0.987187 0.529583 0.339644 -0.247107 
0.459429 -0.30874 -0.499795 0.335764 -0.32478 0.0884658 0.0781466 -0.346443 -0.443134 -0.566165 0.267251 -0.330849 -0.520383 -0.106162 0.223932 0.607709 
0.0138271 0.467344 0.268326 0.0213214 -0.0973717 -0.271351 -0.0306678 0.447924 0.11595 0.280865 -0.735898 -0.510074 -0.908818 -0.051831 -0.273271 0.64399 
0.334875 0.557608 0.317358 0.732045 0.0378417 -0.558438 -0.90425 -0.0446428 0.377334 -0.00918305 -0.299067 0.100196 -0.0257913 -0.451435 0.527401 -0.588463 
0.0294311 -1.04508 0.945043 -0.0952399 0.350265 0.228257 0.200914 -0.174402 0.0265337 -0.654459 -0.0526242 -0.0464296 -0.355417 -0.810793 -0.155355 0.33043 
-0.455315 -0.670466 -0.395964 -0.267016 0.244629 0.522918 -1.01835 0.319263 0.353076 -0.0463295 -0.224271 -0.173655 -0.537595 -0.515605 -0.784292 0.353227 
-0.0291592 -0.147068 0.06532 -0.289371 1.02783 -0.0410116 0.532733 -0.264194 0.0652974 0.338344 0.367595 -0.19885 -0.322832 0.58851 -0.131461 0.538293 
-0.371855 0.115923 0.11021 -0.0524336 -0.833811 0.618029 0.766344 -0.568548 -0.496175 -0.018555 0.0339475 -0.846584 -0.627278 -0.398705 0.0263438 0.107349 
0.253819 -0.0257465 -0.169802 0.272599 -0.684879 0.340212 0.206973 0.821503 0.427658 0.434257 0.851204 0.171514 0.331026 0.925123 -0.358145 -0.199881 
-0.177621 -0.427226 0.175703 -0.15863 -0.735867 0.0723727 0.584389 -0.98593 0.0458523 0.0323514 -0.191001 -0.316298 -0.269476 -0.630117 0.148473 0.207033 
0.280791 0.0765974 -0.212359 0.266979 0.586528 0.174555 -0.277276 -0.305299 -0.3306 0.0350226 0.128991 -0.683831 -0.0512731 -0.192583 -0.287976 0.116908 
0.315305 -0.0231143 -0.671341 -0.85253 0.109937 -0.046601 -0.560848 -0.248372 -0.300092 0.513256 -0.306633 0.534181 0.0713185 -0.0181826 0.508198 -0.150705 
-0.724751 0.261503 0.348808 0.251212 -0.334653 -0.0719275 0.414746 -0.31279 -0.132749 -0.47376 0.24373 -0.0273969 0.0737591 0.305441 -0.461559 0.180821 
-0.130031 -0.278012 1.08702 -0.59036 0.34454 0.157581 -0.761856 0.421209 -0.337196 0.315604 -0.873418 -0.207455 0.680838 -0.170461 0.522428 0.363901 
0.64611 -0.572735 -0.46001 -0.199675 -0.245632 -0.318084 -0.403479 0.0823577 0.670396 -0.404869 -0.204936 -0.505379 -0.706938 -0.0711806 -0.627401 0.0274618 
-0.125163 -0.0652821 0.872358 -0.00647484 -0.0845998 0.477921 -0.611626 0.926569 -0.289892 -0.22341 -0.631299 0.354212 0.169381 0.0995747 -0.554976 -0.346573 
-0.920015 -0.871362 -0.272787 -0.126491 0.207563 -0.353965 0.545617 0.807193 -0.171082 -0.0584959 -0.206418 -0.0993 0.288619 0.60184 0.211433 0.349972 
-0.320994 0.877649 -0.615186 -0.145395 -1.00417 -1.2614 0.0788024 -0.177722 -0.0607205 0.566789 0.727485 0.153011 -0.803189 -0.288697 -0.245374 -0.0390983 
-0.583737 -0.232658 -0.370043 -0.51683 0.104375 0.610976 -0.081037 0.961422 -0.112572 0.214587 0.00907156 -0.0964831 -0.0427576 0.090288 0.418425 -0.0258036 
0.438143 -0.506505 0.19829 -0.491667 -0.330602 -0.742261 -0.207441 0.40844 0.768064 0.312095 -0.764122 0.290491 0.0778734 -0.168112 -0.720922 0.781706 
0.812354 -0.62485 0.123039 -0.177937 1.02889 -0.14238 -0.0949723 0.366204 -0.324631 -0.363252 -0.653619 0.437279 -0.752036 0.180017 0.0171426 -0.792137 
-0.207774 1.00163 -0.0494402 -0.0418537 0.221834 0.287949 0.86853 0.317611 -0.862293 -0.282645 -0.450646 -1.47925 0.429166 -0.142491 -0.2155 0.563026 
0.140807 0.113964 -0.375235 -0.32637 0.541432 -0.253872 -0.188449 -0.543643 0.0530778 -0.104379 0.0368828 0.345093 -0.99332 -0.132884 0.509194 0.115932 
-0.185788 -0.0850072 0.294831 -0.662049 -0.619323 -0.55177 -0.201111 0.530488 -0.660322 0.448003 0.495014 0.586117 0.442603 -0.348529 -0.38615 0.276693 
-0.0366618 0.141033 -0.19252 0.270997 -0.337996 0.586815 -0.147315 0.389079 0.303067 0.0347037 0.473382 -0.394584 0.642675 0.347501 -0.615236 -0.345559 
-0.391304 -0.586904 0.21204 0.859123 -0.26592 0.946897 -0.283881 -0.12225 0.0955429 0.687671 -0.546219 -0.062951 -0.756697 -0.48253 -0.155047 -0.291384 
pop 5 layer 2
dims 4 32
-0.133329 0.0361201 -0.0489101 -0.500632 0.299499 0.322497 1.03364 0.0815956 0.705492 -0.110433 -0.0491764 0.7924 -0.495891 0.443021 0.449546 0.20826 -0.0488473 -0.194233 0.181427 -0.151445 -0.431766 -0.490578 0.136847 -0.611639 0.0356978 0.433199 0.0419521 0.361776 0.122862 0.317226 0.378831 -0.232129 
-0.0455425 -0.0337741 0.0788227 0.540249 -0.243538 0.199654 -0.158873 -0.398189 -0.0101551 0.321919 0.0785162 0.807743 0.0390545 -0.153472 -0.0860036 -0.197311 0.0990685 -0.158398 -0.0679922 0.21737 -0.507203 -0.209002 0.867798 -0.167297 0.449774 0.339113 0.167381 -0.376542 0.109681 -0.0128156 0.263628 0.156542 
0.711715 -0.198848 -0.0175217 -0.521141 -0.501769 -0.381324 -0.438859 -0.0406538 -0.162616 0.442553 0.116627 -0.915721 0.348071 0.414044 0.86581 -0.282171 0.868202 0.292445 -0.566892 -0.594437 0.238062 -0.250892 -0.0221385 -0.213688 -0.264827 0.158009 -0.0245599 -0.429202 0.293503 -0.0784756 0.365114 0.0334773 
0.411161 0.0978737 -0.538617 -0.43489 -0.021588 0.0645933 0.167937 0.0205214 -0.164134 0.187982 0.060205 0.242068 0.240673 -0.695022 -0.676133 -0.074574 0.300691 -0.167516 -0.467248 0.188531 0.431633 -0.306927 -0.81043 -0.341904 -0.0770984 -0.316607 0.0796289 -0.509617 0.318438 0.196743 -0.478976 -0.212513 
pop 6 layer 0
dims 16 5
-0.103569 -0.512961 -0.748011 0.590618 -0.159761 
0.064283 0.0202687 -0.100612 -0.619326 -0.24328 
0.405696 -0.20321 0.863106 -0.328704 0.159118 
0.552847 -0.13438 -0.00555187 -0.278308 -0.579936 
0.62167 0.0474677 0.547216 0.16753 0.434681 
-0.0429597 0.139856 0.31007 0.347024 -0.596948 
-0.857146 -0.213887 0.0264828 -0.181135 -0.17336 
0.081766 0.726319 0.337182 0.399214 0.210086 
-0.126421 0.0198856 -0.592169 -0.549382 -0.395033 
0.124601 0.116108 -0.806185 -0.228941 -0.189845 
0.4265 -0.471713 0.544752 -0.0885686 0.0585715 
-0.309744 -0.0483649 -0.538197 0.338688 -0.1752 
-0.632251 -0.309822 0.231055 0.520056 0.140721 
0.644333 0.193554 -0.781938 -0.0283571 0.410747 
0.320932 0.19395 -0.0656013 -0.422793 -0.110637 
0.261783 0.572411 -0.538377 0.575164 0.242099 
pop 6 layer 1
dims 32 16
-0.141491 0.52159 -0.888446 0.775367 -0.638008 -1.43009 0.153386 -0.0461815 0.516395 0.156061 0.759273 0.0733672 0.264118 0.256517 -0.944296 -0.233167 
-0.041377 0.267854 0.454287 -0.0777847 -0.407525 0.0070502 -0.620953 -0.407101 -0.647069 0.15018 -0.254647 1.25782 -0.725402 0.0864534 0.913283 -0.848838 
-0.359599 -1.02436 0.197765 -0.243412 0.100095 -0.209764 0.281167 0.0665176 -0.512792 0.0457343 0.0605501 -0.489209 -0.923004 0.478644 0.584792 -0.63658 
0.0362235 -0.0589753 0.348661 -1.00237 -0.177879 -0.341374 -0.763708 0.676558 0.288786 0.242506 -0.157687 0.0663153 -1.00649 0.311347 0.998714 -0.0198658 
-0.471428 0.169753 -0.725729 -0.135217 -0.167142 0.531457 0.750963 0.0709073 -0.11302 -0.270299 -0.289327 0.423533 0.289059 0.565581 -0.358928 -0.0700094 
-0.53423 0.141928 1.18082 0.196598 -0.440793 0.476364 -0.223586 -0.0176675 0.296524 -0.274038 1.06284 -0.555889 0.367303 -0.221075 -0.142631 0.601375 
-0.392607 -0.116775 -1.12742 -0.544915 0.864903 -0.425745 -0.378406 -0.550592 0.661198 -0.174828 -0.126322 0.623803 -0.884278 0.960061 0.157525 0.214522 
0.670929 -0.638308 -0.107445 0.189109 -0.108816 -0.135183 0.113155 -0.667789 -0.333206 -0.553724 0.308604 -0.378664 -0.680286 -0.102363 0.0769122 1.0381 
-0.203921 0.501074 0.279719 0.424873 -0.0688736 -0.527238 -0.00620361 0.756663 0.200934 0.374689 -1.01194 -0.665129 -1.05304 -0.132517 -0.517496 0.869724 
0.704248 0.26005 -0.0238442 0.863862 -0.0471129 -0.618176 -0.861371 -0.101127 0.236585 0.118782 -0.256799 0.12094 -0.212151 -0.314747 0.46053 -0.921464 
-0.0757425 -1.38845 1.1288 0.00740453 0.0611338 0.336304 -0.100401 -0.185766 -0.243963 -0.872962 -0.103398 -0.154037 -0.356704 -0.747043 -0.111856 0.368816 
0.031355 -1.05867 -0.629306 -0.346472 0.0561192 0.604218 -0.810514 0.395165 0.033649 0.00765777 -0.550951 -0.291281 -0.457055 -0.368489 -0.818652 0.285405 
-0.0527148 -0.652183 0.243932 -0.336848 1.22992 -0.00736786 0.641045 -0.548435 0.0326017 0.210743 0.463092 -0.0934424 -0.492905 0.556264 0.192254 0.557184 
-0.408826 0.344123 0.126186 0.136378 -0.983829 0.578371 1.33831 -0.879899 -0.944115 -0.0170198 0.142588 -1.06052 -0.483451 -0.314881 0.0804157 -0.0413096 
0.189756 0.210261 -0.290546 0.382156 -1.08414 0.395291 0.33077 1.02107 0.652498 0.255659 0.94361 -0.19484 0.539449 1.14753 -0.412218 -0.176793 
-0.118153 -0.743652 0.45722 -0.00562727 -0.611758 -0.0722224 0.510388 -1.00813 0.0953729 -0.427175 -0.460128 -0.177711 -0.0102546 -0.445577 0.125639 0.265741 
0.336343 0.395954 -0.052598 -0.00789528 0.550501 -0.148608 -0.00122944 -0.0926232 -0.120257 0.0594578 -0.118993 -0.676354 -0.110977 -0.0853009 -0.495081 -0.0657268 
0.35707 0.358165 -0.665221 -1.43212 -0.0803362 -0.0432167 -0.662473 -0.555796 -0.150034 0.421691 -0.354954 0.632524 0.157523 0.3808 0.620892 -0.15163 
-0.843604 0.247443 0.41088 0.261573 -0.00817613 -0.571634 0.5975 -0.244698 -0.0766455 -0.568794 0.606678 0.0622068 0.0781129 0.0771758 -0.554 0.278978 
-0.212825 -0.354698 0.937556 -0.699111 0.991622 -0.00717104 -0.730335 0.199144 -0.318179 0.285615 -0.952653 -0.435544 0.280484 0.197299 0.79603 0.718199 
0.627049 -0.498728 -0.55913 0.00742192 -0.143336 -0.579681 -0.811073 0.183658 0.542728 -0.509682 -0.360263 -1.16054 -0.767325 0.118782 -0.471371 0.212001 
0.10718 -0.0941202 1.06674 0.0370015 -0.171051 0.197759 -0.831404 0.636321 -0.214363 0.415421 -0.90394 0.731369 0.162584 0.349226 -0.921384 -0.324293 
-1.40385 -1.21609 -0.126291 -0.508843 0.411371 -0.367398 0.650543 1.09398 -0.121968 -0.286514 -0.137733 -0.170234 0.0916418 0.761171 0.182575 0.477916 
-0.315404 0.764091 -0.947298 0.203787 -0.969881 -1.61821 -0.186521 -0.214957 0.167992 0.104193 0.725754 0.542243 -0.660477 -0.135536 -0.458264 0.192535 
0.0275452 -0.12215 -0.562701 -0.886599 0.37782 1.01598 -0.54285 1.17273 -0.0417931 0.164331 -0.0961741 -0.148733 0.0840979 -0.15622 0.585921 0.219495 
0.392911 -0.962313 0.0669215 -0.48954 -0.529271 -0.635836 0.0452415 0.414519 0.990468 0.386769 -0.7703 0.299004 0.0668484 -0.435033 -0.472789 0.871591 
0.613874 -0.657551 0.0999044 0.0845934 1.29307 -0.167405 0.377567 0.433809 -0.601697 -0.231526 -0.598367 0.201666 -0.907306 0.0150087 0.173838 -0.998932 
0.0481188 0.913071 -0.1461 -0.180925 0.210186 0.489274 0.362541 0.253273 -1.20779 -0.347532 -0.455153 -1.56674 0.394255 -0.296766 -0.369225 0.697887 
0.359108 -0.56334 -0.638967 -0.409472 0.273201 -0.434939 -0.373452 -0.343393 0.0326773 -0.203621 -0.260813 0.634306 -0.7412 -0.204832 0.10624 0.126622 
-0.716893 0.0116259 0.36889 -0.800148 -0.587672 -0.637111 -0.308271 0.513591 -0.686834 0.785853 0.529058 0.716053 0.62788 -0.46687 0.0855622 0.322995 
0.170251 0.218427 -0.168818 0.396329 -0.459466 0.488746 -0.0724998 0.494142 0.240649 -0.300348 0.523536 -0.347966 0.315932 0.677151 -1.03496 -0.393989 
-0.544332 -0.70532 0.0788311 0.783684 -0.323066 1.0926 -0.527454 -0.137431 0.0963358 0.915097 -0.891616 -0.395862 -0.887786 -0.467752 -0.493142 -0.261625 
pop 6 layer 2
dims 4 32
-0.216306 -0.00659193 -0.0623882 -0.235046 0.573975 0.362547 1.27608 -0.0993633 0.568332 -0.280125 0.0590495 0.717805 -0.696086 0.547109 0.519024 0.377051 -0.0546359 -0.348631 0.0808529 -0.284173 -0.646098 -1.02245 -0.0869227 -0.673673 0.169599 0.673462 0.0178462 0.229038 0.270348 0.28831 0.357439 -0.290788 
-0.041556 -0.288059 -0.0878969 0.599833 -0.210233 0.243136 -0.212815 -0.241854 0.148361 0.243067 0.0684956 0.910637 0.174172 -0.216839 -0.247608 -0.236421 0.548342 -0.298923 -0.167138 0.240135 -0.675069 -0.15218 0.705143 -0.110393 0.338783 0.2073 0.30125 -0.231613 0.0868861 0.10344 0.27028 0.0111753 
0.945025 -0.44362 0.0170325 -0.290928 -0.619616 -0.544793 -0.513646 -0.0721603 -0.279143 0.720503 -0.153529 -1.15944 0.603819 0.385877 0.871624 -0.125815 0.702796 0.415005 -0.614477 -0.634475 0.183422 -0.25741 -0.14189 -0.0718782 -0.125417 -0.187398 0.0599352 -0.405709 0.0976816 -0.0141947 0.405129 0.106779 
0.166035 0.489068 -0.788527 -0.447507 0.0969656 -0.0958093 -0.0548724 0.113774 -0.0799561 -0.0981333 0.0652846 0.352458 0.0169889 -0.842268 -0.85057 0.00713157 0.337567 -0.0550563 -0.460209 0.328194 0.416184 -0.509408 -1.05018 -0.518147 -0.184753 -0.554607 0.146861 -0.55529 0.23748 0.393457 -0.285665 -0.511136 
pop 7 layer 0
dims 16 5
-0.0618372 -0.402096 -0.69527 0.144894 -0.185434 
-0.0244832 -0.179398 -0.110077 -0.474624 -0.0356536 
0.472452 -0.0464816 0.82623 -0.256125 -0.195784 
0.134979 -0.249547 0.192595 -0.0950069 -0.574676 
0.804141 -0.363651 0.599797 -0.378299 0.249166 
-0.0703844 0.19846 0.336176 0.404707 -0.528952 
-1.13931 -0.30001 0.133181 -0.0781453 -0.329189 
0.0476432 0.675359 -0.0660516 0.176879 0.62187 
-0.170551 0.0699517 -0.192333 -0.503715 -0.504871 
-0.456443 0.101709 -0.417271 -0.308633 -0.551873 
0.669357 -0.40443 0.727007 -0.162087 0.0997761 
-0.0366535 -0.23464 -0.600031 0.453092 -0.380764 
-0.419861 -0.542579 0.13382 0.332289 -0.0948577 
0.318467 0.0547982 -0.755494 0.0237901 0.532124 
0.61097 0.247165 0.121318 -0.40548 -0.0785909 
0.0208576 0.981542 -0.64368 0.485573 0.326415 
pop 7 layer 1
dims 32 16
-0.107717 0.561075 -0.637608 0.743823 -0.370863 -1.22281 0.108428 0.0302353 0.532197 0.201729 0.846787 -0.112981 0.0693162 0.268244 -0.903004 -0.20996 
-0.129994 0.344476 0.506485 -0.0594613 -0.400555 0.115569 -0.494662 -0.299086 -0.611354 0.33238 -0.45406 1.22683 -0.623872 0.137502 0.856826 -0.846459 
-0.396952 -1.24721 0.360083 -0.412999 0.254493 -0.213016 0.0681727 0.302884 -0.462068 -0.214505 0.1872 -0.709328 -0.778676 0.263876 0.309855 -0.710199 
0.243281 -0.0831925 0.478199 -0.938867 -0.412368 -0.381667 -0.655429 0.841758 0.100666 0.369293 0.0599552 0.28732 -0.849713 0.175263 1.04784 0.0672361 
-0.67499 0.041329 -0.831076 -0.311366 0.0617748 0.502502 0.682073 -0.0320324 -0.161306 -0.165295 -0.456348 0.231288 0.264983 0.683236 -0.552393 -0.342614 
-0.488198 0.204987 1.18162 0.0517293 -0.328136 0.692949 0.0605659 -0.0613108 0.407546 -0.1813 0.982633 -0.255815 0.424799 -0.300918 -0.152592 0.55121 
-0.348511 0.105243 -1.32454 -0.415221 1.06183 -0.513695 -0.469214 -0.592696 0.72478 -0.165164 -0.0285926 0.736999 -1.01092 0.719452 0.305454 0.195521 
0.556451 -0.438573 -0.00943927 0.026808 -0.361989 -0.225196 0.153253 -0.585848 -0.260055 -0.301333 0.216915 -0.280189 -0.421254 0.150572 0.1281 0.99063 
-0.217048 0.314009 0.457529 0.224547 0.137184 -0.648337 0.0534054 0.743147 -0.0736062 0.0689199 -1.01893 -0.592352 -0.956899 -0.487123 -0.516934 0.855753 
0.752531 0.271543 0.176516 0.797797 0.190632 -0.479867 -0.709759 0.0747349 0.315266 0.206008 -0.260132 0.150048 -0.271997 -0.678319 0.734283 -1.01534 
0.0473937 -1.26595 1.06517 -0.119789 0.0590255 0.182158 -0.139651 -0.259158 -0.0761786 -0.833502 0.125307 -0.226483 -0.140515 -0.542896 -0.0141927 0.438977 
-0.100701 -1.1332 -0.597383 -0.423166 -0.105514 0.536601 -0.82749 0.351526 0.16509 0.128276 -0.551761 -0.215251 -0.37251 -0.567072 -0.739425 0.356305 
-0.12631 -0.294391 0.0305671 -0.120095 1.18537 0.175358 0.578106 -0.425759 -0.0541595 0.28401 0.50713 -0.235217 -0.285688 0.469285 0.0453773 0.375855 
-0.407422 0.398877 0.0362032 0.106885 -0.850498 0.595094 1.14606 -1.13119 -0.781913 0.0158566 0.135025 -1.07132 -0.64996 -0.138709 -0.10582 0.0132824 
0.255229 0.156203 -0.305629 0.416146 -1.09457 0.408391 0.45134 0.8251 0.601311 0.412842 0.740557 -0.237539 0.362471 0.879528 -0.439918 -0.0645277 
-0.108124 -0.483415 0.344113 -0.0577253 -0.765205 -0.0913667 0.615794 -1.01403 -0.0193874 -0.218652 -0.365501 -0.241075 0.0092768 -0.550785 -0.0619446 0.178661 
0.218591 0.324174 -0.0182176 -0.159128 0.662767 -0.0925835 -0.121141 -0.0823936 -0.420266 0.235105 -0.0845523 -0.68845 -0.033947 0.0219246 -0.423358 -0.0868007 
0.200617 0.249768 -0.658768 -1.44791 -0.0250188 -0.284751 -0.736884 -0.412544 0.103239 0.394239 -0.459025 0.688093 0.288318 0.395975 0.642634 0.0592562 
-0.885416 0.434633 0.520257 0.350234 -0.127794 -0.308731 0.29784 0.0078089 -0.133723 -0.34126 0.561642 0.241523 0.128296 0.197327 -0.292727 0.128943 
-0.19483 -0.0890028 1.00721 -0.691447 0.821155 0.159029 -0.985312 0.389466 -0.687173 0.233386 -1.08003 -0.33114 0.251992 0.0885979 0.526676 0.618725 
0.701794 -0.684873 -0.553861 -0.0250588 -0.271738 -0.662458 -0.446985 0.0440378 0.890647 -0.558133 -0.315146 -0.829326 -0.62071 -0.000228422 -0.390048 0.319288 
-0.0097079 -0.123623 1.17048 0.134048 -0.16509 0.254906 -1.09526 0.770766 0.127623 0.278219 -0.690424 0.702249 -0.104667 0.242318 -1.06006 -0.382646 
-1.27392 -1.25128 -0.243929 -0.393191 0.393428 -0.252444 0.955526 1.05208 -0.0673995 -0.207981 0.130399 -0.029357 0.193218 0.43243 0.43783 0.28852 
-0.30003 0.973516 -0.913654 0.19461 -0.796755 -1.29492 0.00196825 -0.0721992 -0.115023 0.427006 0.788625 0.551289 -0.670804 -0.347718 -0.364117 0.281388 
0.0998284 -0.145421 -0.299582 -1.0665 0.448681 0.982528 -0.563957 1.03465 -0.112447 0.0622365 -0.0501889 -0.243945 -0.1432 -0.306356 0.569707 0.0235803 
0.358149 -0.916316 0.0819339 -0.140665 -0.4151 -0.578957 -0.183404 0.504441 0.977075 0.238713 -0.992833 0.356852 0.0185632 -0.288509 -0.516565 0.961653 
0.603016 -0.544487 0.198782 0.152079 1.18435 -0.248126 0.205208 0.606428 -0.312061 -0.336711 -0.738457 0.25917 -0.51198 -0.0352228 0.0678991 -1.10865 
0.0105945 1.14118 -0.171423 -0.32681 0.238791 0.432042 0.666859 0.441864 -0.98959 -0.424859 -0.444732 -1.45319 0.338356 -0.24951 -0.260535 0.777582 
0.630719 -0.369922 -0.267828 -0.466056 0.380069 -0.562581 -0.342301 -0.497972 0.126287 -0.179597 -0.127643 0.700969 -0.808392 -0.0878847 0.35832 0.200008 
-0.770585 0.189939 0.201337 -0.71691 -0.600245 -0.683252 -0.412448 0.696102 -0.829055 0.679763 0.569139 0.569921 0.613981 -0.342647 -0.0655025 0.298044 
-0.0380784 0.235695 -0.254878 0.516541 -0.431766 0.526508 -0.106374 0.328112 0.137969 -0.0638755 0.699219 -0.278221 0.403485 0.735786 -1.12053 -0.458204 
-0.461784 -0.729136 -0.0801062 0.996536 -0.330137 0.952863 -0.442192 -0.249988 0.157066 1.03186 -0.834213 -0.163954 -0.783805 -0.703302 -0.48238 -0.218555 
pop 7 layer 2
dims 4 32
-0.394711 0.219315 0.164812 -0.435411 0.608679 0.234632 1.35154 -0.130956 0.826755 -0.187594 0.0577888 0.858824 -0.898398 0.787207 0.711778 0.264502 0.001353 -0.594282 0.0367012 -0.462187 -0.986124 -1.02709 -0.0672854 -0.731464 0.179388 0.676331 -0.232762 0.476284 0.42938 0.425709 0.30275 -0.328952 
-0.0659829 -0.199471 -0.199957 0.45595 -0.0555875 0.0813631 -0.0897512 -0.0514773 0.174262 0.386144 -0.247102 0.752008 0.102016 0.0632322 -0.186894 -0.352923 0.527405 -0.353038 -0.164282 0.365336 -0.535033 -0.161439 0.702068 -0.269481 0.38397 0.49236 0.416677 -0.156611 0.0873943 0.346459 0.440312 0.262232 
0.895538 -0.334702 -0.248196 -0.656271 -0.544125 -0.610411 -0.526494 -0.304394 -0.442463 0.662761 -0.213226 -1.12098 0.159669 0.188878 0.899017 -0.235837 0.417515 0.176074 -0.713586 -0.650816 0.102624 -0.0880655 -0.340652 -0.166125 0.114589 0.00380861 0.186977 -0.5667 -0.0199303 0.0516336 0.385582 0.172253 
0.252169 0.533684 -1.08112 -0.724269 0.331785 -0.0687253 -0.197118 0.17301 0.126263 0.0930537 -0.102786 0.541861 0.183899 -0.882773 -1.01036 -0.207645 0.200064 -0.081608 -0.400042 0.0732267 0.220756 -0.542253 -0.995753 -0.464565 -0.139409 -0.405156 0.0981097 -0.630109 0.465039 0.296228 -0.107 -0.808595 
pop 8 layer 0
dims 16 5
0.0239048 -0.543825 -0.816512 0.200742 -0.405098 
0.0540143 -0.0399375 -0.135629 -0.211268 0.0972687 
0.514507 0.148275 0.941462 -0.262618 -0.138321 
0.450838 -0.380471 0.183823 -0.0862083 -0.561156 
0.54307 -0.332348 0.445926 -0.0345026 0.309324 
0.0839438 0.129335 0.63495 0.174671 -0.503901 
-1.21388 -0.34651 0.222527 -0.0697584 -0.246435 
0.178379 0.78754 0.0898188 -0.0678907 0.622163 
0.0443043 -0.00781668 -0.361814 -0.516385 -0.469957 
-0.216687 -0.0697988 -0.473703 -0.123925 -0.336133 
0.933593 -0.187287 0.440267 -0.383541 -0.0414678 
-0.0452167 -0.0909138 -0.790173 0.172712 -0.461626 
-0.397176 -0.567603 0.040071 0.4073 -0.240361 
0.259711 0.0396132 -0.427735 0.142918 0.411155 
0.287529 0.0420651 0.247309 -0.183323 -0.165902 
0.136929 0.803354 -0.807623 0.535153 0.263191 
pop 8 layer 1
dims 32 16
0.26286 0.307676 -0.66008 0.344006 -0.128659 -1.21318 0.260626 0.14975 0.700988 0.00582403 0.73974 0.00204099 0.0580191 0.0266189 -0.806704 -0.22828 
0.135422 0.290393 0.677342 -0.0751735 -0.554757 -0.138211 -0.650955 -0.118008 -0.16182 0.198848 -0.659136 1.05526 -0.772989 0.0548977 0.682169 -0.715118 
-0.217829 -0.915578 0.41604 -0.3227 0.173123 -0.00684899 0.153231 0.213681 -0.784576 -0.296646 0.0221609 -0.815244 -0.742716 0.238114 0.371109 -0.386442 
0.118916 -0.0645359 0.246545 -0.929271 -0.211178 -0.39175 -0.66486 0.461701 0.342185 0.117778 -0.273848 0.0848266 -0.52348 0.351533 0.666984 -0.0480575 
-0.0788258 0.228356 -0.811207 -0.125246 0.00661811 0.75577 0.374555 0.444068 0.0434758 -0.2214 -0.571366 0.204308 0.206602 0.37432 0.0670481 -0.288053 
-0.528042 -0.0131687 1.1607 0.0990451 -0.115644 0.295744 -0.0594259 0.147642 -0.0368419 -0.117252 0.654582 -0.36254 0.0870792 -0.504999 -0.186432 0.499943 
-0.350337 0.376374 -1.01608 -0.0308293 0.933215 -0.373281 -0.284587 -0.227225 0.549426 0.0950698 -0.0500049 0.571111 -0.8041 0.4493 0.0605652 0.405908 
0.605016 -0.800442 -0.0241679 0.14922 -0.0284054 0.0975135 0.0770717 -0.484422 -0.318294 -0.153672 0.323119 -0.139111 -0.557776 0.34971 0.27647 0.925568 
0.0502578 0.194655 0.414867 0.298754 -0.0294638 -0.432484 0.20364 0.79712 0.330761 0.210129 -0.834829 -0.463683 -0.902744 -0.19777 -0.295468 0.72826 
0.795681 0.0115126 0.363806 0.609537 0.096014 -0.423021 -0.346694 -0.328551 0.575622 0.177456 -0.692504 0.117293 -0.171893 -0.511984 0.180205 -0.753075 
0.00939549 -1.26123 0.976004 -0.324452 -0.0706608 0.137486 -0.375702 -0.122254 -0.274656 -0.455842 0.0813232 -0.399685 -0.142983 -0.832913 0.0191721 0.259914 
-0.226398 -0.859986 -0.579045 -0.0941301 0.223019 0.394699 -0.665977 0.356134 0.310755 0.217595 -0.294574 -0.160327 -0.237599 -0.373645 -0.788574 0.182814 
0.0632849 -0.554499 0.112654 -0.182793 0.963445 -0.222982 0.245815 0.20564 -0.206527 0.109833 0.527166 -0.315457 -0.496929 0.410547 -0.0940026 0.495382 
-0.277394 0.261409 0.16129 -0.00337119 -0.895825 0.40177 1.03118 -0.578042 -0.66052 0.0797058 0.247378 -0.845251 -0.637512 -0.613854 -0.429224 -0.080343 
0.340367 0.0125027 -0.511465 0.453937 -0.689525 0.146915 0.301075 1.15202 0.348397 0.396632 0.495506 0.0445095 0.909473 0.980317 -0.399836 -0.0274025 
0.462911 -0.544671 0.56738 0.00770468 -0.336277 -0.198973 0.25437 -0.884874 0.260074 -0.113099 -0.548021 -0.0131388 0.0298963 -0.542329 0.0445261 0.354748 
0.182515 0.201495 -0.334411 0.257855 0.664089 -0.284141 -0.320642 -0.013517 -0.15741 0.0324927 -0.309804 -0.757931 0.0221902 -0.0627503 -0.456595 -0.255445 
-0.0621763 0.0425598 -0.603118 -1.07135 -0.240804 -0.174583 -0.587695 -0.234618 -0.189863 0.296461 -0.461348 0.924434 0.124323 0.812646 0.318859 0.165952 
-0.57248 0.454489 0.456845 0.0288126 0.173698 -0.328386 0.456405 -0.171307 0.0969661 -0.319753 0.367657 0.422781 0.292896 0.297506 -0.357276 0.117465 
-0.5922 -0.207006 0.79957 -0.759884 0.81417 0.296462 -1.00795 0.0493157 -0.254671 0.0885744 -0.955165 -0.453965 -0.037144 0.192216 0.386124 0.541426 
0.769014 -0.413127 -0.619916 -0.267457 -0.0590783 -0.580241 -0.431585 -0.274206 0.742649 -0.425273 0.124353 -0.524464 -0.316214 0.0214726 -0.299628 0.288864 
0.196864 -0.0897923 1.38694 0.111295 -0.223374 0.390465 -0.839774 0.961867 -0.095037 0.246827 -0.788761 0.697895 0.05149 0.415927 -0.777435 -0.431409 
-0.851136 -1.08556 0.258275 -0.469785 -0.0686022 -0.147083 0.681711 1.14961 -0.0852356 -0.0932625 -0.290561 0.131924 0.0721367 0.698759 -0.102662 0.611482 
-0.26968 0.938601 -1.05772 -0.527224 -0.902303 -1.22019 -0.0635706 -0.182783 -0.114681 0.559519 0.557753 0.623092 -0.421339 -0.370164 -0.215455 -0.0729161 
0.366768 -0.30627 -0.391631 -0.780284 0.213194 1.04318 -0.721998 0.821635 -0.0790798 0.1475 -0.274517 0.00430645 -0.0229364 -0.492842 0.380647 0.255326 
0.165129 -0.764527 0.24244 -0.639021 -0.442984 -0.461354 0.0421939 0.480276 0.752503 0.214487 -0.570067 0.399671 -0.377751 -0.396734 -0.484824 0.716803 
0.851763 -0.400157 0.191678 0.33936 1.02256 -0.0670318 0.177975 0.389164 0.0941609 -0.0975987 -0.705924 -0.0562361 -0.606726 -0.322208 0.573077 -1.18914 
0.22295 0.987064 -0.095483 -0.177724 0.160372 0.393695 0.680167 0.247633 -0.962765 -0.345175 -0.46481 -1.25449 0.38441 -0.32033 -0.199061 0.921384 
0.329689 -0.384543 -0.646872 -0.270426 0.289164 -0.386651 -0.455492 -0.652297 0.0890404 -0.171136 0.224692 0.705782 -0.368974 -0.33777 0.0704179 0.444806 
-0.712535 0.10052 0.236743 -0.502519 -0.748981 -0.516279 -0.224427 0.525701 -0.522081 0.248631 0.302668 0.454227 0.547043 -0.440903 -0.222267 0.460642 
0.123228 0.0255104 -0.000350283 0.218193 -0.579183 0.763383 -0.537295 0.199966 0.105772 0.0157358 0.5597 -0.18625 0.219759 0.53623 -0.969703 -0.109383 
-0.373958 -0.17087 -0.037576 0.66917 -0.286922 0.810496 -0.448526 -0.218662 0.340769 0.47858 -0.171914 -0.0910981 -0.575491 -0.473611 -0.964245 -0.2373 
pop 8 layer 2
dims 4 32
-0.406368 0.0118447 0.143113 -0.118447 0.470782 -0.00635852 1.13528 -0.199745 0.513054 -0.0509538 0.0568884 0.64779 -1.27815 0.807529 0.883518 0.32254 0.159258 -0.033648 0.0654977 -0.35893 -0.968616 -1.03483 0.0425468 -0.501835 0.0905723 0.303812 -0.088758 0.712013 0.0985254 0.40745 0.188091 -0.0823627 
0.125749 -0.321854 0.070358 0.186776 -0.148853 0.138064 0.134006 -0.0668309 0.363728 0.515718 -0.289164 0.625598 0.320795 -0.314874 -0.226784 0.237177 0.526019 -0.324854 0.0437413 0.118304 -0.303708 -0.479523 0.382882 0.141237 0.327439 0.102983 0.841699 0.0269908 0.376408 0.655306 0.329695 0.0492394 
0.486374 -0.241927 0.12516 -0.394806 -0.512392 -0.483738 -0.908854 -0.0542366 -0.210931 0.938216 -0.0923779 -0.916689 0.343037 -0.0573428 0.658767 -0.088755 0.290732 -0.189386 -0.477449 -0.789153 -0.110723 -0.140376 0.0446022 -0.101679 0.167484 -0.129409 0.284058 -0.281292 -0.194853 0.146 0.13224 0.165664 
0.165559 0.136399 -1.01096 -0.682125 0.391995 -0.32342 -0.2268 -0.0513953 0.0512201 -0.0208089 0.0503349 0.532128 0.190371 -1.0012 -0.818772 0.104399 0.171055 0.132087 -0.268496 0.247414 0.122331 -0.0716069 -0.958884 -0.284334 -0.0469546 -0.418144 -0.267794 -0.511863 0.483452 0.46012 -0.0627877 -0.457499 
pop 9 layer 0
dims 16 5
-0.0860125 -0.426838 -0.643006 0.437961 -0.212872 
-0.0373065 -0.0555348 -0.174945 -0.445112 -0.0432433 
0.474168 -0.250671 0.832212 -0.36857 -0.221315 
0.315071 0.078892 0.283725 -0.345207 -0.396891 
0.748679 -0.227812 0.475379 0.197042 0.442741 
-0.0126033 0.371697 0.352347 0.294899 -0.584457 
-0.889712 0.034608 0.202402 -0.0796925 -0.274967 
0.172322 0.849359 0.365041 0.225173 0.258994 
-0.343417 -0.0165828 -0.601009 -0.426068 -0.141228 
-0.102528 0.133274 -0.63009 -0.168535 -0.232962 
0.431098 -0.476069 0.449397 -0.153049 -0.122413 
-0.320586 -0.142472 -0.591916 0.274744 -0.373203 
-0.504081 -0.0808007 0.097994 0.357685 0.216345 
0.573736 0.15046 -0.54534 -0.00789652 0.422798 
0.191152 0.104442 0.109553 -0.0669289 -0.195987 
0.235583 0.521137 -0.557871 0.381993 0.145054 
pop 9 layer 1
dims 32 16
0.126509 0.371923 -0.710038 0.361306 -0.328504 -1.10198 0.0566611 0.0409315 0.401028 0.0926737 0.91843 -0.283406 -0.08165 0.501254 -0.673948 -0.0922049 
-0.0846255 0.592277 0.508833 -0.205765 -0.615245 0.126696 -0.46972 -0.0105143 -0.53347 0.0581109 -0.127284 1.18384 -0.550345 0.129617 0.637372 -0.638612 
-0.30259 -1.02141 0.330685 -0.156658 -0.302909 -0.013654 0.120185 0.286676 -0.00723088 0.0800631 -0.0500258 -0.418514 -0.674849 0.332643 0.157256 -0.358108 
0.252044 0.0663712 0.252731 -0.952936 -0.287241 -0.445723 -0.473759 0.387965 0.0976104 0.267575 0.0301766 0.0207057 -0.866852 0.196933 0.785093 0.0612109 
-0.608969 -0.135636 -0.696593 -0.254555 -0.176401 0.38817 0.475462 0.151559 -0.0580076 0.0408018 -0.548756 0.612229 0.272739 0.62714 -0.153925 -0.132667 
-0.299204 0.0580449 1.27611 0.34148 -0.177883 0.404883 -0.0162676 -0.153616 0.408657 -0.294409 0.557621 -0.575124 0.284969 0.024982 -0.294754 0.465829 
-0.289239 0.077916 -1.30992 -0.652992 0.835773 -0.372513 -0.334814 -0.529638 0.698335 -0.120322 -0.0890537 0.728773 -1.08816 0.895057 0.268829 -0.26848 
0.515146 -0.383657 -0.368336 0.326782 -0.2315 0.0836793 0.017459 -0.313215 -0.470118 -0.471827 0.234601 -0.471712 -0.558521 0.0628111 0.183268 0.839669 
-0.00116318 0.435581 0.130382 0.0251421 0.0906619 -0.313763 0.082769 0.641913 0.215768 0.187704 -0.949128 -0.552286 -1.03283 -0.295026 -0.360228 0.830072 
0.482019 0.544742 0.186227 0.834804 0.0759925 -0.513707 -0.744331 -0.123089 0.369052 -0.0160935 -0.330335 0.164761 0.0063003 -0.478004 0.585893 -0.561789 
-0.110398 -1.13218 0.958706 -0.0584519 0.242928 0.0803882 0.129429 -0.304748 -0.118951 -0.842222 -0.138829 -0.181247 -0.369091 -0.612474 -0.0368662 0.596247 
-0.248262 -1.0629 -0.391387 -0.165671 0.11423 0.497208 -0.987053 0.277217 0.292007 0.0224592 -0.29742 -0.0932074 -0.399862 -0.603461 -0.722438 0.344307 
0.00101062 -0.399696 0.15867 -0.16685 1.16769 -0.0786548 0.334504 -0.234588 -0.157859 0.288074 0.477733 -0.212557 -0.306245 0.434484 -0.256235 0.528169 
-0.409665 0.0554059 0.187221 -0.0375226 -0.825416 0.691926 1.00279 -0.619765 -0.523545 0.0461667 -0.00827628 -1.11078 -0.689753 -0.485319 -0.0144249 0.0523833 
0.296197 0.0121729 -0.208895 0.339483 -0.94713 0.443156 0.0823128 0.840657 0.426608 0.434559 0.697763 -7.9234e-05 0.455185 0.951423 -0.48764 -0.0388524 
-0.183351 -0.545224 0.393485 -0.00339213 -0.763051 0.165883 0.69603 -1.11743 0.0064636 0.0591523 -0.330762 -0.445663 -0.338912 -0.510024 0.118081 0.215699 
0.204091 0.112967 -0.237124 0.222302 0.633873 0.0435939 -0.0785146 -0.147975 -0.333342 0.0713894 0.173039 -0.71775 -0.0608399 -0.133224 -0.276447 -0.0649319 
0.242669 0.00725925 -0.605666 -0.895822 0.0226408 -0.0615474 -0.669787 -0.386648 -0.227285 0.538387 -0.35957 0.636373 0.137958 0.125426 0.612076 -0.0856968 
-0.682255 0.174799 0.455797 0.245036 -0.262499 -0.240003 0.476739 -0.199193 -0.200637 -0.488075 0.32486 0.0222946 0.0252255 0.230964 -0.479097 0.131113 
-0.168186 -0.175783 1.12026 -0.805368 0.701254 0.277449 -0.899498 0.545197 -0.511445 0.157922 -0.86884 -0.294865 0.576336 -0.100196 0.569715 0.475613 
0.627388 -0.639061 -0.499691 -0.130834 -0.234767 -0.488241 -0.594074 0.0577108 0.756541 -0.478262 -0.4722 -0.753125 -0.593549 -0.0910728 -0.510439 0.145422 
0.0292202 -0.267009 0.980471 0.074821 -0.164461 0.322356 -0.807012 0.822304 -0.272501 0.0103053 -0.703139 0.537693 0.137679 0.234175 -0.767625 -0.440525 
-1.24959 -1.188 -0.294626 -0.107944 0.172688 -0.290901 0.733029 0.839433 -0.092508 -0.0123706 -0.188963 0.00697269 0.210091 0.682041 0.291794 0.363897 
-0.285431 0.755301 -0.69124 -0.0115974 -0.919776 -1.35175 0.0125084 -0.285748 0.0566505 0.514834 0.754428 0.297054 -0.838749 -0.32586 -0.325861 0.136839 
-0.453415 -0.1965 -0.477185 -0.684227 0.0937458 0.528596 -0.166726 1.00741 0.0184338 0.176182 -0.0444215 -0.0272482 -0.108201 0.00642218 0.503876 -0.00146381 
0.502866 -0.613043 0.0825654 -0.550546 -0.384463 -0.795179 -0.274304 0.591103 0.839449 0.349731 -0.705617 0.250141 0.0779724 -0.152209 -0.57675 0.78593 
0.7077 -0.75143 0.152577 -0.0896366 1.09919 -0.160107 0.0476967 0.351659 -0.387378 -0.325184 -0.528316 0.63221 -0.77482 0.161475 0.0581841 -0.930793 
-0.141072 1.15479 -0.0822979 -0.219781 0.186046 0.306314 0.853486 0.401751 -1.03043 -0.14344 -0.461952 -1.5306 0.38137 -0.41127 -0.283628 0.555429 
0.163608 -0.0722025 -0.477092 -0.476389 0.521917 -0.240261 -0.247033 -0.509942 0.107211 -0.171838 -0.0139778 0.439592 -0.797624 -0.213235 0.437954 0.103696 
-0.607101 0.0328752 0.285002 -0.68169 -0.637916 -0.511357 -0.170535 0.591033 -0.755366 0.460187 0.461542 0.533107 0.432104 -0.452821 -0.180427 0.108269 
-0.126631 0.2464 -0.187449 0.486544 -0.306963 0.663869 -0.193158 0.43836 0.107044 0.0287309 0.471504 -0.235066 0.63488 0.272827 -0.727228 -0.360829 
-0.210995 -0.85599 0.0529038 0.93479 -0.369537 1.0528 -0.527704 -0.14085 0.218311 0.820141 -0.528075 -0.126136 -0.894638 -0.550021 -0.15025 -0.24189 
pop 9 layer 2
dims 4 32
-0.245166 0.25643 -0.0225989 -0.317691 0.590722 0.161838 1.27564 -0.00502465 0.698351 -0.293354 0.223042 0.720031 -0.908803 0.554122 0.473307 0.417182 0.0145019 -0.324775 0.208064 -0.305507 -0.597783 -0.815455 0.0990983 -0.5893 0.13428 0.562945 -0.0593964 0.254228 0.249078 0.320063 0.291085 -0.255315 
-0.324492 -0.343525 -0.139948 0.613637 -0.142038 0.128991 -0.164533 -0.103523 0.152183 0.330398 -0.114327 0.990269 0.253112 -0.166014 -0.287792 -0.145143 0.37332 -0.400916 -0.354832 0.398 -0.551083 -0.336833 0.349236 0.199323 0.338898 0.139657 0.294614 -0.128311 -0.0249352 0.210905 0.377904 0.04478 
0.658353 -0.26915 -0.0805734 -0.467677 -0.506178 -0.421807 -0.390486 0.217844 -0.354249 0.851472 -0.27019 -1.01376 0.563874 0.0488269 1.00381 -0.149743 0.39907 0.237291 -0.331571 -0.657598 0.273908 -0.225378 -0.287916 0.0165025 -0.205886 -0.286161 0.293746 -0.554269 0.0496625 0.0037349 0.243965 0.0304206 
0.0785117 0.541537 -0.786134 -0.566219 0.204116 -0.269667 -0.185832 0.247902 -0.160187 0.0549865 -0.0451864 0.307267 0.0954777 -0.805175 -0.882194 -0.227833 0.295208 -0.189521 -0.488792 0.423332 0.113617 -0.468766 -0.908585 -0.452625 -0.255973 -0.478551 0.142469 -0.54553 0.40973 0.514608 -0.396844 -0.618773 
vWeights_end
generator 2859591905 1941582389 678309669 2181810115 2809372906 1218819860 2704235007 1891638423 2489024335 2540089222 2989872303 654406982 1537589163 768320198 2015548301 710415739 1587846858 2031330127 3594420640 1656171524 744859987 4070310558 458587049 2056195424 3408324186 643361678 249001190 3805902867 530186702 745086263 943943269 4004447570 3092923099 601672910 1235738774 3965318214 1904608679 383329460 3708573574 3143385106 474235130 2659629794 317721925 145204390 2795478454 2374887472 796450891 342928982 2630970885 1846255656 817871258 3808312026 3904259441 1812836697 184390948 4256745518 4051342069 2801527247 1715260124 774359490 2118566104 3959031110 1351041027 1175588717 960402185 2682458666 1399272582 1192559786 537644704 2426583727 3692185991 492662653 2681931434 536160403 2063635776 793583403 856671128 3998798288 3890745551 4202723882 3887223000 399595078 21599775 4212394045 3244477099 3814774858 4026420435 1298656303 1310875847 3096603941 2405214623 1984594699 436702302 1329901666 913491126 2390922426 2115452132 1945623965 2457886110 44595149 3075119372 2920711574 225484860 662088435 1331439312 1972779422 2887411659 3529315146 1271238098 281696167 3646904243 1571764397 980636538 2490391389 2229065466 1471181161 1158322422 2612366057 4216178518 1018605744 4120375347 2879036837 2996573538 741462788 3188828659 3682059397 4137873357 3694539120 540090890 3650597343 1332834760 1046188169 2905673077 1786858336 1227417054 1415884787 2502185461 2887568949 1739453415 799101293 4125964622 1704428677 3763994371 4220542477 427466248 984691701 1938682344 441259636 3668295883 1806592281 477151537 2047911448 2902104045 1497104663 1795949979 720297206 1505329208 2152040507 2645805265 3772041718 1130471184 2700719656 3579891976 2796197386 3643803259 969304890 1825538817 2737882386 1585088441 1369193500 3236107400 2644069300 763804705 2261927859 148523645 2701413454 2877824269 1327514829 3959908925 3652179617 269993979 1364507117 841491623 1917224804 1958548219 3738858900 2094061372 3968276408 793923449 3129191875 2411454559 421301390 3419114107 1974285898 1510330441 871468523 4046243913 2522275818 1370122923 688225042 1292651976 3579687335 1441631762 595300103 3075508650 1055650240 3616948322 4014453001 3654133568 1432437452 1111591194 3097392178 2515397464 64225896 3795282759 277490768 1192099808 1195903194 747983082 2013046809 3580996302 3359269734 3245550735 512447086 1820459621 3812328786 3097833129 1569363364 2388521806 1097513997 3945430573 1475860097 3451244108 657065050 3310487326 3825714107 1715111004 891262645 444113759 3219569909 1289532076 1541208489 248431413 2482750721 1617997343 1235108819 2972869861 1148606389 1014750153 596952552 1917011802 2572420991 2880888011 1310914567 212989928 551560970 3569514293 2981012929 3495429533 2392810324 2983855878 3823081391 1207058950 3335943781 1768141386 3493071111 1928037919 1047648672 2718091914 3085817257 4132090734 1321084618 2849586171 1998596616 1259433480 1159460637 2948952225 2926226882 1242812027 3323718039 3884343369 4011703307 2172805500 3646400282 1229003034 216946991 2037791194 2953926824 565985192 394512087 1593928843 3511082665 176203675 2730880703 3489188467 1858358146 1740970078 3440806539 3788840516 3626382616 4225456514 2206954528 728471559 3275919987 665874247 2693287897 965519508 1182321236 2012112579 3528463504 3023358222 774236803 3260619661 3058628825 407091393 1288833116 4041565665 4118686933 1631572023 2413220315 1587384552 1024170775 1865372870 161163185 611821130 2214754939 456797180 1536273542 3327157714 1667695972 998838603 381372835 1773862925 2560345160 1651615595 2471796738 2283437515 743248098 901816469 4084478219 2415552116 2465718612 52914473 3412236929 609088812 61794059 2401497148 4172339997 3079084973 521079371 3722584282 1020175678 2652118569 3278703253 1742996494 399290916 4125766063 333518135 2951174827 4004167082 1247044611 566333239 1977970348 2717842839 3170149343 2852942085 2298990053 730013546 2848966238 3774663821 1136583211 601434601 92156970 2283605533 2367190892 3158457485 749023492 651015131 1250364344 2072502395 3441664959 4145045339 763701674 2590800310 1650130590 3730130955 2609458035 388196183 2997800715 3648042106 371070550 909270317 1599700383 3830283960 3256938517 2497221629 1912466247 4035738585 1130884951 4012845042 2343062928 1166017395 4169647088 624228660 3599259136 1417633218 621078383 2789834201 292974029 2838358449 4071291742 1217015331 1461612974 3093556979 1434456376 1791515049 1058886945 2400452489 1492342068 2364444467 1299993412 44127776 595047641 1841797405 2726243551 1087443829 3365991634 707080683 2636588174 3319337067 1912447995 3724424287 1139514654 16151108 323962492 1012902356 1152219697 3613117845 529958263 3337838353 797293486 257270148 3725176716 3502246434 2667766649 2804056906 2436667616 959349061 3587850468 410562529 1441814301 3497926340 3555410010 2992063004 4243235009 3476622568 354582281 2177919881 533512130 1051780495 3186822420 2439017952 1814293484 1507996935 3953642519 2639673828 657501574 2960373025 2252968898 2543167313 2210320377 2736991093 2743379685 3695546895 1265496512 2020266467 4068691959 3486510785 56462800 3428777189 676399214 122449773 2340249967 513337482 2247182656 2794667443 3799067438 3617391262 2092305130 2113068011 1285790848 500590592 3406051548 298982819 4015708689 4204730005 4239409055 1108739906 4206764766 2833631240 2878952565 1421743985 3695975553 2498712760 2927595060 520202095 668394498 2452586287 719663702 2918890085 3460362152 2384942343 2407106279 4100950081 2782178626 3958871435 3353934119 3775084365 3659336249 2344577106 1365040891 2841399029 29051761 524620036 700333509 3191590542 1064481682 2928112364 2028101061 3116698008 158185752 1351446212 1617051170 2922653549 1330761446 2410794011 913226742 994351886 571288628 979739188 4294161956 1029258338 1257413993 104669973 2039107557 4108066400 3280241082 567299287 209392199 4173433923 1196622997 1743393409 2517165371 107367713 1140219767 116178121 4165876933 1972751169 1243381407 3942954870 3046762186 1279816054 4016887214 3685649397 1802371306 473293850 3428153951 2573580709 1039431980 873485343 689741230 3321430570 2764246979 3539349587 3476426255 3212069248 2744595843 2680426113 2930295458 1964221801 1295081620 341392307 299391692 2588261748 3442364332 1031188541 1019208927 518176382 474466582 3068891851 3777935419 371464510 2479310564 65968567 3396977129 1739598571 3576079967 709073765 2557372899 1475635193 4084873494 1537824590 2273174765 3681060947 3629339674 2835980855 3595967867 2864941267 30256455 328956426 347703150 964957945 3630091255 4155324321 1268186678 1245815632 765187000 2571925484 1481216093 3429759679 2751539022 3136527716 3522939453 3184373736
