sName lunar_lander
version 1
nEpochs 6000
nPopSize 100
nTop 10
act 1
populationStrategy 2
randomInjectionRatio 0.3
nLayers 4
vSize 5 16 32 4 
vBiases_start
pop 0 layer 0
dims 16 1
-0.527456 
-0.643263 
0.1848 
0.745299 
0.349224 
0.354907 
0.35532 
-0.273901 
-0.244085 
-0.0986336 
-0.375651 
0.383303 
0.548207 
-0.128119 
0.187135 
-0.0902351 
pop 0 layer 1
dims 32 1
-0.182554 
0.324785 
-0.612462 
-0.807976 
-0.71771 
-0.0318832 
0.192462 
-0.32512 
-0.542933 
-0.170305 
0.0349735 
-0.247489 
0.67331 
0.427788 
0.0854669 
0.509465 
0.515916 
-0.215906 
-0.257693 
-0.719351 
-0.790901 
-0.057868 
-0.329214 
0.152723 
-0.254354 
-0.259258 
-0.0964115 
0.45485 
-0.0930759 
0.638205 
0.424186 
0.0894018 
pop 0 layer 2
dims 4 1
-0.0335308 
0.036964 
0.678175 
-0.0672509 
pop 1 layer 0
dims 16 1
-0.503565 
-0.36338 
0.349205 
0.505008 
0.813175 
0.122914 
0.242669 
-0.0695999 
-0.254847 
-0.104532 
-0.300061 
0.0864995 
0.100954 
0.0665541 
0.0908422 
-0.0926789 
pop 1 layer 1
dims 32 1
0.145912 
0.346464 
-0.26442 
-1.03911 
-0.810003 
-0.0129278 
0.329625 
-0.319266 
-0.667763 
-0.262846 
0.140394 
-0.294484 
0.45919 
0.707461 
-0.347991 
0.299816 
0.491885 
-0.23728 
-0.104769 
-0.712061 
-0.632661 
-0.0315485 
-0.47147 
0.058723 
-0.564307 
-0.231326 
-0.40238 
0.364378 
-0.176555 
0.51182 
0.556009 
-0.295436 
pop 1 layer 2
dims 4 1
-0.128265 
-0.0875046 
0.676318 
-0.115379 
pop 2 layer 0
dims 16 1
-0.124816 
-0.524866 
0.586392 
0.543209 
0.363241 
0.298123 
0.196124 
-0.189774 
-0.507502 
-0.312781 
-0.657174 
0.406887 
0.173768 
0.0500573 
0.187433 
-0.26948 
pop 2 layer 1
dims 32 1
0.0301805 
0.314866 
-0.559399 
-1.13001 
-1.22037 
-0.178723 
0.0927014 
-0.305081 
-0.593602 
-0.160041 
-0.0337705 
-0.554344 
0.468703 
0.593186 
-0.0624394 
0.344258 
0.643035 
-0.252366 
0.0212575 
-1.07325 
-0.458739 
0.224188 
-0.498776 
0.190142 
-0.301332 
0.0287908 
-0.347172 
0.615644 
-0.171651 
0.764493 
0.789323 
-0.326486 
pop 2 layer 2
dims 4 1
-0.0123405 
0.136986 
0.734291 
-0.0380655 
pop 3 layer 0
dims 16 1
-0.46299 
-0.645787 
0.393756 
0.840973 
0.690246 
0.477823 
0.391833 
-0.110561 
-0.299609 
-0.118372 
-0.453695 
0.398387 
0.448169 
-0.170128 
0.381984 
-0.168516 
pop 3 layer 1
dims 32 1
-0.0243035 
0.352714 
-0.573102 
-0.943694 
-0.860818 
0.045085 
0.43544 
-0.226129 
-0.696272 
-0.347425 
-0.25391 
-0.571661 
0.567905 
0.604961 
0.213503 
0.414977 
0.445125 
-0.18848 
-0.291769 
-0.958873 
-0.746361 
-0.110555 
-0.56694 
-0.00561214 
-0.330719 
0.0772645 
-0.369176 
0.615768 
-0.459039 
0.804219 
0.541046 
-0.226092 
pop 3 layer 2
dims 4 1
-0.0211788 
0.0618491 
0.64723 
-0.146387 
pop 4 layer 0
dims 16 1
-0.36033 
-0.362365 
0.367404 
0.421737 
0.606377 
0.149492 
0.329978 
-0.0779857 
-0.267713 
-0.227977 
-0.297185 
0.284665 
0.144388 
0.0976053 
0.00635222 
-0.124939 
pop 4 layer 1
dims 32 1
-0.0162522 
0.284503 
-0.28964 
-0.881653 
-0.757445 
0.104151 
0.480692 
-0.209112 
-0.784342 
-0.14452 
0.0617677 
-0.154604 
0.521048 
0.91351 
-0.38415 
0.301877 
0.491954 
-0.051212 
-0.169801 
-0.815878 
-0.548864 
0.0127403 
-0.488729 
-0.00148869 
-0.565212 
-0.142449 
-0.477742 
0.275505 
-0.0681757 
0.41227 
0.463099 
-0.279652 
pop 4 layer 2
dims 4 1
-0.270732 
-0.108634 
0.523847 
0.110882 
pop 5 layer 0
dims 16 1
-0.548518 
-0.520042 
0.718768 
0.773419 
1.00331 
0.559306 
-0.156693 
-0.521039 
-0.275163 
-0.42692 
-0.653091 
-0.0482439 
0.194782 
0.00281196 
0.448291 
-0.104199 
pop 5 layer 1
dims 32 1
-0.172393 
0.337094 
-0.953241 
-0.730058 
-0.948931 
0.189107 
0.561282 
-0.456729 
-0.391915 
-0.277152 
-0.141655 
-0.256503 
0.673052 
0.666455 
-0.0955859 
0.396703 
0.536138 
-0.267948 
0.0208425 
-1.09176 
-0.713108 
-0.108279 
-0.362659 
-0.0735442 
-0.329385 
0.0838108 
-0.262821 
0.382404 
-0.458458 
0.61978 
0.642498 
-0.18553 
pop 5 layer 2
dims 4 1
-0.147046 
0.0167608 
0.812453 
-0.271656 
pop 6 layer 0
dims 16 1
-0.457048 
-0.632001 
0.510264 
0.986648 
0.683339 
0.42543 
0.453672 
-0.180877 
-0.225802 
-0.229809 
-0.540065 
0.450904 
0.534643 
-0.0342031 
0.228249 
-0.12141 
pop 6 layer 1
dims 32 1
-0.129075 
0.356881 
-0.639119 
-1.07599 
-1.02978 
-0.0137975 
0.27702 
-0.335222 
-0.55749 
-0.237675 
-0.0806315 
-0.589411 
0.651963 
0.614303 
-0.0738696 
0.485949 
0.504033 
-0.266085 
-0.234935 
-1.01438 
-0.676003 
-0.0992655 
-0.644317 
-0.0552161 
-0.257707 
0.00933503 
-0.348487 
0.661649 
-0.437556 
0.835571 
0.720728 
-0.153074 
pop 6 layer 2
dims 4 1
-0.0799614 
0.153634 
0.802678 
-0.172005 
pop 7 layer 0
dims 16 1
-0.604281 
-0.476422 
0.672215 
0.607642 
0.665115 
0.235303 
0.133467 
-0.359675 
-0.230878 
0.100686 
-0.400486 
0.217509 
0.243936 
0.0634652 
0.418943 
0.00799993 
pop 7 layer 1
dims 32 1
0.127321 
0.280649 
-0.0856399 
-0.826561 
-0.896095 
0.203367 
-0.126628 
-0.295339 
-0.515569 
0.0711646 
0.223316 
-0.364294 
0.158127 
0.221763 
-0.483046 
-0.036761 
0.66146 
-0.332433 
-0.00364913 
-0.594477 
-0.613739 
-0.035098 
-0.336544 
-0.0309773 
-0.240189 
0.172961 
-0.156416 
0.686331 
-0.50117 
0.482635 
0.597369 
-0.463642 
pop 7 layer 2
dims 4 1
-0.138003 
0.0287046 
0.85536 
-0.327956 
pop 8 layer 0
dims 16 1
-0.512103 
-0.510291 
0.431239 
0.726475 
0.754642 
0.308072 
0.432319 
-0.295788 
-0.256973 
-0.245915 
-0.54596 
0.375105 
0.605843 
-0.0283214 
0.157766 
-0.198291 
pop 8 layer 1
dims 32 1
0.014539 
0.415085 
-0.530902 
-1.02262 
-0.747823 
0.117547 
0.207334 
-0.432719 
-0.755034 
0.00222718 
-0.0405188 
-0.37277 
0.637584 
0.631341 
-0.119732 
0.446263 
0.402605 
-0.209188 
-0.25428 
-0.856039 
-0.554399 
-0.177089 
-0.445748 
-0.0613257 
-0.218033 
0.0396101 
-0.167819 
0.576109 
-0.667719 
1.01529 
0.819489 
-0.0592949 
pop 8 layer 2
dims 4 1
-0.0201802 
0.25934 
0.634387 
-0.079692 
pop 9 layer 0
dims 16 1
-0.376301 
-0.625663 
0.638516 
0.666156 
0.425882 
0.352421 
0.182995 
-0.316096 
-0.460258 
-0.276091 
-0.431099 
0.295828 
0.387893 
-0.080146 
0.186205 
-0.171674 
pop 9 layer 1
dims 32 1
-0.13731 
0.117432 
-0.777029 
-1.19069 
-1.19006 
-0.266014 
0.303253 
-0.384449 
-0.573633 
-0.151076 
0.120625 
-0.514933 
0.462223 
0.564974 
-0.105564 
0.394639 
0.549821 
-0.295568 
-0.0888372 
-1.02166 
-0.609878 
-0.132137 
-0.504236 
0.193419 
-0.400826 
0.0588227 
-0.365364 
0.663474 
-0.244263 
0.572913 
0.608594 
-0.250748 
pop 9 layer 2
dims 4 1
-0.0233525 
0.187865 
0.893901 
-0.267438 
vBiases_end
vWeights_start
pop 0 layer 0
dims 16 5
-0.298712 -0.415015 -0.812319 0.65353 -0.100433 
0.143271 -0.123291 0.128833 -0.585815 -0.43378 
0.380721 -0.241886 0.505453 -0.281474 0.228499 
0.256287 -0.34332 -0.0805584 -0.346633 -0.707897 
0.688704 0.158498 0.419096 0.277623 0.317086 
0.0134661 0.0153747 0.300523 -0.0260761 -0.50761 
-0.7762 -0.119058 -0.123127 0.0808062 -0.191082 
0.120834 0.527478 0.285332 0.187946 0.286036 
0.017027 0.199843 -0.433386 -0.395409 -0.26116 
0.254473 -0.0381781 -0.661085 -0.260574 -0.025862 
0.320777 -0.641952 0.489234 0.0191943 0.0728691 
-0.204633 -0.103634 -0.596838 0.207561 -0.132519 
-0.184697 -0.249703 0.219253 0.430457 -0.173946 
0.457099 0.206919 -0.433894 0.056844 0.428475 
0.273188 0.177883 -0.145194 -0.550362 0.000292593 
0.179839 0.675737 -0.724544 0.46269 0.283435 
pop 0 layer 1
dims 32 16
0.155757 0.335306 -0.420494 0.578936 -0.613013 -1.39285 -0.137038 -0.0261701 0.392894 0.1907 0.54199 0.112545 -0.00429375 0.37616 -0.674179 -0.142038 
-0.304486 0.381596 0.401433 -0.197752 -0.370298 0.0650003 -0.629528 -0.635903 -0.616545 -0.139098 -0.276794 0.964448 -0.635708 0.157008 0.81377 -0.643513 
-0.63272 -0.830838 0.344811 -0.0315732 0.0746665 -0.0723721 0.12605 0.134737 -0.507156 0.0800202 -0.168903 -0.175549 -0.656137 0.0370077 0.274437 -0.449621 
0.0246596 0.0395883 0.419793 -0.874534 -0.21729 -0.199711 -0.71715 0.189935 0.275066 0.0437086 -0.177114 0.136165 -0.902836 0.120483 0.901301 0.191489 
-0.554279 0.0557114 -0.996859 -0.340151 -0.12924 0.228778 0.564816 -0.0356209 0.05405 -0.355919 -0.11101 0.333233 0.160527 0.569486 -0.437445 0.0812648 
-0.525403 0.254773 0.976107 0.532361 -0.158772 0.251961 -0.475157 0.0668352 -0.0465424 -0.136401 0.886146 -0.356378 0.168879 -0.17472 -0.0406065 0.549565 
-0.385689 0.154388 -1.04505 -0.349968 0.790377 -0.277229 -0.220201 -0.416352 0.449654 0.0787794 -0.270725 0.309218 -0.678137 0.597588 0.46576 0.077179 
0.447248 -0.36729 -0.0060356 0.33978 0.237385 -0.133343 0.32644 -0.827682 -0.40066 -0.490217 0.184934 -0.278829 -0.61679 -0.104153 -0.242502 0.834524 
-0.494147 0.478791 0.0380091 0.277477 -0.122506 -0.52243 -0.197925 0.71143 0.198353 -0.0329763 -0.885616 -0.553766 -0.898584 -0.0813681 -0.520393 0.705379 
0.609525 -0.00332953 -0.102582 0.851411 -0.223973 -0.662201 -0.485731 0.0145387 0.0724213 0.152752 0.0436093 -0.287045 -0.244019 -0.354163 0.276147 -0.833421 
-0.121263 -1.22273 0.869944 -0.262942 0.0251333 0.301107 0.0761637 -0.0661709 -0.287265 -0.706884 -0.0317815 -0.00989515 -0.30723 -0.551989 -0.144871 0.341764 
0.0826563 -0.68625 -0.442013 -0.378411 0.184323 0.461304 -0.785896 0.446545 -0.381136 0.0335055 -0.346544 -0.234599 -0.503397 -0.593481 -0.823053 0.340747 
-0.178978 -0.218419 0.423915 -0.350115 0.981758 0.0159464 0.700772 -0.656801 0.422282 0.276788 0.302683 -0.139548 -0.433922 0.423906 0.319675 0.518649 
-0.285233 0.126339 0.00601909 0.220636 -0.976562 0.604786 1.00208 -0.825781 -0.799573 -0.0280413 0.129356 -0.895269 -0.404496 -0.118282 0.284659 -0.0538116 
0.197983 0.660932 -0.214214 0.393925 -0.962561 0.350926 0.276179 0.754377 0.344108 -0.0132359 0.578193 0.0154605 0.588169 0.96209 -0.30637 0.0425322 
-0.0609768 -0.656321 0.502508 -0.190607 -0.609231 -0.074438 0.215298 -0.583512 -0.0208867 -0.259589 -0.442829 -0.147 0.0643067 -0.26103 0.313345 0.237368 
0.421145 0.323003 0.0601452 -0.222302 0.329428 -0.0213303 -0.146031 -0.20236 -0.112895 0.0306582 -0.042711 -0.505457 -0.0315328 -0.00405522 -0.336027 -0.0766278 
0.301885 0.166563 -0.368328 -1.14454 -0.198839 -0.28484 -0.42456 -0.50777 -0.264554 0.440302 0.0506267 0.646728 -0.00359099 0.4054 0.583184 0.0655534 
-0.519573 0.194405 0.428508 0.29998 0.0742321 -0.532689 0.52818 -0.272993 0.0687258 -0.410225 0.519131 0.135244 0.113767 0.176573 -0.754202 0.281552 
-0.319891 -0.252129 0.633014 -0.514357 0.763389 0.0109379 -0.497824 0.312807 -0.292724 0.106592 -0.799518 -0.385709 0.282342 0.169775 0.492857 0.778983 
0.0197443 -0.454188 -0.382413 -0.189731 -0.144591 -0.342882 -0.543984 0.17366 0.48307 -0.38935 -0.298488 -0.840188 -0.576485 0.46386 -0.302015 0.333227 
0.10593 -0.132957 0.853214 0.122137 -0.242766 0.17052 -0.754321 0.461915 -0.330935 0.187801 -0.799671 0.696733 0.0893804 0.202349 -0.534138 -0.115457 
-1.12848 -1.19202 -0.238253 -0.674746 0.485354 -0.193901 0.66721 1.02757 -0.0255485 -0.0395035 -0.249785 -0.0618217 0.0920653 0.474349 0.193954 0.40158 
-0.416089 0.651347 -0.688845 0.391863 -0.486019 -1.67074 -0.0716671 -0.324505 0.0993061 -0.0635343 0.857805 0.526194 -0.49465 -0.0854234 -0.651516 0.271007 
0.254862 -0.156154 -0.425904 -0.909256 0.3712 1.01777 -0.266354 0.869488 -0.152084 -0.103576 -0.196527 0.14771 0.125588 0.164624 0.665244 0.394177 
0.408687 -0.999736 0.126876 -0.503993 -0.392501 -0.410468 0.116234 0.712177 0.791665 0.390128 -0.63175 0.1544 -0.154093 -0.245937 -0.555967 0.470975 
0.500708 -0.594155 0.0677228 0.19106 1.14583 -0.171449 -0.14109 0.355842 -0.476054 -0.416236 -0.531175 0.246265 -0.661867 0.0547292 0.104869 -0.936609 
-0.247785 0.805468 -0.121844 -0.104553 -0.0735224 0.373201 0.349798 0.371709 -0.948184 -0.25941 -0.290456 -1.15341 0.236611 -0.161459 -0.134659 0.504964 
0.107905 -0.552504 -0.203033 -0.284628 0.162008 -0.688678 -0.20727 -0.470406 0.120835 -0.130263 0.053422 0.631635 -0.762949 -0.226721 0.326219 0.292358 
-0.358087 -0.102881 0.531272 -0.654137 -0.495277 -0.649306 -0.167437 0.656582 -0.721921 0.795952 0.573258 0.677537 0.458765 -0.1251 0.127675 -0.0181969 
0.21665 0.262216 0.226382 0.459605 -0.415371 0.407493 0.219598 0.446311 0.288624 -0.219636 0.463966 -0.432348 0.0990864 0.64213 -0.792581 -0.203053 
-0.666145 -0.934123 -0.0716755 0.72717 -0.184949 0.860783 -0.428978 -0.077717 0.0646075 0.780148 -0.641245 -0.202923 -0.831315 -0.392716 -0.380919 -0.0665403 
pop 0 layer 2
dims 4 32
-0.290669 -0.0811528 -0.323718 -0.0897088 0.854904 0.26348 0.862237 0.104917 0.525396 -0.288383 0.115675 0.617643 -0.510302 0.232106 0.201857 0.148747 0.0265246 -0.184562 0.149778 -0.456893 -0.666962 -0.818425 -0.278315 -0.535985 0.0694702 0.46511 0.0241156 0.222009 0.313738 0.201646 0.190262 -0.100134 
0.0160966 -0.24883 -0.0554079 0.494722 -0.134876 -0.00859879 -0.118037 -0.178897 0.319583 -0.0146991 -0.0983765 0.81856 0.12097 -0.215239 -0.140272 -0.434277 0.555031 -0.356686 -0.116857 0.237206 -0.592632 0.00287751 0.780742 -0.357665 0.319555 0.338222 0.184023 0.0388533 0.0648919 0.196378 0.353381 0.0230298 
0.883689 -0.480765 0.154079 -0.017178 -0.610684 -0.483891 -0.293726 0.077803 -0.273606 0.75333 -0.169831 -1.17215 0.54305 0.350489 0.502102 -0.0835937 0.534607 0.216728 -0.462137 -0.703167 0.0931594 -0.26851 -0.418622 -0.106448 0.00367062 -0.0919255 0.345007 -0.378202 -0.0459495 -0.082464 0.479854 -0.203365 
0.0206469 0.40005 -0.401325 -0.106764 0.0615742 0.0133596 -0.00710678 0.382507 -0.342282 -0.396555 0.213485 0.323517 0.021479 -0.829034 -0.592307 -0.116219 0.381349 0.0711906 -0.31215 0.241732 0.509587 -0.257213 -0.822219 -0.364886 0.0406011 -0.43776 0.0768216 -0.30157 0.134093 0.342056 -0.215701 -0.474457 
pop 1 layer 0
dims 16 5
0.300644 -0.487962 -0.679366 0.460537 -0.577796 
0.148283 0.0633573 0.0137141 -0.554893 -0.0588842 
0.3484 -0.346708 0.630621 -0.204747 0.0459096 
0.469722 -0.235024 0.136837 -0.22352 -0.653023 
0.596356 0.013327 0.383491 0.268341 0.374924 
-0.0553321 0.268532 0.222056 0.0388662 -0.800512 
-0.791205 -0.246783 0.111771 -0.106069 -0.182078 
0.198209 0.807531 0.0229926 0.751829 0.350744 
-0.149779 0.116351 -0.555214 -0.146662 -0.524153 
0.429397 -0.134113 -0.468856 -0.0877565 -0.277674 
0.438186 -0.0574249 0.45175 -0.104432 0.248166 
-0.29339 -0.361275 -0.564495 0.23719 -0.0535782 
-0.573685 -0.00177604 -0.0157875 0.30805 -0.0488554 
0.655828 0.301592 -0.802064 -0.129277 0.229735 
0.306143 0.0120477 -0.0683322 -0.28079 -0.186039 
0.147622 0.0454881 -0.383541 0.623573 0.298094 
pop 1 layer 1
dims 32 16
0.237716 0.686003 -0.597751 0.531165 -0.356069 -1.09811 0.199497 -0.0605153 0.401037 0.179075 0.937601 -0.127322 0.167342 0.202933 -0.606649 -0.139029 
0.0543022 0.343894 0.64797 -0.198274 -0.531219 -0.231441 -0.687583 -0.251813 -0.520207 0.159947 -0.600504 1.05347 -0.34121 -0.189528 0.918849 -0.725931 
-0.443565 -1.16858 0.320723 -0.209257 0.206991 -0.254247 0.0606851 0.37949 -0.583222 -0.0458885 0.0849826 -0.563641 -0.87016 0.376053 0.114927 -0.330981 
-0.00391308 -0.102268 0.36443 -1.09431 -0.287553 -0.45562 -0.613018 0.62752 0.245445 0.327694 -0.156143 0.489127 -0.775541 0.313214 0.895916 0.0119929 
-0.484956 0.202854 -0.668097 -0.0674201 0.00710955 0.625861 0.746266 0.124943 0.0513584 0.051393 -0.474747 0.462212 0.150886 0.774789 -0.28863 0.00311022 
-0.554906 0.496071 1.05038 0.139641 -0.122565 0.441863 -0.0668981 0.294941 0.387349 -0.35789 0.703348 -0.566989 0.285343 -0.00981366 -0.159078 0.314087 
-0.165303 -0.073092 -1.3045 -0.277137 0.603773 -0.269109 -0.271385 -0.183083 0.826505 0.051463 0.162384 0.664936 -1.05074 0.814208 0.269577 -0.129676 
0.707731 -0.735308 -0.301555 0.495924 -0.151488 -0.0297803 0.250648 -0.507809 -0.413821 -0.38252 0.123135 -0.419595 -0.401946 -0.0634048 0.221912 0.991939 
0.12043 0.196721 0.53865 0.206036 -0.153445 -0.295322 0.348453 0.638338 -0.0415151 0.303718 -0.79334 -0.804509 -0.991461 -0.360094 -0.266596 0.876195 
0.60952 0.0589855 0.144045 0.856989 0.218451 -0.45483 -0.581886 -0.171 0.119068 -0.0418882 0.0255171 0.113508 -0.412087 -0.0895718 0.463267 -0.830939 
0.0144636 -1.33322 0.990639 -0.210381 0.151435 0.197564 0.178877 -0.236295 -0.0528581 -0.902875 -0.244283 0.0311876 -0.212673 -0.589002 0.0685418 0.510291 
-0.227868 -0.939996 -0.543393 -0.358022 0.0638431 0.597614 -0.752306 0.304658 0.206421 -0.0223107 -0.483212 -0.0542255 -0.248475 -0.527981 -0.653041 0.374221 
-0.16045 -0.603834 0.0280727 -0.197642 1.30017 -0.0210413 0.438642 -0.396032 0.257002 -0.0149482 0.540211 -0.356788 -0.195811 0.410289 0.159066 -0.0159365 
-0.4284 0.361962 0.240408 -0.000670829 -0.875852 0.523004 1.00136 -1.05527 -0.5029 0.259344 -0.128367 -0.768158 -0.677735 -0.468039 -0.0214059 -0.102071 
0.461426 0.323457 -0.420677 0.179944 -1.18627 0.0799374 0.208009 0.736667 0.504615 0.345997 0.517344 -0.140895 0.443154 1.1471 -0.411207 0.0249152 
-0.104013 -0.715554 0.455355 0.233691 -0.674443 0.106052 0.627453 -0.852916 0.00890023 -0.381162 -0.469744 -0.324526 -0.245572 -0.559823 0.162317 0.105746 
0.32345 0.00738819 0.125975 -0.0446303 0.552362 0.0431346 -0.223828 0.0422198 -0.251343 0.0648526 -0.272325 -0.580968 -0.114046 0.114126 -0.27218 0.166441 
0.0733698 0.246514 -0.40109 -0.982523 -0.00494522 -0.082546 -0.580213 -0.292067 -0.269812 0.488976 -0.236874 0.406098 0.0355454 0.151344 0.509476 -0.0270857 
-0.777432 0.338399 0.258724 0.341581 -0.380038 -0.359825 0.323851 -0.116763 -0.214194 -0.220989 0.60494 0.167733 0.253764 0.375574 -0.335734 0.180558 
-0.361281 -0.501107 0.842316 -0.764363 0.911674 0.174185 -0.82692 0.494102 -0.517223 0.141977 -1.01964 -0.250766 0.410034 -0.0677352 0.748245 0.318886 
0.778532 -0.510435 -0.48359 -0.21805 -0.0571247 -0.552346 -0.586092 0.220892 0.647745 -0.387492 -0.28348 -0.721572 -0.506744 -0.0538237 -0.357913 -0.0720582 
0.303486 -0.192957 0.943433 0.0439282 -0.242071 -0.113331 -0.961127 0.901332 -0.189062 0.193556 -0.715821 0.356005 -0.0574048 0.226978 -0.925272 -0.266537 
-0.96058 -1.29251 -0.104795 -0.474491 0.367158 -0.135361 0.664648 1.11742 -0.29558 -0.0175574 0.298199 -0.189296 0.198792 0.537711 0.260406 0.518461 
-0.230602 0.656437 -0.782634 0.110195 -0.498406 -1.22926 -0.184019 -0.153384 0.191412 0.291205 0.433292 0.452136 -0.69525 -0.266497 -0.25955 0.132277 
0.104255 -0.0395323 -0.413697 -0.851192 0.178999 0.932084 -0.289917 0.93849 0.236359 -0.0371333 -0.134683 0.0999123 -0.126321 -0.180059 0.191335 0.0507849 
0.405674 -0.926965 0.0626877 -0.240504 -0.458028 -0.591699 -0.050335 0.366107 0.76638 0.380059 -0.525178 0.386157 -0.0442938 -0.327051 -0.886223 0.587598 
0.738986 -0.576253 0.302436 0.0894788 0.937066 -0.180328 -0.0205779 0.547188 -0.518457 -0.282527 -0.434065 0.290518 -0.640916 -0.103497 0.387374 -0.958483 
0.0682315 0.958463 0.0752802 -0.0782714 0.322523 0.62906 0.664164 0.201726 -0.917417 -0.224764 -0.470812 -1.29283 0.202219 -0.373512 -0.202067 0.558502 
0.277707 -0.292353 -0.256167 -0.563377 -0.165236 -0.151744 -0.219805 -0.414313 -0.150945 -0.107581 -0.190703 0.753125 -0.626391 -0.266638 0.201739 -0.17056 
-0.724921 0.130236 0.359792 -0.917755 -0.423959 -0.730905 -0.077255 0.868369 -0.672373 0.491618 0.607995 0.599754 0.345885 -0.205297 -0.0544209 0.204355 
-0.166455 0.35768 -0.257718 0.23017 -0.31969 0.455848 -0.0663167 0.41578 -0.0122149 -0.00859472 0.204907 -0.180702 0.38918 0.454504 -0.870262 -0.256584 
-0.335931 -0.775138 -0.0327993 0.749639 -0.302724 0.800369 -0.449146 -0.166054 0.12317 0.800356 -0.554954 -0.0304113 -0.871436 -0.366293 -0.510493 -0.138695 
pop 1 layer 2
dims 4 32
-0.159169 0.0158214 0.132455 -0.236722 0.39848 0.174155 0.810933 0.171248 0.403041 -0.347753 0.124378 0.970623 -0.323378 0.355654 0.551136 0.119154 0.0349431 -0.144 0.265368 -0.305663 -0.373395 -0.366049 0.100141 -0.385617 0.317462 0.548372 0.041704 0.401431 0.0558873 0.162179 0.424304 -0.419846 
-0.211802 -0.0670586 0.164766 0.630637 -0.202694 0.323198 -0.170363 -0.367838 0.0748056 0.130462 -0.140145 0.707238 -0.130021 -0.32773 -0.364967 -0.203502 0.503633 -0.132096 -0.136016 0.174629 -0.547976 -0.235971 0.511226 -0.239075 0.24774 -0.0942364 0.186841 -0.308985 0.426365 0.284198 0.11636 0.0181935 
0.351392 -0.519647 0.313978 -0.430534 -0.370024 -0.345279 -0.455294 0.216321 -0.333953 0.414169 -0.130611 -0.95082 0.381919 0.227726 0.631929 0.0533702 0.324382 0.40506 -0.424366 -0.795653 0.126007 -0.271924 -0.0203331 0.00280293 -0.300807 0.368826 -0.168268 -0.307261 0.252037 -0.083769 0.428675 -0.0846045 
0.175701 0.280684 -0.348204 -0.182843 -0.220885 -0.0590017 0.108648 0.0348957 -0.152219 -0.0340024 0.238947 0.372577 0.274833 -0.66415 -0.57575 0.309502 0.247849 -0.0556717 -0.420078 0.258454 0.439082 -0.0562715 -0.852145 -0.152072 -0.20508 -0.481942 -0.12316 -0.540437 0.358317 0.135245 -0.304539 -0.174036 
pop 2 layer 0
dims 16 5
0.0136786 -0.134697 -0.553641 0.206871 -0.332761 
0.181375 -0.123372 -0.296472 -0.193095 -0.116296 
0.281696 -0.360198 0.841426 -0.338323 -0.243655 
0.455604 -0.0445748 0.0655796 -0.27984 -0.327597 
0.547396 -0.10717 0.626058 0.253021 0.356553 
0.0884478 0.182582 0.358094 0.380265 -0.483383 
-0.75433 -0.292686 0.0157992 -0.0686654 -0.191468 
0.0523272 0.494795 0.341761 0.409863 0.0384518 
-0.120919 -0.0509446 -0.38369 -0.290987 -0.176488 
-0.293206 -0.0157937 -0.612589 0.0829176 -0.0573083 
0.617928 -0.537793 0.345875 -0.12423 -0.0543182 
-0.189325 -0.346727 -0.365997 0.241122 -0.405375 
-0.337692 -0.148954 0.164204 0.610971 -0.00941343 
0.727866 0.269459 -0.439244 -0.070575 0.363219 
0.346334 -0.0722835 0.11196 -0.434271 0.0781162 
0.211083 0.497261 -0.521152 0.282957 0.322698 
pop 2 layer 1
dims 32 16
-0.0487156 0.62126 -0.943013 0.503667 -0.272133 -1.12744 0.0725731 -0.050871 0.509629 0.203141 0.866358 0.00620914 0.163208 0.189414 -0.870673 -0.198218 
0.0453885 0.478062 0.526041 -0.0527756 -0.556464 -0.0710664 -0.751368 -0.277884 -0.733973 0.366949 -0.752564 1.28649 -0.576064 -0.0868016 0.898178 -0.594473 
-0.286271 -1.125 0.186958 -0.407431 0.0992913 -0.25059 0.313174 0.397172 -0.449629 -0.00656297 -0.0191416 -0.519223 -0.908628 0.421096 0.237736 -0.555507 
0.340542 -0.0431355 0.125962 -0.876859 -0.1976 -0.410628 -0.839186 0.746069 0.141333 0.608674 0.0322901 0.286104 -0.855635 0.232612 1.17516 -0.00760818 
-0.392094 0.16496 -0.671084 -0.40083 -0.109887 0.699507 0.379858 -0.0608744 -0.232861 -0.0141615 -0.496353 0.397639 0.178443 0.743439 -0.455968 -0.0830632 
-0.541514 0.418684 1.16385 0.295889 -0.194993 0.684936 -0.179252 -0.161095 0.463167 -0.312712 0.727849 -0.482231 0.344489 -0.16644 -0.0451201 0.454893 
-0.419069 0.272995 -1.30834 -0.401036 0.881556 -0.409539 -0.42054 -0.505163 0.720032 -0.0196662 0.0509607 0.581412 -1.23233 0.79733 0.143807 0.124429 
0.51304 -0.610916 -0.172205 0.287328 -0.282221 -0.142555 0.110544 -0.572666 -0.240952 -0.465751 0.389717 -0.768783 -0.494941 0.0861099 0.039127 1.06848 
-0.0919508 0.526112 0.426713 0.229946 0.0105382 -0.517662 0.311647 0.920187 0.116728 0.336383 -0.945159 -0.656438 -1.05793 -0.296881 -0.66565 0.69924 
0.877097 0.244275 -0.00642734 0.978569 0.13293 -0.474411 -0.880371 0.0148653 0.366092 0.22064 -0.269833 0.112684 -0.24209 -0.357358 0.35056 -0.876617 
-0.100996 -1.60413 1.35297 -0.206305 0.0841925 0.405033 -0.234375 -0.341551 -0.139942 -0.835169 -0.0356791 -0.235249 -0.353629 -0.733096 -0.1252 0.501248 
-0.287025 -0.966412 -0.575504 -0.594093 -0.0487443 0.641761 -1.03001 0.374161 -0.0516542 0.012029 -0.568939 -0.404465 -0.241021 -0.191512 -0.710146 0.258066 
0.0044388 -0.632527 0.126037 -0.157353 0.996053 0.0240441 0.483869 -0.613033 0.201339 0.0914793 0.585804 -0.190526 -0.429999 0.56884 0.0106402 0.394019 
-0.340304 0.515358 0.124477 -0.0121361 -1.03215 0.639902 1.17971 -1.26263 -0.599513 -0.0868553 0.104622 -1.0924 -0.67346 -0.390616 -0.0178233 -0.0694937 
0.606215 0.108371 -0.363781 0.221727 -1.09186 0.46969 0.269548 1.19767 0.518626 0.519988 0.805414 -0.188688 0.567047 1.04015 -0.437591 -0.0969211 
0.0356103 -0.698093 0.538586 0.0792506 -0.779868 0.0556399 0.58397 -0.962096 0.211538 -0.230026 -0.435671 -0.466197 -0.259143 -0.500623 0.151938 0.253506 
0.140124 0.196681 0.0820899 -0.0641913 0.738149 0.00269614 -0.0579856 -0.217972 -0.304122 0.0985175 -0.190413 -0.538703 0.12199 -0.0936686 -0.301402 -0.0719777 
0.203855 0.49951 -0.726435 -1.42782 -0.186935 -0.0963651 -0.790201 -0.578383 -0.127543 0.58614 -0.514574 0.423991 0.0869332 0.517004 0.476851 -0.0343062 
-0.884129 0.39832 0.297766 0.394375 -0.0916845 -0.466831 0.468525 -0.295193 -0.198462 -0.306733 0.469284 0.0228599 0.296639 0.161147 -0.288161 0.256533 
-0.57646 -0.190468 1.0823 -0.587071 0.832816 0.0779584 -0.893507 0.308344 -0.47143 0.222954 -0.920527 -0.472927 0.33609 0.339032 0.688827 0.535723 
0.857005 -0.492027 -0.707268 -0.119045 -0.141495 -0.643106 -0.630325 0.0936264 0.793336 -0.439695 -0.420971 -0.971829 -0.656299 -0.233039 -0.21945 0.0833809 
-0.0629389 -0.0841653 1.208 0.259485 -0.146902 0.282332 -0.962621 1.01342 -0.0608983 0.232132 -0.887069 0.630363 0.0300222 0.317023 -0.946947 -0.445115 
-0.973113 -1.07077 -0.141829 -0.363974 0.32095 -0.219369 0.82421 1.13555 -0.399782 -0.148487 -0.03921 -0.0596665 0.113041 0.753952 0.347475 0.492229 
-0.386909 0.832435 -0.730281 0.10627 -0.705792 -1.45959 -0.220442 -0.125157 -0.0685567 0.49476 0.727421 0.374626 -0.766994 -0.282992 -0.435801 0.109891 
0.154871 -0.198762 -0.566865 -0.904437 0.208267 0.821394 -0.465708 1.13008 0.0875206 0.171567 -0.116807 -0.126705 -0.0683094 -0.258799 0.359061 0.282123 
0.517225 -0.638955 0.134043 -0.461788 -0.377942 -0.535239 -0.152257 0.359459 0.937449 0.195634 -0.885515 0.506538 -0.132107 -0.274138 -0.567656 0.911102 
0.506058 -0.699557 0.3438 0.0285868 1.23734 -0.35556 0.0688628 0.528512 -0.419105 -0.378789 -0.650653 0.177693 -0.739061 -0.151032 0.266235 -0.991027 
0.187591 1.18495 -0.172267 -0.0422045 0.311888 0.496104 0.64076 0.502734 -1.14163 -0.34193 -0.500558 -1.45242 0.314176 -0.181663 -0.339882 0.839708 
0.345424 -0.231681 -0.45864 -0.61955 0.359584 -0.548202 -0.280484 -0.394086 -0.0315434 -0.223059 -0.0661714 0.94778 -0.868204 -0.207388 0.347786 0.0975436 
-0.725264 0.255109 0.333275 -0.721127 -0.403134 -0.46353 0.130655 0.641962 -0.778874 0.761575 0.447454 0.617407 0.394392 -0.513144 -0.0111346 0.323108 
0.112335 0.25408 -0.128472 0.553162 -0.43567 0.892491 -0.312473 0.402151 0.136504 -0.254496 0.37655 -0.319461 0.234305 0.699055 -0.97131 -0.488612 
-0.497861 -0.805999 0.0306745 0.876475 -0.240907 1.05663 -0.242458 -0.160442 0.036975 0.805611 -0.740582 -0.0852984 -0.882097 -0.604689 -0.307706 0.0539712 
pop 2 layer 2
dims 4 32
-0.25751 0.082357 0.0290318 -0.327902 0.519582 0.274356 1.11717 -0.240627 0.809548 -0.0204971 0.178064 0.633828 -0.843251 0.751516 0.729293 0.519235 0.339526 -0.473843 0.186399 -0.35018 -0.862767 -0.90415 -0.262154 -0.532719 0.130583 0.453145 0.0829359 0.465213 0.276223 0.139806 0.441483 -0.0525184 
-0.212573 -0.0158078 -0.00977006 0.411282 -0.141142 0.0532857 -0.0155324 0.122622 0.277298 0.309032 0.032637 0.792328 0.194124 -0.151228 0.0419037 -0.147529 0.502685 -0.272923 -0.264072 0.382473 -0.658925 -0.324205 0.425001 0.016034 0.239772 0.294663 0.325552 0.0775018 0.27669 0.233894 0.397938 -0.0949397 
0.778267 -0.297803 -0.206229 -0.478284 -0.583522 -0.326753 -0.713382 -0.407245 -0.203882 0.79459 0.0556377 -1.05837 0.133228 -0.194935 0.69351 -0.258974 0.330361 0.356748 -0.747082 -0.789948 0.280151 -0.0372158 -0.322012 -0.300399 0.137941 0.0226719 0.213997 -0.498285 0.155134 0.0455204 0.492969 0.0874356 
0.174311 0.19003 -0.725276 -0.940878 0.466806 -0.347212 -0.239285 0.0794431 -0.0473421 -0.040666 -0.350204 0.403535 -0.117145 -0.899011 -0.869472 -0.147249 0.162511 -0.0613463 -0.275078 0.1704 0.334192 -0.477214 -0.873432 -0.417732 0.0530619 -0.228382 0.0398877 -0.486759 0.802089 0.187777 -0.141588 -0.676824 
pop 3 layer 0
dims 16 5
-0.0325846 -0.598177 -0.660589 0.391347 -0.0957534 
0.0959372 0.0813973 -0.0693725 -0.485042 -0.215307 
0.328363 -0.238383 0.658878 -0.273144 0.295824 
0.567197 -0.00875961 0.23611 -0.326141 -0.540745 
0.677352 0.16194 0.571622 0.277287 0.180259 
-0.0594329 0.272814 0.463016 0.300017 -0.586531 
-0.693889 -0.272987 -0.0227129 -0.188648 -0.175956 
0.102913 0.706824 0.219212 0.312962 0.368589 
-0.0137774 0.0291376 -0.4216 -0.421226 -0.478318 
0.317925 0.0921026 -0.857359 -0.240002 -0.331513 
0.34404 -0.325571 0.489016 -0.131095 -0.0321688 
-0.198108 -0.12928 -0.646256 0.274464 -0.13532 
-0.552085 -0.293243 -0.0122222 0.439138 0.0621135 
0.678403 0.144834 -0.864385 -0.137877 0.261127 
0.37429 0.270516 -0.0198818 -0.409386 -0.00475683 
0.249612 0.45411 -0.421146 0.59056 0.296597 
pop 3 layer 1
dims 32 16
-0.193474 0.477873 -0.857598 0.828258 -0.508941 -1.33112 0.0563293 -0.137316 0.410067 0.103573 0.715461 -0.0531171 0.129892 0.235042 -0.701418 -0.276465 
-0.12361 0.0836326 0.385283 0.174389 -0.410467 0.0967311 -0.437503 -0.397024 -0.489874 0.184212 -0.303709 1.16973 -0.758774 0.000196134 0.756314 -0.823432 
-0.211673 -0.734063 0.0946323 -0.173713 0.0219687 -0.217076 0.294163 0.0837498 -0.493592 0.0451882 0.00223541 -0.282108 -0.869932 0.384902 0.420422 -0.497049 
0.0739496 -0.22875 0.394496 -0.816496 -0.170108 -0.0632586 -0.628303 0.589455 0.333665 0.157819 -0.222553 -0.0473172 -0.906162 0.418533 0.932191 -0.127784 
-0.295393 0.312619 -0.724679 -0.215439 -0.230495 0.480743 0.476163 0.112138 -0.217482 -0.317488 -0.0656273 0.408776 0.15422 0.456359 -0.379523 -0.146246 
-0.59413 0.0451762 1.12938 0.222881 -0.394833 0.493119 -0.100461 -0.0534563 0.250215 -0.462639 0.953912 -0.333999 0.235871 -0.205027 -0.0779983 0.444296 
-0.341444 -0.0506643 -1.18596 -0.59902 0.926464 -0.256312 -0.27822 -0.61773 0.639058 -0.0621426 -0.0963292 0.422609 -0.90508 0.962608 0.111506 0.159 
0.519159 -0.680538 -0.0682081 0.202489 -0.26496 -0.043346 0.084545 -0.574877 -0.211448 -0.430303 0.287996 -0.345903 -0.599316 -0.194403 0.146553 0.850956 
-0.147206 0.547534 0.142017 0.394241 -0.103383 -0.364141 0.0341307 0.578347 0.241948 0.449601 -0.931337 -0.654796 -0.861784 0.0251635 -0.469285 0.926559 
0.59338 0.35662 -0.100859 0.799467 -0.0546597 -0.446211 -0.722918 -0.0275718 0.208809 0.329444 -0.201083 -0.0631474 -0.109037 -0.368932 0.377719 -0.964678 
-0.267856 -1.24507 1.07375 -0.0577797 -0.132568 0.199585 -0.200149 -0.248166 -0.11421 -0.670463 -0.0642336 -0.127152 -0.360204 -0.749275 -0.136022 0.373007 
0.123301 -0.839096 -0.552517 -0.304646 0.0607197 0.76231 -0.743276 0.435516 -0.0109339 0.24934 -0.446064 -0.469097 -0.333535 -0.278728 -0.824874 0.325481 
-0.164387 -0.571932 0.203291 -0.066763 1.04379 0.0364138 0.699159 -0.468195 -0.124654 0.153997 0.521079 0.0315706 -0.534808 0.563153 0.250573 0.586745 
-0.205311 0.344359 -0.126696 0.209109 -0.771722 0.630975 1.21814 -0.798997 -0.917101 -0.25517 0.0629753 -0.888942 -0.423581 -0.389073 0.0748674 -0.0254324 
0.0910268 0.316606 -0.347561 0.348219 -0.939194 0.449682 0.235656 0.881215 0.619509 0.355784 0.743147 0.0473101 0.448643 0.937163 -0.431981 0.036483 
-0.108266 -0.61914 0.426951 -0.0971183 -0.601204 -0.0414571 0.52194 -0.815032 0.250557 -0.279593 -0.480106 0.0158649 0.153781 -0.452146 0.163059 0.247375 
0.353312 0.174538 0.123127 -0.0638406 0.568035 0.0247579 -0.12207 -0.115077 -0.293444 0.120419 0.0522985 -0.595517 -0.27543 0.0640069 -0.362039 -0.234062 
0.195207 0.186705 -0.501037 -1.2804 -0.128491 -0.0815816 -0.881015 -0.542307 -0.133059 0.24813 -0.433337 0.730145 0.0392581 0.24205 0.531337 -0.15428 
-0.567256 0.281468 0.398744 0.23745 -0.0242757 -0.497811 0.577812 -0.397087 -0.130541 -0.526435 0.652441 -0.0223243 0.00638191 0.223666 -0.521742 0.267063 
0.000486658 -0.301876 0.812902 -0.800677 0.878564 0.0736714 -0.609925 0.213402 -0.220601 0.145363 -0.966097 -0.328771 0.345873 0.139254 0.773421 0.500862 
0.456727 -0.458 -0.735376 -0.151993 -0.0418954 -0.624136 -0.559935 0.119056 0.349399 -0.323325 -0.344091 -1.11849 -0.656131 0.078992 -0.346947 0.393374 
0.0929209 0.0411927 1.03554 0.111681 -0.183933 0.076046 -0.522557 0.563845 -0.121948 0.45922 -0.761411 0.70428 0.244804 0.398703 -0.683537 -0.158449 
-1.39568 -1.25452 0.0529586 -0.425614 0.420338 -0.208321 0.463268 0.964139 -0.234447 -0.325679 -0.293396 -0.114591 0.15525 0.735942 0.140043 0.346947 
-0.298201 0.700141 -1.00453 0.185238 -0.975553 -1.5143 -0.181519 -0.178956 0.0217495 0.155003 0.726567 0.28221 -0.64799 0.0321303 -0.253619 0.296645 
0.221982 -0.00614773 -0.552901 -0.834983 0.384582 1.07339 -0.378964 0.87505 0.105736 -0.156903 -0.177042 -0.0400241 0.0466114 -0.418974 0.577977 0.20258 
0.219948 -1.0439 0.0987157 -0.640816 -0.568179 -0.524089 0.0683766 0.538358 0.889855 0.316075 -0.649288 0.375402 0.157938 -0.338569 -0.459658 0.828748 
0.421308 -0.524249 0.0961976 0.0271747 0.989133 -0.0862185 0.300833 0.413329 -0.529114 0.0235647 -0.706335 0.129752 -0.804338 0.00960786 -0.130318 -0.888992 
0.121947 0.808167 -0.144682 -0.112168 0.211896 0.585168 0.294494 0.149345 -0.808634 -0.359515 -0.528249 -1.52303 0.668609 -0.122318 -0.281838 0.689219 
0.223567 -0.419974 -0.485158 -0.408323 0.29674 -0.550143 -0.351398 -0.266263 -0.115585 -0.331856 -0.134871 0.618618 -0.71569 -0.198641 -0.027987 0.265144 
-0.668837 -0.0883216 0.416417 -0.663534 -0.634004 -0.526576 -0.300608 0.374952 -0.667067 0.621809 0.382219 0.739492 0.572841 -0.330638 -0.00740328 0.407316 
0.0628721 0.282425 -0.0759035 0.277168 -0.342028 0.44889 -0.0196015 0.338458 0.276543 -0.332036 0.366452 -0.14035 0.345412 0.625076 -1.02891 -0.423665 
-0.356412 -0.621019 -0.0207463 0.876876 -0.333337 1.09794 -0.308194 -0.189542 0.031112 0.790618 -0.870742 -0.390673 -0.857359 -0.382265 -0.21083 -0.1995 
pop 3 layer 2
dims 4 32
-0.0358957 0.00211303 0.0224399 -0.370507 0.351163 0.175251 1.04276 0.0800397 0.46093 -0.290052 -0.025309 0.813029 -0.585262 0.393211 0.6064 0.221613 -0.157998 -0.128946 0.230341 -0.208899 -0.342331 -0.572788 0.01695 -0.549571 0.21103 0.461637 -0.0782923 0.309469 0.247978 0.31894 0.481138 -0.192268 
-0.0177166 -0.0679658 -0.0188375 0.624065 -0.249208 0.193515 -0.148725 -0.215824 0.050951 0.366042 -0.0336006 0.779749 0.0720077 -0.230115 -0.134223 -0.271719 0.404709 -0.214003 -0.110143 0.308277 -0.56249 -0.302052 0.665615 -0.148548 0.377889 0.0523242 0.250359 -0.335713 0.205327 0.0655771 0.343587 0.0702062 
0.830004 -0.272542 0.0225444 -0.460319 -0.559873 -0.531626 -0.416101 0.0403626 -0.123801 0.558178 0.0156975 -1.13724 0.541414 0.423838 0.779114 -0.155795 0.820619 0.472979 -0.579933 -0.627399 0.253155 -0.35694 -0.120223 -0.105154 -0.217761 -0.0275342 -0.0142141 -0.395394 0.212619 0.0429323 0.488875 0.177743 
0.30065 0.333573 -0.68377 -0.449739 0.0225362 -0.0150683 -0.0197896 0.182334 -0.0466534 0.164686 0.180729 0.373602 0.132159 -0.87927 -0.811801 0.101376 0.303349 -0.188424 -0.551328 0.238315 0.43073 -0.387717 -0.955682 -0.408244 -0.115323 -0.55704 0.0315295 -0.535905 0.357657 0.372596 -0.427752 -0.332131 
pop 4 layer 0
dims 16 5
0.309282 -0.56851 -0.654881 0.417089 -0.549068 
0.103191 -0.0302771 0.0762899 -0.584359 -0.105926 
0.429501 -0.339037 0.416077 -0.232915 0.168495 
0.411214 -0.0503345 0.138574 -0.280316 -0.653439 
0.343266 0.0275457 0.434942 0.31714 0.41315 
-0.150931 0.279216 0.377438 -0.0905913 -0.71575 
-0.877985 -0.251827 0.0766662 -0.110289 -0.261114 
0.17598 0.765949 -0.123375 0.590091 0.164409 
-0.13268 -0.0829707 -0.636482 -0.216769 -0.458979 
0.36347 -0.014904 -0.449664 -0.0923326 -0.262531 
0.434368 -0.043619 0.370455 -0.060661 0.386038 
-0.377064 -0.478084 -0.493511 0.383399 -0.227747 
-0.434109 -0.184999 -0.129778 0.0960509 -0.0278376 
0.576246 0.229161 -0.819751 0.0521708 0.0830115 
0.24142 0.0226124 0.0856519 -0.363373 -0.203979 
0.248369 0.195547 -0.457464 0.421132 0.213709 
pop 4 layer 1
dims 32 16
-0.0385668 0.60977 -0.487582 0.501064 -0.249409 -0.871769 0.174371 -0.133967 0.521014 0.180378 0.885749 -0.24363 0.14136 0.0762928 -0.677165 -0.0735561 
0.143727 0.426845 0.561425 -0.120016 -0.407002 -0.309555 -0.851231 -0.133083 -0.392114 0.333382 -0.41793 0.958054 -0.331186 -0.173088 0.926638 -0.518821 
-0.36895 -0.869413 0.288014 0.00868995 0.360342 -0.101238 0.143625 0.492457 -0.422682 -0.119821 0.0382935 -0.440719 -0.62903 0.372635 -0.0378872 -0.396065 
-0.17111 0.0235108 0.220696 -0.937422 -0.278983 -0.386107 -0.528255 0.547356 0.169354 0.321699 -0.123722 0.475422 -0.93901 0.229626 0.788951 -0.0661203 
-0.80583 0.112831 -0.665025 -0.0285453 0.076604 0.624377 0.731917 -0.00305966 -0.0494371 0.0932489 -0.363914 0.427818 0.145806 0.679446 -0.289617 -0.0597852 
-0.429611 0.513256 1.13433 0.0825902 -0.0551958 0.410841 -0.0221191 0.224957 0.498107 -0.399936 0.648516 -0.555803 0.273203 0.0313936 -0.327964 0.234996 
-0.045125 -0.0782616 -1.30877 -0.256669 0.539682 -0.396899 -0.419046 -0.319744 0.742541 0.187479 0.0676579 0.706319 -0.898613 0.656703 0.122799 -0.261737 
0.828326 -0.831771 -0.32645 0.395134 -0.230159 -0.0444136 0.232217 -0.579045 -0.442181 -0.274256 0.279268 -0.331351 -0.213444 -0.0266276 0.267151 0.987587 
0.0775357 0.22167 0.397515 0.0374901 -0.0249478 -0.239108 0.329713 0.420516 0.0742032 0.409072 -0.742454 -0.826713 -0.98914 -0.305894 -0.255878 0.926799 
0.512935 -0.160956 0.181848 0.804718 0.205507 -0.391774 -0.671025 -0.0873515 0.302712 -0.0468403 -0.00160952 0.125555 -0.158736 0.0538606 0.24272 -0.62824 
-0.0728985 -1.05945 0.891922 -0.300901 0.170014 0.166423 0.217397 -0.288239 0.0120614 -0.98517 -0.165058 -0.0243352 -0.208774 -0.519763 0.0749545 0.330087 
-0.168932 -0.742699 -0.542238 -0.263508 0.0244813 0.416332 -0.650085 0.331846 0.275376 0.0567218 -0.40698 -0.0387822 -0.216742 -0.419542 -0.592553 0.31641 
-0.150834 -0.594552 0.105673 0.0282395 0.9949 -0.034309 0.165693 -0.284953 0.23503 0.213705 0.524303 -0.149735 -0.00995628 0.397555 0.208664 0.00116067 
-0.242156 0.200806 0.285457 -0.139168 -0.801428 0.462878 0.725327 -1.06423 -0.236175 0.223257 -0.14685 -0.649985 -0.649831 -0.390277 -0.0888432 -0.110448 
0.349429 0.454468 -0.43484 0.136161 -1.01254 -0.0791187 0.211612 0.4594 0.388661 0.408181 0.541207 -0.205362 0.423685 0.879353 -0.456422 -0.133566 
-0.0460996 -0.699688 0.306888 0.0822134 -0.753539 0.00939612 0.444914 -0.718886 0.0371853 -0.135554 -0.435691 -0.301542 -0.235815 -0.550245 0.105418 0.133488 
0.279719 -0.0579164 0.313859 -0.233668 0.473287 0.0718955 -0.115896 -0.0642731 -0.253692 0.277458 -0.183899 -0.617376 -0.0957855 0.0473027 -0.0584995 0.253252 
0.0575622 0.359518 -0.341898 -0.656027 0.0195158 -0.0523124 -0.725611 -0.295042 -0.126229 0.309578 -0.257638 0.361942 0.198735 0.100737 0.328023 0.0472904 
-0.709803 0.317473 0.14613 0.475405 -0.476371 -0.490025 0.391189 -0.0876347 -0.28098 -0.205543 0.572568 0.245491 0.248205 0.428909 -0.462935 0.0619328 
-0.283434 -0.517262 0.851103 -0.670061 0.704167 0.145995 -0.512972 0.424329 -0.52636 0.167142 -0.828948 -0.163083 0.442788 -0.0672341 0.528397 0.27034 
0.461325 -0.443888 -0.469054 -0.0885292 -0.156634 -0.478887 -0.442839 0.26503 0.653654 -0.253914 -0.15801 -0.669077 -0.549054 -0.0781978 -0.385654 -0.165301 
0.150895 -0.25279 0.739027 -0.107132 -0.123115 -0.198048 -0.758901 0.949894 -0.0750561 0.139264 -0.775023 0.319768 -0.0284524 0.489568 -0.851689 -0.219144 
-0.962775 -1.02309 -0.275298 -0.545913 0.333778 -0.183395 0.521178 0.903504 -0.504005 -0.0818771 0.316757 -0.251848 0.161567 0.575421 0.155103 0.332658 
-0.191315 0.604976 -0.620804 0.169484 -0.400722 -1.0233 -0.0995808 -0.10133 0.164997 0.190019 0.43202 0.443652 -0.593854 -0.204615 -0.17677 -0.0756988 
0.0420962 -0.0572622 -0.252496 -0.66819 0.239599 0.669879 -0.242814 1.11534 0.289259 -0.0781549 -0.200633 -0.0125343 -0.117936 -0.252591 0.271459 -0.0660812 
0.315549 -0.838662 0.119058 -0.1131 -0.441047 -0.513117 -0.0477183 0.302049 0.830515 0.361917 -0.548268 0.397878 -0.0141583 -0.533983 -0.660298 0.536252 
0.489393 -0.637514 0.438211 0.221611 0.739496 -0.0218382 -0.0787397 0.273913 -0.392592 -0.149048 -0.35191 0.374283 -0.51734 -0.0665488 0.421722 -0.87306 
0.110522 0.896342 0.0372651 -0.0457559 0.241723 0.579839 0.619973 0.386515 -1.05907 -0.336963 -0.526163 -1.18756 0.368883 -0.528479 -0.19208 0.356972 
0.303341 -0.166633 -0.283581 -0.529142 -0.188618 -0.26322 -0.433631 -0.578496 -0.0563962 -0.101275 -0.0299395 0.530671 -0.580465 -0.133609 0.252107 -0.309171 
-0.644442 0.147847 0.271294 -0.702829 -0.482794 -0.445199 -0.107068 0.729694 -0.695873 0.389423 0.489321 0.621719 0.270405 -0.023699 -0.0116244 0.17031 
-0.257055 0.296396 -0.262879 0.214354 -0.283572 0.384761 0.00856334 0.1335 -0.0397131 -0.0475503 0.124472 -0.302354 0.60252 0.246331 -0.901251 -0.317629 
-0.15256 -0.57283 0.0357984 0.670565 -0.218211 0.558892 -0.245879 -0.124685 0.200783 0.819496 -0.425999 0.000607762 -0.903693 -0.309387 -0.495609 -0.174381 
pop 4 layer 2
dims 4 32
-0.0144401 -0.0796413 0.0747162 0.00757294 0.320357 0.211392 0.862945 0.0738365 0.606519 -0.489563 0.169224 0.843081 -0.384887 0.397942 0.340595 0.00494351 0.0508546 -0.228786 0.135028 -0.485261 -0.250361 -0.290994 0.138246 -0.240264 0.374078 0.492999 0.0432844 0.49018 0.0678385 0.079602 0.480297 -0.376566 
-0.0621859 0.0107059 0.206081 0.593235 -0.282014 0.347401 -0.204589 -0.280864 0.0505512 0.124515 -0.158789 0.583917 -0.0982833 -0.130668 -0.306971 -0.242516 0.482121 -0.133793 -0.164767 0.265571 -0.443823 -0.324436 0.361252 -0.198795 0.183388 -0.0315869 0.00612609 -0.169555 0.0818628 0.213121 0.146854 -0.143255 
0.506834 -0.419986 0.282751 -0.477937 -0.243237 -0.308737 -0.470275 0.267199 -0.423512 0.21123 -0.0359865 -0.961825 0.286027 0.135186 0.626616 0.182843 0.307317 0.293774 -0.45661 -0.773115 0.173025 -0.267375 -0.00598838 -0.0527579 -0.153303 0.471437 -0.177135 -0.265216 0.417283 -0.107257 0.284432 0.0769886 
0.10684 0.12534 -0.151784 -0.272878 -0.37548 -0.0625874 0.0151745 0.141633 -0.0547602 -0.191629 0.145888 0.402297 0.125448 -0.507304 -0.566326 0.426078 0.2128 0.176513 -0.441747 0.34177 0.345112 -0.0790561 -0.639037 -0.267363 0.0179312 -0.373672 -0.0655911 -0.391421 0.380603 0.0886044 -0.164619 -0.134646 
pop 5 layer 0
dims 16 5
-0.0999032 -0.128863 -0.742755 0.0794797 -0.0575933 
-0.0642792 -0.104849 -0.0215449 -0.31113 0.082362 
0.261202 -0.230868 0.675491 -0.178194 -0.103192 
0.115909 -0.0671288 0.310466 0.0230138 -0.421142 
0.736145 -0.33225 0.497476 -0.304222 0.0799493 
-0.140491 0.178417 0.330359 0.46291 -0.296556 
-0.938429 -0.23061 0.1505 -0.0751398 -0.175977 
0.0568751 0.595178 -0.0302301 0.328808 0.532751 
-0.218094 -0.0101308 -0.0608062 -0.404109 -0.547429 
-0.452829 0.144781 -0.398677 -0.350112 -0.332205 
0.630249 -0.267077 0.503121 -0.140295 0.0472968 
-0.02862 -0.150101 -0.791129 0.163943 -0.431277 
-0.404184 -0.513514 0.167246 0.287557 0.0892549 
0.375307 0.0264149 -0.817048 -0.043293 0.48023 
0.398969 0.403261 0.192617 -0.336589 -0.145897 
0.127417 0.999705 -0.713913 0.489139 0.32775 
pop 5 layer 1
dims 32 16
-0.147704 0.506264 -0.564431 0.607967 -0.538764 -1.15601 0.0348616 0.0593504 0.407681 0.351415 0.682029 -0.0940761 0.110434 0.132977 -0.704943 -0.0767129 
-0.0380194 0.227364 0.509386 -0.0198288 -0.365924 0.0606334 -0.461994 -0.136021 -0.68239 0.0480887 -0.398796 1.15848 -0.575583 0.30076 0.83579 -0.848194 
-0.367742 -1.00555 0.45864 -0.45966 0.320263 -0.0484953 0.18115 0.321184 -0.422982 -0.112117 0.366421 -0.587511 -0.707845 0.156492 0.396031 -0.624949 
0.156297 0.0958 0.496982 -0.97881 -0.329459 -0.390307 -0.549055 0.788745 0.152197 0.383655 -0.0656325 0.222308 -0.814623 0.236998 0.81778 -0.0144965 
-0.470908 0.128811 -0.906077 -0.219012 0.0698627 0.43149 0.756672 0.0321137 -0.0682259 -0.149444 -0.325757 0.0822159 0.401191 0.674623 -0.703575 -0.444485 
-0.576329 0.148158 1.09318 0.148547 -0.196986 0.536885 0.0178655 -0.259496 0.430461 -0.0474223 0.839732 -0.12399 0.357602 -0.295889 -0.274596 0.474926 
-0.111571 -0.154285 -1.12984 -0.147956 0.953152 -0.454495 -0.566655 -0.457612 0.766167 -0.196549 -0.073077 0.664265 -0.783993 0.651754 0.176577 0.162633 
0.581653 -0.348743 0.14171 0.216238 -0.518973 -0.21271 0.287591 -0.443383 -0.218579 -0.271386 0.0898433 -0.153199 -0.300195 0.163647 0.0835677 1.10966 
-0.0546343 0.370719 0.471292 0.251578 0.0294979 -0.455597 -0.0953277 0.591734 0.168386 0.0606453 -0.909552 -0.683108 -0.827214 -0.46027 -0.484444 0.742029 
0.691869 0.198575 0.336596 0.852132 -0.0171429 -0.407986 -0.669259 0.234555 0.261729 0.259096 -0.0502387 0.358654 -0.0715232 -0.713201 0.513116 -0.708191 
0.0267971 -1.2156 1.00515 -0.115147 0.185785 0.0825807 -0.135084 -0.0198762 -0.00641827 -0.851902 0.0610654 -0.141295 -0.182171 -0.417153 0.112447 0.484073 
-0.106333 -1.07789 -0.524903 -0.271997 -0.0532318 0.514543 -0.795301 0.29773 0.114968 0.0965118 -0.382817 -0.270975 -0.403088 -0.402653 -0.700565 0.428488 
-0.302545 -0.239851 0.0637413 -0.0979957 0.988013 0.18385 0.33991 -0.356267 -0.00985514 0.167477 0.377921 -0.0825283 -0.307033 0.618127 -0.0941639 0.314303 
-0.188198 0.24931 0.196283 -0.00714453 -0.829997 0.410001 0.947252 -1.06166 -0.657186 0.0643162 -0.045625 -0.744494 -0.609647 -0.174432 -0.130404 -0.158918 
0.207502 0.215024 -0.278804 0.352253 -0.915526 0.292781 0.434527 0.745411 0.561089 0.310301 0.76112 -0.341822 0.147533 0.820494 -0.405636 0.0389372 
-0.170112 -0.468359 0.415435 0.113762 -0.745478 -0.0871123 0.644463 -0.937713 0.0981161 -0.37612 -0.429364 -0.255881 0.100277 -0.511251 -0.0760098 0.143735 
0.0195311 0.451432 0.133899 -0.216399 0.670709 -0.137869 -0.0535222 -0.0897911 -0.434556 0.118478 -0.103176 -0.526666 0.0196627 0.0757923 -0.279492 -0.197446 
0.068319 0.177324 -0.473696 -1.28858 0.101021 -0.0850884 -0.643091 -0.33852 0.0220736 0.458523 -0.40824 0.631204 0.344331 0.439311 0.566164 0.0211384 
-0.897669 0.319341 0.368681 0.353695 -0.0455957 -0.143251 0.213043 -0.00477276 -0.104946 -0.294682 0.59821 0.326486 0.137545 0.230854 -0.427141 0.120301 
-0.0677656 -0.162921 0.728921 -0.640507 0.737924 0.20487 -1.01875 0.265491 -0.494349 0.0235375 -1.07381 -0.408476 0.175904 0.0817985 0.601533 0.751933 
0.670057 -0.627793 -0.618427 -0.00996777 -0.255904 -0.516884 -0.364133 -0.0597407 0.771615 -0.520495 -0.255909 -0.647094 -0.601314 -0.20073 -0.144893 0.250614 
0.175689 -0.115316 1.00695 0.166805 0.00449726 0.257263 -0.844615 0.594279 0.102859 0.247546 -0.593392 0.700925 -0.093775 0.220034 -1.06361 -0.219171 
-1.26374 -1.11604 -0.422474 -0.435453 0.337616 -0.109028 0.866852 0.9367 0.0155095 -0.144552 0.0808998 -0.0640772 0.0867142 0.338915 0.352563 0.154704 
-0.382338 0.773352 -0.573567 0.0616418 -0.669703 -1.12037 -0.0397844 0.0754062 -0.113701 0.285728 0.798703 0.563313 -0.658161 -0.270489 -0.20398 0.155523 
0.0290146 -0.287995 -0.441053 -0.864482 0.489926 0.735224 -0.593097 1.03005 -0.00573673 -0.0594502 0.0304681 -0.292039 -0.0772054 -0.304862 0.395354 0.119329 
0.426388 -0.813749 -0.201042 -0.213445 -0.251877 -0.46894 -0.0949956 0.441478 0.937328 0.192117 -0.847598 0.315691 -0.06344 -0.302858 -0.587722 0.904282 
0.642919 -0.617106 0.199594 0.171631 0.821871 -0.152058 0.0838478 0.657483 -0.273691 -0.369072 -0.614362 0.245659 -0.462337 -0.0839801 0.177962 -1.02483 
-0.0392767 0.945371 -0.230456 -0.230582 0.253887 0.435983 0.676957 0.235442 -0.767263 -0.335789 -0.460352 -1.56451 0.165093 -0.38849 -0.100112 0.784867 
0.57221 -0.420648 -0.151413 -0.537352 0.277816 -0.510601 -0.365871 -0.629807 0.201613 -0.258362 0.0547595 0.597801 -0.615613 -0.214645 0.194002 0.357004 
-0.628078 0.216934 0.264537 -0.546859 -0.308472 -0.672961 -0.272237 0.425894 -0.885005 0.563288 0.489468 0.626724 0.509089 -0.36858 -0.19111 0.224249 
-0.144204 0.218412 -0.27268 0.422519 -0.707073 0.459554 -0.21095 0.197896 0.111228 0.0439537 0.676244 -0.387579 0.412477 0.599419 -0.945836 -0.419701 
-0.348539 -0.617772 0.029626 0.852219 -0.383813 0.902377 -0.400108 -0.107241 0.168706 0.87434 -0.723332 -0.164178 -0.829424 -0.778855 -0.420449 -0.171856 
pop 5 layer 2
dims 4 32
-0.12632 -0.0620196 -0.125254 -0.155369 0.691211 0.342781 1.28325 0.0244151 0.713861 -0.236509 0.317861 0.693293 -0.488339 0.535082 0.285745 0.307121 -0.230144 -0.0722377 -0.0839716 -0.302228 -0.532141 -0.902489 -0.091599 -0.6514 0.0625269 0.502058 0.131732 0.353196 0.163866 0.354931 0.321737 -0.164908 
0.0280808 -0.326292 -0.149262 0.618565 -0.181205 0.198633 -0.0950608 -0.335272 0.107369 0.173235 0.046708 0.973652 0.200455 -0.151864 -0.322829 -0.122542 0.414271 -0.35664 -0.0993447 0.2459 -0.819303 0.0757771 0.419812 0.094099 0.246283 0.189305 0.250548 -0.179815 0.112677 0.044432 0.199316 0.0994855 
0.929699 -0.396507 0.0269654 -0.298572 -0.434825 -0.400316 -0.460941 -0.0651617 -0.238928 0.582643 -0.275473 -1.11111 0.398873 0.207513 0.826851 -0.0727465 0.665536 0.276914 -0.622864 -0.222488 0.191737 -0.3808 -0.10555 -0.102893 -0.0718606 -0.188362 0.201643 -0.20577 0.0209387 0.124373 0.330521 -0.104369 
0.177801 0.429339 -0.793821 -0.597689 0.0320665 0.00111248 -0.0613317 -0.0446203 -0.0797233 -0.0986211 0.0885667 0.329908 -0.0917037 -0.723143 -0.535727 -0.0487713 0.207302 -0.0937877 -0.452549 0.340813 0.35788 -0.540564 -0.948346 -0.438714 -0.147572 -0.388946 -0.0481005 -0.495034 0.154413 0.464513 -0.322006 -0.161255 
pop 6 layer 0
dims 16 5
-0.103569 -0.512961 -0.748011 0.590618 -0.159761 
0.064283 0.0202687 -0.100612 -0.619326 -0.24328 
0.405696 -0.20321 0.863106 -0.328704 0.159118 
0.552847 -0.13438 -0.00555187 -0.278308 -0.579936 
0.62167 0.0474677 0.547216 0.16753 0.434681 
-0.0429597 0.139856 0.31007 0.347024 -0.596948 
-0.857146 -0.213887 0.0264828 -0.181135 -0.17336 
0.081766 0.726319 0.337182 0.399214 0.210086 
-0.126421 0.0198856 -0.592169 -0.549382 -0.395033 
0.124601 0.116108 -0.806185 -0.228941 -0.189845 
0.4265 -0.471713 0.544752 -0.0885686 0.0585715 
-0.309744 -0.0483649 -0.538197 0.338688 -0.1752 
-0.632251 -0.309822 0.231055 0.520056 0.140721 
0.644333 0.193554 -0.781938 -0.0283571 0.410747 
0.320932 0.19395 -0.0656013 -0.422793 -0.110637 
0.261783 0.572411 -0.538377 0.575164 0.242099 
pop 6 layer 1
dims 32 16
-0.141491 0.52159 -0.888446 0.775367 -0.638008 -1.43009 0.153386 -0.0461815 0.516395 0.156061 0.759273 0.0733672 0.264118 0.256517 -0.944296 -0.233167 
-0.041377 0.267854 0.454287 -0.0777847 -0.407525 0.0070502 -0.620953 -0.407101 -0.647069 0.15018 -0.254647 1.25782 -0.725402 0.0864534 0.913283 -0.848838 
-0.359599 -1.02436 0.197765 -0.243412 0.100095 -0.209764 0.281167 0.0665176 -0.512792 0.0457343 0.0605501 -0.489209 -0.923004 0.478644 0.584792 -0.63658 
0.0362235 -0.0589753 0.348661 -1.00237 -0.177879 -0.341374 -0.763708 0.676558 0.288786 0.242506 -0.157687 0.0663153 -1.00649 0.311347 0.998714 -0.0198658 
-0.471428 0.169753 -0.725729 -0.135217 -0.167142 0.531457 0.750963 0.0709073 -0.11302 -0.270299 -0.289327 0.423533 0.289059 0.565581 -0.358928 -0.0700094 
-0.53423 0.141928 1.18082 0.196598 -0.440793 0.476364 -0.223586 -0.0176675 0.296524 -0.274038 1.06284 -0.555889 0.367303 -0.221075 -0.142631 0.601375 
-0.392607 -0.116775 -1.12742 -0.544915 0.864903 -0.425745 -0.378406 -0.550592 0.661198 -0.174828 -0.126322 0.623803 -0.884278 0.960061 0.157525 0.214522 
0.670929 -0.638308 -0.107445 0.189109 -0.108816 -0.135183 0.113155 -0.667789 -0.333206 -0.553724 0.308604 -0.378664 -0.680286 -0.102363 0.0769122 1.0381 
-0.203921 0.501074 0.279719 0.424873 -0.0688736 -0.527238 -0.00620361 0.756663 0.200934 0.374689 -1.01194 -0.665129 -1.05304 -0.132517 -0.517496 0.869724 
0.704248 0.26005 -0.0238442 0.863862 -0.0471129 -0.618176 -0.861371 -0.101127 0.236585 0.118782 -0.256799 0.12094 -0.212151 -0.314747 0.46053 -0.921464 
-0.0757425 -1.38845 1.1288 0.00740453 0.0611338 0.336304 -0.100401 -0.185766 -0.243963 -0.872962 -0.103398 -0.154037 -0.356704 -0.747043 -0.111856 0.368816 
0.031355 -1.05867 -0.629306 -0.346472 0.0561192 0.604218 -0.810514 0.395165 0.033649 0.00765777 -0.550951 -0.291281 -0.457055 -0.368489 -0.818652 0.285405 
-0.0527148 -0.652183 0.243932 -0.336848 1.22992 -0.00736786 0.641045 -0.548435 0.0326017 0.210743 0.463092 -0.0934424 -0.492905 0.556264 0.192254 0.557184 
-0.408826 0.344123 0.126186 0.136378 -0.983829 0.578371 1.33831 -0.879899 -0.944115 -0.0170198 0.142588 -1.06052 -0.483451 -0.314881 0.0804157 -0.0413096 
0.189756 0.210261 -0.290546 0.382156 -1.08414 0.395291 0.33077 1.02107 0.652498 0.255659 0.94361 -0.19484 0.539449 1.14753 -0.412218 -0.176793 
-0.118153 -0.743652 0.45722 -0.00562727 -0.611758 -0.0722224 0.510388 -1.00813 0.0953729 -0.427175 -0.460128 -0.177711 -0.0102546 -0.445577 0.125639 0.265741 
0.336343 0.395954 -0.052598 -0.00789528 0.550501 -0.148608 -0.00122944 -0.0926232 -0.120257 0.0594578 -0.118993 -0.676354 -0.110977 -0.0853009 -0.495081 -0.0657268 
0.35707 0.358165 -0.665221 -1.43212 -0.0803362 -0.0432167 -0.662473 -0.555796 -0.150034 0.421691 -0.354954 0.632524 0.157523 0.3808 0.620892 -0.15163 
-0.843604 0.247443 0.41088 0.261573 -0.00817613 -0.571634 0.5975 -0.244698 -0.0766455 -0.568794 0.606678 0.0622068 0.0781129 0.0771758 -0.554 0.278978 
-0.212825 -0.354698 0.937556 -0.699111 0.991622 -0.00717104 -0.730335 0.199144 -0.318179 0.285615 -0.952653 -0.435544 0.280484 0.197299 0.79603 0.718199 
0.627049 -0.498728 -0.55913 0.00742192 -0.143336 -0.579681 -0.811073 0.183658 0.542728 -0.509682 -0.360263 -1.16054 -0.767325 0.118782 -0.471371 0.212001 
0.10718 -0.0941202 1.06674 0.0370015 -0.171051 0.197759 -0.831404 0.636321 -0.214363 0.415421 -0.90394 0.731369 0.162584 0.349226 -0.921384 -0.324293 
-1.40385 -1.21609 -0.126291 -0.508843 0.411371 -0.367398 0.650543 1.09398 -0.121968 -0.286514 -0.137733 -0.170234 0.0916418 0.761171 0.182575 0.477916 
-0.315404 0.764091 -0.947298 0.203787 -0.969881 -1.61821 -0.186521 -0.214957 0.167992 0.104193 0.725754 0.542243 -0.660477 -0.135536 -0.458264 0.192535 
0.0275452 -0.12215 -0.562701 -0.886599 0.37782 1.01598 -0.54285 1.17273 -0.0417931 0.164331 -0.0961741 -0.148733 0.0840979 -0.15622 0.585921 0.219495 
0.392911 -0.962313 0.0669215 -0.48954 -0.529271 -0.635836 0.0452415 0.414519 0.990468 0.386769 -0.7703 0.299004 0.0668484 -0.435033 -0.472789 0.871591 
0.613874 -0.657551 0.0999044 0.0845934 1.29307 -0.167405 0.377567 0.433809 -0.601697 -0.231526 -0.598367 0.201666 -0.907306 0.0150087 0.173838 -0.998932 
0.0481188 0.913071 -0.1461 -0.180925 0.210186 0.489274 0.362541 0.253273 -1.20779 -0.347532 -0.455153 -1.56674 0.394255 -0.296766 -0.369225 0.697887 
0.359108 -0.56334 -0.638967 -0.409472 0.273201 -0.434939 -0.373452 -0.343393 0.0326773 -0.203621 -0.260813 0.634306 -0.7412 -0.204832 0.10624 0.126622 
-0.716893 0.0116259 0.36889 -0.800148 -0.587672 -0.637111 -0.308271 0.513591 -0.686834 0.785853 0.529058 0.716053 0.62788 -0.46687 0.0855622 0.322995 
0.170251 0.218427 -0.168818 0.396329 -0.459466 0.488746 -0.0724998 0.494142 0.240649 -0.300348 0.523536 -0.347966 0.315932 0.677151 -1.03496 -0.393989 
-0.544332 -0.70532 0.0788311 0.783684 -0.323066 1.0926 -0.527454 -0.137431 0.0963358 0.915097 -0.891616 -0.395862 -0.887786 -0.467752 -0.493142 -0.261625 
pop 6 layer 2
dims 4 32
-0.216306 -0.00659193 -0.0623882 -0.235046 0.573975 0.362547 1.27608 -0.0993633 0.568332 -0.280125 0.0590495 0.717805 -0.696086 0.547109 0.519024 0.377051 -0.0546359 -0.348631 0.0808529 -0.284173 -0.646098 -1.02245 -0.0869227 -0.673673 0.169599 0.673462 0.0178462 0.229038 0.270348 0.28831 0.357439 -0.290788 
-0.041556 -0.288059 -0.0878969 0.599833 -0.210233 0.243136 -0.212815 -0.241854 0.148361 0.243067 0.0684956 0.910637 0.174172 -0.216839 -0.247608 -0.236421 0.548342 -0.298923 -0.167138 0.240135 -0.675069 -0.15218 0.705143 -0.110393 0.338783 0.2073 0.30125 -0.231613 0.0868861 0.10344 0.27028 0.0111753 
0.945025 -0.44362 0.0170325 -0.290928 -0.619616 -0.544793 -0.513646 -0.0721603 -0.279143 0.720503 -0.153529 -1.15944 0.603819 0.385877 0.871624 -0.125815 0.702796 0.415005 -0.614477 -0.634475 0.183422 -0.25741 -0.14189 -0.0718782 -0.125417 -0.187398 0.0599352 -0.405709 0.0976816 -0.0141947 0.405129 0.106779 
0.166035 0.489068 -0.788527 -0.447507 0.0969656 -0.0958093 -0.0548724 0.113774 -0.0799561 -0.0981333 0.0652846 0.352458 0.0169889 -0.842268 -0.85057 0.00713157 0.337567 -0.0550563 -0.460209 0.328194 0.416184 -0.509408 -1.05018 -0.518147 -0.184753 -0.554607 0.146861 -0.55529 0.23748 0.393457 -0.285665 -0.511136 
pop 7 layer 0
dims 16 5
-0.236065 -0.493578 -0.54363 0.0211783 -0.0454457 
0.174754 0.0337926 -0.233239 -0.421111 0.0236842 
0.274714 -0.207601 0.688926 -0.26218 -0.257351 
0.551153 -0.20062 0.226763 -0.488647 -0.432752 
0.637322 -0.110453 0.539881 -0.125236 0.257532 
0.339946 0.363034 0.498582 0.389055 -0.519538 
-0.802185 -0.17962 -0.0508059 -0.365439 -0.195334 
0.136181 0.650883 -0.0433917 0.352752 0.22536 
-0.18527 -0.0748529 -0.268685 -0.434099 -0.141739 
-0.0788244 0.0172008 -0.599746 -0.0997118 -0.143971 
0.655586 -0.0916573 0.502588 -0.230322 -0.0612657 
-0.189369 -0.0329454 -0.661653 0.303901 -0.552605 
-0.542847 -0.186593 -0.0244671 0.277547 0.0203624 
0.449025 0.181452 -0.802809 -0.0442341 0.461052 
0.325606 -0.141108 -0.160716 -0.482839 -0.285406 
0.240836 0.403297 -0.309023 0.65413 0.320804 
pop 7 layer 1
dims 32 16
0.305151 0.347546 -0.523119 0.491924 -0.817785 -0.851866 0.0975816 0.206389 0.471866 0.173711 0.882897 -0.126515 -0.114984 0.364829 -0.563995 0.0617758 
-0.200506 0.2012 0.599907 -0.277463 -0.499097 0.141372 -1.0121 -0.168678 -0.138703 0.0260276 -0.610697 1.15116 -0.675415 0.0644205 0.618017 -0.824812 
-0.401874 -0.735639 0.167844 -0.526226 0.203806 -0.135564 -0.0656924 -0.0201953 -0.126296 -0.0948689 -0.161963 -0.522998 -0.552844 -0.0760331 0.0551783 -0.470742 
0.646918 -0.0422525 0.105793 -0.776273 -0.282677 -0.286983 -0.352486 0.440015 0.279588 0.333119 0.164191 0.400442 -0.594341 -0.0908477 0.894893 -0.0762513 
-0.129803 0.394786 -0.824525 -0.128973 -0.120503 0.568623 0.0841477 -0.0577058 -0.145982 -0.347266 -0.293804 0.286667 0.0670274 0.653146 -0.537928 -0.14004 
-0.59615 0.0253865 1.2247 -0.036927 -0.107216 0.538783 -0.1696 0.0119894 0.0113678 0.00413136 0.38578 -0.188346 0.135757 -0.538666 -0.147636 0.627957 
-0.250192 0.0626251 -1.21342 -0.115773 0.539992 -0.29177 -0.316057 -0.0767295 0.575253 -0.0549064 0.027184 0.700697 -0.70703 1.03521 0.0376144 0.0434488 
0.408973 -0.629931 -0.389826 -0.00431797 -0.375876 0.000131156 0.138736 -0.618835 0.0919897 -0.232856 0.25326 -0.412328 -0.0332377 0.094062 -0.0309755 1.02207 
-0.0799708 0.267329 0.466654 0.123123 -0.326357 -0.819505 0.112253 0.627483 0.342788 0.254301 -0.9138 -0.397064 -0.664511 -0.420217 -0.413015 0.582326 
0.980825 0.283473 0.411268 0.629053 0.181471 -0.578602 -0.342023 -0.0936677 0.298213 0.0146572 -0.339861 0.0564029 -0.18686 -0.386591 0.282495 -0.615719 
0.0669347 -1.23849 0.588866 -0.271173 0.0251757 0.469169 -0.337646 -0.480912 -0.545574 -0.758492 0.179111 -0.63046 -0.15599 -0.317036 0.281331 0.630642 
-0.0844071 -0.922576 -0.540536 -0.45751 0.107168 0.661585 -0.65753 -0.0225475 0.194666 0.171035 -0.329172 -0.291447 -0.0240163 -0.344082 -0.618516 -0.131092 
-0.0937664 -0.424657 -0.0128647 -0.0581162 0.599191 -0.088346 0.438897 0.297906 -0.188701 -0.0831365 0.392329 -0.372898 -0.409595 0.208364 0.203376 0.143988 
-0.260723 0.586103 -0.112849 0.0305996 -1.00265 0.353899 1.06317 -0.921471 -0.598356 0.20605 0.100864 -0.989006 -0.577321 -0.392853 -0.183311 0.106122 
0.270562 0.0408381 -0.275212 0.243314 -0.658356 0.188715 0.174991 0.467003 0.287792 0.207709 0.355728 0.209052 0.552749 1.06729 -0.293101 -0.311333 
0.153771 -0.65038 0.598832 -0.0929772 -0.612601 -0.346963 0.1707 -0.911834 0.220694 -0.165248 -0.217258 0.190892 -0.145722 -0.586068 0.319225 0.11448 
0.110773 0.345158 0.30626 0.15604 0.31767 0.23604 -0.0717326 -0.275304 -0.0856054 -0.0702634 -0.152996 -0.0988813 -0.552621 -0.146232 -0.354694 -0.279585 
0.102142 0.210587 -0.217616 -0.704067 -0.134845 -0.492445 -1.16795 -0.414078 -0.24177 0.36895 -0.340114 0.389732 -0.0755576 0.321232 0.4923 0.129155 
-0.42934 0.408706 0.387515 0.0534551 -0.138575 -0.445339 0.203065 -0.139873 0.057361 -0.363637 0.407959 0.0485198 0.557615 0.19866 -0.296165 0.149186 
-0.448751 -0.206931 0.77667 -0.340952 0.470249 0.0580851 -0.984812 0.289438 -0.695693 0.226707 -0.62624 -0.504379 0.325507 0.361763 0.501466 0.425058 
0.75422 -0.510892 -0.749334 -0.018023 -0.193763 -0.586958 -0.500468 0.125517 0.858304 -0.446373 -0.468996 -0.686479 -0.15167 0.120194 -0.203881 0.266469 
0.282243 -0.143419 1.00888 -0.163572 0.107986 0.282162 -0.93709 0.304662 -0.110788 0.0690464 -0.642371 0.531678 0.052962 0.164865 -0.927929 -0.382062 
-0.861166 -0.973814 -0.236546 -0.255785 0.254098 -0.318594 0.564269 0.81449 0.158822 -0.20728 0.186744 0.0569749 0.232204 0.598991 0.306895 0.442743 
0.00157025 0.667139 -0.515591 0.0580063 -0.239306 -1.50645 -0.189536 0.218617 -0.096427 0.547797 0.722827 0.57556 -0.336199 -0.45853 -0.221668 -0.0809664 
0.330014 -0.375138 -0.371592 -0.916827 0.361645 0.672308 -0.585391 0.637042 0.00805021 0.00667235 -0.0270107 -0.107668 0.257851 -0.467092 0.236638 0.221118 
-0.0277575 -0.569086 -0.0626335 -0.209991 -0.107464 -0.563594 -0.172885 0.373953 0.2111 0.571291 -0.263558 0.511399 -0.549257 -0.264152 -0.533445 0.762864 
0.18557 -0.551134 0.248633 -0.1956 0.828498 -0.385981 0.173663 0.226369 -0.221742 -0.382245 -0.383823 0.0772844 -0.922611 -0.405522 0.256386 -1.06494 
0.123743 0.874964 -0.123073 -0.336348 0.206479 -0.0371092 0.528963 -0.16709 -0.886102 -0.413559 -0.569154 -1.06712 0.0217016 0.0332781 -0.209306 0.839643 
0.25363 -0.271835 -0.29991 -0.527909 0.577473 -0.260236 -0.509285 -0.502391 0.375127 -0.0525653 0.123197 0.72106 -0.267196 -0.144785 0.189272 -0.0194426 
-0.164848 0.132833 0.332183 -0.69697 -0.60066 -0.616499 -0.410652 0.339821 -0.591902 0.661681 0.290295 0.387782 0.517502 -0.622303 -0.183052 0.085125 
0.196966 -0.104226 -0.189319 0.108525 -0.571804 0.131625 -0.558394 0.458427 0.210517 0.138016 0.390828 -0.478966 0.15166 -0.0200853 -0.608946 -0.146145 
-0.750037 -0.833804 0.128565 0.599661 -0.284924 0.746558 -0.34869 0.164298 0.200613 0.679407 -0.440905 0.096955 -0.478599 -0.477967 -0.618142 0.0488048 
pop 7 layer 2
dims 4 32
-0.705343 -0.0129641 0.024038 -0.441489 0.841598 0.433422 0.94528 0.110657 0.63214 -0.188676 -0.32568 0.79791 -0.915528 0.638718 0.602011 0.570136 0.144135 -0.353927 -0.14194 -0.300019 -0.618328 -1.00638 0.0742931 -0.483188 -0.0281534 0.422387 0.0366429 0.049624 0.319111 0.0777243 0.36522 -0.129611 
0.153913 0.000680461 0.110701 0.536614 -0.20946 -0.0732121 -0.0271876 0.0323634 0.167658 0.0467213 -0.0890722 0.818492 -0.0644537 -0.0452423 -0.285345 -0.499274 0.352474 -0.217801 -0.0966437 0.316994 -0.394729 -0.225709 0.297561 0.206043 0.0930969 0.00774773 0.183072 -0.0917228 -0.167287 0.517993 0.415711 0.250056 
0.851682 -0.20019 -0.34725 -0.464117 -0.192336 -0.30642 -0.486696 0.0432894 -0.154022 0.437853 0.0223644 -0.940523 -0.0358775 0.278268 0.709149 -0.269829 0.242817 0.0240577 -0.374033 -0.65553 0.255373 -0.0540602 -0.416835 -0.0064801 0.178274 -0.186002 0.165089 -0.258476 -0.124467 0.0838978 0.137919 0.025392 
0.328646 0.146861 -0.864539 -0.417534 0.469266 -0.386923 -0.413026 0.086487 0.0551119 -0.0768593 0.0249139 0.264227 0.18777 -0.642681 -0.719892 -0.211979 0.506897 0.00682133 -0.0907851 0.130461 0.00378705 -0.516107 -1.05009 -0.233602 -0.215771 -0.619496 -0.012721 -0.453087 0.619635 0.816101 -0.00541768 -0.784364 
pop 8 layer 0
dims 16 5
-0.0668239 -0.467539 -0.659573 0.495729 0.00555952 
0.0963469 -0.0111283 0.134302 -0.358625 0.0348365 
0.532018 -0.370037 0.717591 -0.25968 0.212475 
0.668134 -0.0351204 0.0325238 -0.175889 -0.576244 
0.526434 0.0913105 0.447952 0.335725 0.447865 
-0.136895 0.219193 0.223883 0.274729 -0.401999 
-0.71521 -0.262635 -0.22131 -0.101778 -0.224751 
0.0077703 0.609104 0.223218 0.494134 0.13249 
-0.151945 0.154282 -0.554446 -0.408135 -0.325257 
0.0520942 0.178346 -0.741134 -0.342073 -0.0627359 
0.191582 -0.422218 0.689651 -0.105603 -0.0927377 
-0.1161 -0.135371 -0.483962 0.261833 -0.172943 
-0.554641 -0.388755 0.169506 0.60334 0.0977311 
0.504164 -0.0276923 -0.90955 0.0658877 0.246654 
0.148026 0.0468998 -0.0751645 -0.385934 0.0142989 
0.360508 0.656447 -0.289241 0.597115 0.328592 
pop 8 layer 1
dims 32 16
-0.0860203 0.476402 -0.79908 0.70378 -0.651633 -1.27715 0.187506 -0.1833 0.429496 0.11922 0.678353 0.218901 0.333317 0.380825 -0.792156 -0.102061 
-0.116718 0.142915 0.118832 -0.082275 -0.333412 -0.08927 -0.665772 -0.457546 -0.693584 0.229691 -0.394883 1.09942 -0.594599 0.196744 0.693113 -0.752875 
-0.202213 -0.9578 0.0434698 -0.289451 0.152548 -0.196355 0.32748 -0.126797 -0.305047 0.173799 0.0302223 -0.459403 -0.754759 0.451625 0.326551 -0.445914 
-0.11157 -0.330707 0.498003 -0.778057 -0.193826 -0.331284 -0.82997 0.761518 0.236427 0.236925 -0.204105 0.0654232 -1.07566 0.277492 0.922829 0.0331096 
-0.459656 -0.195618 -0.679906 0.0640463 -0.317146 0.553342 0.799593 0.173625 -0.0402793 -0.154496 -0.173746 0.335163 0.280052 0.607651 -0.330449 -0.123569 
-0.549942 0.327205 1.04487 0.0677514 -0.408379 0.368148 -0.0678082 0.0942405 0.372797 -0.0256731 0.972652 -0.627598 0.396871 -0.0980241 -0.0327823 0.680475 
-0.238411 -0.101157 -1.12957 -0.421345 0.814278 -0.458751 -0.375938 -0.476293 0.755409 -0.258256 -0.173275 0.651601 -0.829539 0.780763 0.289981 -0.0842404 
0.664787 -0.63874 -0.101582 0.330538 -0.218225 -0.123751 0.0436505 -0.711554 -0.272491 -0.568893 0.199083 -0.386868 -0.604157 -0.0215293 -0.104586 0.9416 
-0.170573 0.652533 0.3362 0.400219 -0.21868 -0.529658 0.0343768 0.620283 0.0223385 0.403176 -0.902415 -0.615506 -0.733035 -0.155193 -0.546096 0.650348 
0.651155 0.333443 -0.0205467 0.963409 -0.0432314 -0.546838 -0.763401 -0.173798 0.269343 0.0989594 -0.17756 -0.0638744 -0.338903 -0.24473 0.459729 -0.815898 
0.0147858 -1.16199 1.08779 0.00982265 0.150151 0.282685 0.000458363 -0.150244 -0.263214 -0.796617 -0.21536 -0.0415907 -0.384575 -0.679988 -0.117407 0.29501 
0.141337 -0.96628 -0.333775 -0.407363 0.241636 0.46758 -0.716605 0.408738 -0.0496244 -0.00711562 -0.642582 -0.253738 -0.272132 -0.509229 -0.642385 0.234854 
-0.0440243 -0.557687 0.257167 -0.299106 1.06616 0.0394285 0.425737 -0.500149 -0.0816183 0.248394 0.341434 -0.0122857 -0.381835 0.61261 0.153908 0.382031 
-0.242025 0.342587 0.0641811 -0.00526494 -0.882728 0.64997 1.17176 -0.697264 -0.764527 0.019551 0.0579149 -1.01475 -0.429667 -0.441441 0.187028 -0.0167751 
0.105475 0.116426 -0.394296 0.394603 -0.877062 0.34325 0.260055 0.906161 0.718716 0.238545 0.954613 0.011325 0.583649 1.11422 -0.368106 -0.14232 
-0.209673 -0.639516 0.498627 -0.0239871 -0.511174 -0.0239917 0.587208 -0.758693 0.0772631 -0.463228 -0.395537 -0.122618 0.104579 -0.453463 0.094932 0.0491143 
0.255233 0.446723 0.0251616 0.035598 0.315512 -0.0459956 -0.0462654 -0.104618 -0.172192 0.0534965 -0.0373562 -0.585253 0.0900526 -0.228342 -0.364567 -0.144347 
0.298379 0.317282 -0.670654 -1.27401 -0.19611 0.0789187 -0.575951 -0.483421 -0.079137 0.294895 -0.545376 0.6298 0.287856 0.276684 0.515089 -0.189987 
-0.780825 0.146189 0.45966 0.237839 0.00467582 -0.368176 0.537112 -0.346646 -0.148624 -0.486543 0.54227 0.103026 -0.0313415 0.304836 -0.468799 0.139894 
-0.261509 -0.375665 0.930356 -0.678121 0.833077 -0.154279 -0.669493 0.199084 -0.372325 0.304217 -0.862131 -0.227486 0.263346 0.154838 0.642305 0.663269 
0.675556 -0.360045 -0.289632 0.019664 -0.175407 -0.520174 -0.696286 0.1465 0.37564 -0.520443 -0.220997 -1.14966 -0.491384 0.154497 -0.475474 0.318252 
0.168934 -0.0495601 0.833015 0.133602 -0.143349 0.223739 -0.683662 0.623349 -0.0877914 0.274977 -0.706817 0.900564 0.0420567 0.393375 -0.698709 -0.212897 
-1.28819 -1.07551 -0.0626151 -0.499348 0.239938 -0.488321 0.659443 0.998849 -0.120146 -0.393608 -0.125193 -0.258786 0.00114693 0.644677 0.448401 0.364511 
-0.28595 0.589768 -0.817593 0.328121 -0.805994 -1.51294 -0.22831 -0.14716 0.228108 0.0674248 0.776017 0.384709 -0.592268 -0.178958 -0.258406 0.0940364 
-0.0297425 -0.128121 -0.705493 -0.933305 0.515124 0.809514 -0.555181 0.977203 -0.185629 0.0366171 -0.0837925 -0.390334 0.126577 -0.091147 0.569434 0.0830628 
0.370251 -1.04416 0.0217443 -0.427572 -0.401568 -0.460577 0.0727789 0.295047 0.863579 0.395745 -0.709831 0.294506 0.225415 -0.585354 -0.416905 0.717562 
0.66513 -0.609106 0.0407842 0.101317 1.0029 -0.215337 0.392299 0.228695 -0.492924 -0.033112 -0.550896 0.106534 -0.758836 -0.0331838 0.183025 -1.07923 
0.0813767 0.767458 -0.162761 -0.0898081 0.168399 0.633836 0.36761 0.369436 -1.16547 -0.3505 -0.155763 -1.36704 0.485436 -0.281025 -0.330544 0.656876 
0.179497 -0.297141 -0.648764 -0.546875 0.325943 -0.434153 -0.255162 -0.345378 0.074207 -0.032384 -0.246084 0.590291 -0.584317 -0.273229 0.175319 0.22769 
-0.528029 0.239981 0.365587 -0.536538 -0.620037 -0.549704 -0.412133 0.392143 -0.605933 0.814644 0.515674 0.533883 0.417985 -0.553209 0.0435266 0.463516 
0.262924 0.255074 -0.251312 0.297617 -0.182509 0.395272 0.0274259 0.48307 0.099666 -0.192847 0.535743 -0.134418 0.198626 0.716005 -0.803899 -0.41959 
-0.571505 -0.749213 0.228312 0.733599 -0.459242 0.997243 -0.478006 -0.22476 0.148502 0.773157 -0.758436 -0.370856 -0.695858 -0.459864 -0.580488 -0.116027 
pop 8 layer 2
dims 4 32
-0.193528 -0.227422 0.062603 -0.315982 0.531026 0.322706 1.23609 -0.00180379 0.530081 -0.194521 0.113799 0.575364 -0.578976 0.659234 0.478488 0.340924 -0.157368 -0.354243 0.011094 -0.23391 -0.554996 -0.887004 -0.165924 -0.426825 0.171599 0.606212 -0.0574802 0.354333 0.341736 0.254637 0.318267 -0.223565 
-0.115415 -0.218774 -0.0524449 0.497956 -0.249285 0.263529 -0.0746527 -0.0858553 0.00588522 0.184872 -0.0265191 0.8378 0.131433 -0.383169 -0.245658 -0.411745 0.592826 -0.398681 -0.284917 0.15037 -0.458403 -0.0529235 0.617648 0.0809074 0.245207 0.219531 0.446309 -0.20304 0.0139034 0.0565317 0.135526 0.098688 
0.837038 -0.41353 0.0221593 -0.34562 -0.709659 -0.439814 -0.323074 -0.0308869 -0.201409 0.607506 -0.134825 -0.926702 0.621673 0.311948 0.763707 -0.154287 0.582689 0.265383 -0.588345 -0.513425 0.145255 -0.289462 -0.00116266 -0.258653 -0.109171 -0.314104 0.169407 -0.446773 0.239612 0.090585 0.373478 0.167019 
0.328311 0.330752 -0.659858 -0.247093 0.0265944 -0.202628 -0.219751 0.195059 -0.20527 0.12387 0.21009 0.282713 -0.0916686 -0.748103 -0.796757 0.001432 0.160799 -0.0721632 -0.575608 0.155437 0.476582 -0.595896 -0.892258 -0.606287 -0.0895236 -0.478938 0.0120957 -0.475307 0.229581 0.287882 -0.35876 -0.316185 
pop 9 layer 0
dims 16 5
-0.0581844 -0.0562485 -0.597007 0.153842 -0.163955 
0.293508 -0.167523 -0.179234 -0.462017 -0.240542 
0.333029 -0.241387 0.861589 -0.17941 -0.0657342 
0.589126 -0.108335 -0.00712024 -0.347518 -0.470951 
0.556874 -0.103433 0.636225 0.221188 0.499136 
0.1131 0.247241 0.399206 0.322756 -0.614851 
-0.975296 -0.25118 0.130914 -0.0346645 -0.361203 
0.13818 0.5947 0.361304 0.345352 0.0668219 
-0.259984 0.0609669 -0.398522 -0.35091 -0.140439 
-0.10581 -0.0506321 -0.629064 -0.0349596 -0.129079 
0.636633 -0.391511 0.409662 -0.216998 0.0763597 
-0.137345 -0.107223 -0.443546 0.43084 -0.23491 
-0.534587 -0.189526 0.320093 0.516401 0.0491828 
0.744337 0.20529 -0.547619 0.181008 0.377981 
0.389458 0.116958 0.124799 -0.420554 -0.2092 
0.242317 0.562368 -0.35188 0.476478 0.455604 
pop 9 layer 1
dims 32 16
-0.0253706 0.415163 -1.02309 0.575204 -0.518014 -1.24611 0.179082 0.0954398 0.439935 0.338238 0.789281 -0.0981095 0.0838091 0.347784 -0.687031 -0.274367 
0.0936271 0.676201 0.535279 -0.0219131 -0.64749 0.0212954 -0.726015 -0.370112 -0.665188 0.202051 -0.669278 1.06395 -0.651429 0.0516085 0.8888 -0.747034 
-0.281511 -1.11652 0.201679 -0.288807 0.087367 -0.146832 0.0671209 0.192302 -0.270633 0.0977581 0.0621952 -0.525233 -0.777803 0.490755 0.492619 -0.675696 
0.142804 -0.202593 0.199476 -1.01144 -0.412662 -0.238937 -0.765566 0.608577 -0.00112504 0.466187 -0.0780358 0.206815 -0.693057 0.183713 0.95212 0.0411973 
-0.590427 0.106773 -0.69668 -0.437971 -0.00443925 0.588544 0.789323 -0.0923928 -0.0692671 0.168945 -0.322104 0.417654 0.388333 0.899979 -0.597843 -0.11169 
-0.479807 0.333902 1.19905 0.179373 -0.396497 0.469447 -0.107157 -0.0282409 0.279447 -0.337398 0.845964 -0.173409 0.194616 -0.108054 -0.192118 0.576076 
-0.140459 0.0576056 -1.25588 -0.438299 0.82672 -0.338917 -0.298857 -0.634362 0.704589 -0.225574 -0.00888116 0.386662 -0.980828 0.763494 0.376807 0.146665 
0.663417 -0.518611 -0.227497 0.295711 -0.273703 -0.0345266 0.202162 -0.601753 -0.241481 -0.439212 0.268256 -0.569477 -0.531035 0.0511422 0.0500134 1.22713 
-0.16845 0.185641 0.457635 0.316798 0.150773 -0.431477 0.149628 0.790289 -0.0245991 0.264557 -1.07262 -0.56553 -1.3547 -0.193984 -0.596157 0.796755 
0.732296 0.165389 0.104106 0.965218 0.244455 -0.510037 -0.690361 0.121986 0.509143 -0.0254245 -0.279409 0.100952 -0.301292 -0.526974 0.541063 -0.95901 
0.26302 -1.5105 1.1565 -0.176305 -0.171932 0.348457 -0.099468 -0.282741 -0.326361 -0.908566 -0.1437 -0.106516 -0.282234 -0.576469 0.0372467 0.383303 
-0.128458 -1.00875 -0.554512 -0.70305 0.144925 0.911032 -1.00917 0.215868 0.0439396 0.143369 -0.502201 -0.189608 -0.431011 -0.345163 -0.879021 0.244017 
0.193045 -0.499331 0.320776 -0.208949 1.14571 -0.117028 0.444737 -0.645938 0.0437133 -0.00360947 0.759014 -0.392421 -0.481398 0.456669 0.104461 0.136571 
-0.346803 0.28948 -0.100552 -0.110269 -0.996915 0.728911 1.1118 -1.13372 -0.758256 0.165482 0.0686092 -0.9986 -0.527608 -0.304736 0.0565543 -0.0312646 
0.153126 0.229837 -0.293334 0.296997 -1.10592 0.483543 0.179073 0.701898 0.556432 0.38279 0.827861 -0.215157 0.557861 1.04327 -0.518671 -0.113785 
0.106419 -0.576391 0.443781 0.0273654 -0.79467 0.0145834 0.484148 -0.978394 -0.0139369 -0.433941 -0.431822 -0.437525 -0.0862964 -0.481974 0.0101111 0.319878 
0.259131 0.393408 0.0282881 0.0956374 0.534329 0.0700837 -0.189091 -0.230437 -0.485591 0.171364 -0.0309429 -0.754713 0.0170379 -0.0513588 -0.239204 -0.159586 
0.15204 0.421327 -0.786347 -1.36998 0.104327 -0.0548846 -0.773288 -0.4227 -0.151939 0.654688 -0.418937 0.734035 0.16785 0.528101 0.404005 -0.202819 
-0.825405 0.276738 0.446509 0.147543 -0.116576 -0.445885 0.509839 -0.321865 -0.18749 -0.336372 0.383416 0.150942 0.432162 0.378592 -0.563857 0.100357 
-0.217702 -0.320707 0.960012 -0.754151 0.94024 0.114553 -0.985735 0.319229 -0.612915 -0.0439431 -1.00353 -0.466404 0.410774 0.198822 0.641263 0.587276 
0.845504 -0.441638 -0.567975 -0.240431 -0.380158 -0.689779 -0.673945 0.0276678 0.621555 -0.572729 -0.518596 -1.12003 -0.726808 -0.153166 -0.353265 0.0848638 
0.117843 -0.237954 1.06551 0.297878 -0.157649 0.0802319 -0.90427 0.761303 -0.113663 0.436101 -0.817355 0.685232 0.0141079 0.260204 -0.952924 -0.346982 
-1.3308 -1.1426 -0.155941 -0.372914 0.205173 -0.235367 0.636258 1.14329 -0.365902 -0.134743 0.0194947 -0.078032 0.0634456 0.495009 0.150172 0.497744 
-0.12977 1.05299 -0.883264 -0.0476986 -0.794123 -1.59637 -0.0588225 0.147608 -0.114145 0.372798 0.747451 0.18378 -0.652469 -0.1018 -0.199805 0.182358 
0.0483582 -0.181762 -0.496531 -0.781837 0.175823 0.920307 -0.518335 1.02819 -0.0777117 0.100006 0.0981172 -0.130956 -0.100759 -0.259943 0.496781 0.0385486 
0.479901 -0.745012 -0.0249549 -0.409649 -0.545424 -0.640403 -0.285375 0.357388 0.884767 0.195923 -0.554528 0.50497 0.00308078 -0.365784 -0.424619 0.803038 
0.752962 -0.522235 0.0880744 0.263939 1.19115 -0.089744 0.303461 0.51924 -0.502704 -0.377452 -0.682918 0.442117 -0.718509 -0.0107164 0.184963 -1.01218 
0.373426 1.10121 -0.350285 0.0123274 0.204191 0.410369 0.753982 0.427393 -0.971535 -0.418033 -0.550284 -1.36788 0.303541 -0.255504 -0.178471 0.697958 
0.632505 -0.301523 -0.32951 -0.626243 0.0852209 -0.394479 -0.347313 -0.435138 0.164508 -0.249285 -0.092711 0.803432 -0.710571 -0.156738 0.29214 0.159187 
-0.798662 0.295668 0.367386 -0.786501 -0.496004 -0.529038 -0.180833 0.622172 -0.594954 0.667526 0.487224 0.625474 0.707855 -0.283801 -0.104182 0.197394 
0.10013 0.302833 -0.212747 0.284418 -0.212803 0.494926 -0.189829 0.393903 0.151625 -0.203443 0.395912 -0.281085 0.369662 0.690523 -0.997354 -0.441077 
-0.482092 -0.757335 -0.0116335 0.74131 -0.222408 0.987361 -0.620575 -0.0799409 0.0563192 0.581902 -0.802184 -0.166605 -0.83283 -0.349707 -0.549779 -0.153478 
pop 9 layer 2
dims 4 32
-0.296021 0.0791647 0.118072 -0.373819 0.458819 0.101477 1.20841 -0.04429 0.89168 -0.127813 0.189414 0.749495 -0.845608 0.632058 0.858653 0.662441 0.0655945 -0.463751 0.0583082 -0.409038 -0.916241 -0.968752 0.0126452 -0.751021 0.0151159 0.514321 0.0386279 0.441397 0.345016 0.353838 0.429071 -0.164857 
-0.18098 -0.187344 0.0617163 0.52208 -0.00690473 -0.0247311 -0.0787338 0.121543 0.171885 0.344871 -0.159045 0.830873 0.147943 -0.0638978 -0.145131 -0.115913 0.692641 -0.32955 -0.0714442 0.414166 -0.676055 -0.273405 0.468257 0.100681 0.203421 0.303057 0.429341 -0.101028 0.281638 0.270539 0.466074 -0.0404925 
0.739213 -0.17858 -0.166564 -0.41906 -0.65955 -0.501109 -0.856175 -0.219026 -0.190068 0.734627 -0.0766155 -1.28888 0.0748648 -0.0136695 0.709526 -0.308213 0.411115 0.243331 -0.771696 -0.725685 0.326043 0.00495358 -0.339453 -0.15867 0.129422 -0.113309 0.343639 -0.548967 0.0977048 0.199578 0.346783 0.118499 
0.188355 0.250087 -0.98777 -0.827284 0.486483 -0.327227 -0.227333 0.142097 -0.00851016 0.111777 -0.216338 0.404994 -0.0389997 -0.965704 -1.03521 -0.257526 0.164952 -0.061836 -0.277429 0.238366 0.396832 -0.397599 -1.03837 -0.42299 0.00308466 -0.499186 0.151634 -0.575675 0.653903 0.206332 -0.358936 -0.752248 
vWeights_end
generator 4182299850 1547468647 957645028 2273916801 3775315464 960614102 4156746303 2586542473 2750349037 1625878367 1344489844 1922217420 2337585154 1416072494 3742650143 2668310741 3097163270 462709931 2364753285 2628684639 3657148149 3066906794 407207752 469447122 654176210 3878005761 3729317661 3699435986 3598533653 1592911384 1810888586 3600959820 1154027214 672537671 1831271379 2983510209 1662344789 880378780 1725424283 3378102088 2089671159 4021987394 1222384170 2054603773 2821447864 3485404135 613622339 809005324 2535540505 3679392842 1300062188 2228714948 2015019806 4248039476 2097285232 2184312547 3287513497 2800343135 2592239246 3958620129 3439673855 3043025496 2769593693 35684982 3438976114 2186168221 3356675937 3782351158 2142942082 2091763205 3641865390 3693590199 1766835103 2746676824 690385923 994355610 1421484951 3770750672 2561068572 974971217 247846607 3493964867 3288898130 4109940353 1745346867 1376294852 3660173076 142752662 605027985 1646316467 1167544155 851853593 672225841 3271577332 902750352 2246206098 662117320 2908591822 2219586632 2925034466 582982518 2166192656 1815063046 4214444416 566213485 761138753 3145610729 3002382385 2401038554 1032443411 3491667430 1049159444 2871467030 2790006379 2893106186 3444960928 730645971 2935704159 2180366982 2389086063 549100156 2811224060 2375467279 3617641690 1824429649 779299649 1012906581 2163870040 2483871084 1260149580 2588544782 3088111447 700349636 2259092861 3964552518 3356104996 3575445210 3280056770 642450979 2983015191 2114499333 567982013 3302698513 867893026 1483743527 3338027634 2466620353 626774793 1593886240 3338050575 3297296855 3548637241 2265007494 1267111150 958811908 2885491701 1890683256 402592391 1430941925 2900421358 3971907500 1186910311 2348467068 545411169 2025530139 789477627 2767182519 2243803360 1354995066 3138842803 2038321072 1765411727 2706083570 3517413560 2871588456 2633933839 1027151278 4202337983 300896053 3640761492 3577010352 2941497662 1404577703 2364365197 1772483766 3634618007 1205699981 3856008725 24972284 3075392003 2077642090 4274065813 1755267096 3563803206 1216836590 2806899042 4064613466 3526748246 3660455927 1726798545 2098186679 555773358 658634897 185079264 3447479477 3284989809 1652899860 2748087851 1302551918 1020375283 505900086 2342064667 205851429 351744489 334498172 202814627 877041449 1078933524 3682287385 1023202654 3330145577 1362433022 4040368772 1770798137 3901281302 1567369528 1592874929 1239638352 3439022530 523353066 900074163 372264313 1444649834 3338186416 2915653919 190976180 3080143324 3282729576 607055826 842410732 3945830914 3140353625 474725567 3449058556 1769903865 1563673906 2731117009 87549269 4197757227 3669743179 337079717 1909817270 2298901530 673438390 1905598503 3560882495 3108907215 3627576426 2973636171 3881466189 3646524382 788459330 1434721779 3646197810 3832283208 661086284 3669495193 2095606109 3776432550 1950434974 3326429733 2167297983 1443428268 4008759159 249183222 3016853376 3028709388 4097242758 3996284466 1248729519 250211305 3750227553 102722217 1665800742 289834713 4282145735 3923874939 774657414 551178822 3344906120 1247192819 754313836 3250420951 2705185633 4233980998 1740892713 1117076107 280394353 3469692105 2349543125 2027460643 2360219848 1179697319 4091988641 327540326 551283763 3049542876 1895848587 4068604495 696555496 2214097169 988393412 3089641651 1737142776 2445359601 1990438192 3831905110 906449463 223845299 268641824 2666783227 99666625 3702048190 465138921 3124016250 2772882244 428812994 951742070 2176940251 655554372 2739266102 3875783726 2208169675 525866193 1877990315 3783099487 827213248 2691802758 3574548415 2406490489 368342939 135865276 981668495 968402387 3955169760 3354165186 1347871535 4099612061 3078100208 4293459231 3893216012 3772648136 2714430404 542979335 3944441552 1482988720 2272511345 2397140740 3000770694 2262512205 863137093 877544928 633518885 4063570181 2352040910 696889166 2363849256 3858197859 566092314 2016693775 2705078895 1387206263 10826261 3688047027 1622061556 2881447400 3153310838 2470140643 581700924 4248298358 21615325 3163235263 1987243522 2830275715 1084770722 1275622912 557729130 798752627 801320098 3395261026 1955689809 2835309550 1010804953 2609207431 2217621577 1014482431 3011270066 2787219948 3478964373 3002927101 2460934325 2151027208 953663700 1588580541 951151875 3196663334 2140252479 789135312 1907649335 3209484126 3627889990 1220437628 331536456 1366582490 541450615 2766339887 1855576833 2996484172 1051975417 2771109831 4130785773 2006685694 3356444380 3121121003 994663453 1703973858 3394957009 544001455 927607000 634135215 676358485 3513492008 2759386409 1408571451 2390731980 3059314287 1746191860 798020923 587978371 3334747786 660243596 899265568 3088527180 3869069188 1564536719 4202396832 3648113318 24869358 1602092997 2215612633 1344220320 3018673178 2160505936 2868092184 3782265413 1777608109 744451714 2152199453 3680672753 462070916 246840846 994367934 290565488 925670578 1150148071 3228783574 55098094 1825894607 97555330 3093477704 124338422 2338929068 413268064 3642617784 3336787256 3328739563 1174891854 3877338236 276843162 3569252578 1540792910 3705296464 2024080189 4051725500 2225970021 598147767 2577669096 1322094590 1689951906 1651445487 3583673424 617696444 1288615123 1461349546 3339985179 2182556313 101987456 4275968879 3655934363 2358929521 1222525756 2688142596 1255553747 1030075875 2259763736 4112161458 837628544 1860727047 2251870222 345302630 4292196548 3500989472 2248255805 4119809997 1221184902 130921873 4058079789 4178544360 747432517 1316749384 1452763327 2460919704 520971401 2132317461 4293594267 2782040239 502605165 1880763939 826000198 262852622 3352001907 3613266322 4074264476 357285799 2196090015 3000616340 3220622815 2245670186 812741415 3562760564 3221832752 1818796215 909674683 944781700 2106598961 1041045160 4059224909 2289492736 3169790378 3219128804 2508703233 4234002219 3457167583 4086094796 1544573390 4202906825 3184328313 417691741 794631964 1210347591 2583513422 1912638478 1278098191 1282279415 3616787436 2502018465 2249806328 2314906532 1290940050 2876444793 1764598388 173680651 2250032000 56688690 2259466957 2680694022 1425947239 1542915510 265022893 73422267 957485514 769160030 4045908443 424988970 2052799026 597397156 84183404 2069038132 610284687 2592191941 1332130488 4193822810 722499169 1788461708 2447716485 3185575408 2262691285 19054366 3962523161 4100117147 2665337260 2199495617 144628903 878240163 3891310512 1590963982 3533339526 445299925 1249164262 3459965831 3559942771 145380591 2775436623 2895152491 705487222 1568186603 1317475165 2285499989 938888764 3894634901 2733740216 361197269 4188344581 3487055831
