sName lunar_lander
version 1
nEpochs 5500
nPopSize 100
nTop 10
act 1
populationStrategy 2
randomInjectionRatio 0.35
nLayers 4
vSize 5 16 16 4 
vBiases_start
pop 0 layer 0
dims 16 1
-0.335616 
0.221998 
-0.34385 
0.0366553 
0.408338 
-0.188896 
0.0640111 
0.0296134 
-0.00305621 
-0.00899896 
0.00109449 
-0.0672006 
-0.273275 
-0.0570461 
-0.197358 
0.322461 
pop 0 layer 1
dims 16 1
-0.371067 
-0.0350423 
-0.525263 
0.181733 
0.114162 
0.123133 
-0.00799495 
0.66245 
0.0339452 
0.0171038 
0.390637 
0.535677 
0.230618 
0.0161155 
-0.0109757 
0.0616349 
pop 0 layer 2
dims 4 1
-0.242182 
0.174554 
0.169893 
0.0642719 
pop 1 layer 0
dims 16 1
-0.223849 
0.303781 
-0.351022 
-0.259951 
-0.147328 
-0.153011 
-0.152429 
0.199547 
-0.0255091 
0.0135529 
0.163169 
-0.164663 
-0.311746 
-0.254371 
-0.0497227 
0.435248 
pop 1 layer 1
dims 16 1
-0.145632 
-0.198519 
-0.808434 
0.407254 
-0.0281285 
0.355373 
0.507197 
0.261672 
0.547398 
0.301443 
0.108662 
0.332083 
0.437927 
0.136854 
-0.570079 
0.329878 
pop 1 layer 2
dims 4 1
-0.390137 
0.126649 
0.241066 
0.09468 
pop 2 layer 0
dims 16 1
-0.282425 
0.293871 
-0.380598 
-0.222798 
0.259716 
-0.103125 
0.00263238 
0.0913288 
-0.330934 
0.130994 
0.171875 
-0.204242 
-0.222812 
0.15103 
-0.16173 
0.30463 
pop 2 layer 1
dims 16 1
-0.26984 
0.066132 
-0.424554 
0.0365164 
0.060897 
0.298021 
0.164704 
0.468461 
0.130649 
-0.155075 
0.264376 
0.33156 
0.258669 
-0.138727 
0.0158561 
-0.117245 
pop 2 layer 2
dims 4 1
-0.223723 
-0.0869637 
0.0189011 
0.204207 
pop 3 layer 0
dims 16 1
-0.0384192 
0.139823 
-0.585666 
-0.390955 
-0.00834712 
-0.289212 
0.0162416 
0.134561 
-0.160753 
0.0871702 
0.208375 
0.0453095 
-0.224854 
-0.219017 
-0.28438 
0.331867 
pop 3 layer 1
dims 16 1
-0.0729396 
-0.462027 
-0.271391 
0.364141 
-0.121889 
0.328414 
0.0237832 
0.345323 
0.0687381 
0.156158 
0.0565033 
0.23719 
0.383956 
-0.0114207 
-0.0798648 
-0.122371 
pop 3 layer 2
dims 4 1
-0.317684 
0.253641 
0.257714 
0.159817 
pop 4 layer 0
dims 16 1
-0.158973 
0.380835 
-0.325931 
-0.265733 
-0.00426075 
-0.130124 
-0.0484709 
-0.0785857 
0.0398346 
0.164636 
0.0506547 
0.0398529 
-0.208277 
-0.0229463 
-0.365374 
0.265552 
pop 4 layer 1
dims 16 1
-0.247751 
-0.493213 
0.0661092 
0.399373 
-0.114345 
0.151104 
0.385899 
0.609156 
0.185359 
0.364672 
0.142181 
0.785346 
0.221871 
0.0729134 
-0.303164 
-0.00259486 
pop 4 layer 2
dims 4 1
-0.414332 
-0.0347618 
-0.166204 
0.0796073 
pop 5 layer 0
dims 16 1
-0.252622 
0.214716 
-0.358913 
-0.153274 
0.282231 
-0.239852 
0.0636003 
0.0765025 
-0.471488 
0.126965 
0.148464 
-0.373489 
-0.253914 
-0.0330017 
-0.0970308 
0.501044 
pop 5 layer 1
dims 16 1
-0.51533 
-0.0925403 
-0.299839 
0.329498 
0.165594 
0.0397544 
0.357496 
0.522192 
0.221947 
-0.0800976 
0.507503 
0.317387 
0.159643 
0.0279805 
-0.274617 
-0.0158988 
pop 5 layer 2
dims 4 1
-0.244079 
0.0579894 
0.043531 
0.200026 
pop 6 layer 0
dims 16 1
-0.161485 
0.218953 
-0.496505 
-0.486571 
0.083141 
-0.267859 
-0.0159982 
0.150637 
-0.104208 
0.102216 
0.118096 
-0.114157 
-0.212395 
-0.0949266 
-0.263151 
0.270707 
pop 6 layer 1
dims 16 1
-0.0717407 
-0.452213 
-0.295232 
0.240578 
-0.0576734 
0.206569 
0.189318 
0.407898 
0.145089 
0.263097 
0.273916 
0.369294 
0.182351 
0.103632 
-0.253812 
-0.0274314 
pop 6 layer 2
dims 4 1
-0.292369 
0.208547 
0.226721 
0.0387248 
pop 7 layer 0
dims 16 1
-0.361274 
0.0860456 
-0.302822 
-0.14947 
0.100402 
-0.214551 
3.88294e-05 
0.188418 
-0.0487666 
0.0225462 
-0.127983 
-0.37033 
-0.216771 
0.108695 
-0.130555 
0.314215 
pop 7 layer 1
dims 16 1
-0.346711 
0.15209 
-0.331561 
0.21091 
0.0838753 
0.133391 
0.113173 
0.612293 
0.184607 
-0.156664 
0.25208 
0.492328 
0.354456 
-0.0593297 
-0.127411 
-0.013421 
pop 7 layer 2
dims 4 1
-0.310281 
0.0652785 
0.0721512 
0.066456 
pop 8 layer 0
dims 16 1
-0.250962 
0.243322 
-0.298847 
-0.23308 
0.148908 
-0.137363 
0.0335698 
0.142374 
-0.253941 
0.1509 
0.186808 
-0.303106 
-0.205455 
0.0789631 
-0.190681 
0.378121 
pop 8 layer 1
dims 16 1
-0.366176 
0.0160569 
-0.345038 
0.252087 
0.13293 
0.164241 
0.32703 
0.583637 
0.270131 
-0.0502951 
0.358927 
0.429252 
0.230804 
0.0888117 
-0.150851 
-0.180408 
pop 8 layer 2
dims 4 1
-0.259979 
0.0639805 
0.0293065 
0.146108 
pop 9 layer 0
dims 16 1
-0.216229 
0.334241 
-0.40968 
-0.375515 
0.0182722 
-0.2472 
-0.043927 
-0.0402226 
-0.0674657 
0.0249243 
0.121694 
-0.100118 
-0.224693 
-0.0547398 
-0.296497 
0.332241 
pop 9 layer 1
dims 16 1
-0.130522 
-0.470012 
-0.157049 
0.32771 
-0.0134227 
0.11652 
0.400682 
0.482256 
0.232317 
0.489023 
0.348132 
0.690558 
0.202632 
0.00504595 
-0.324729 
-0.0480703 
pop 9 layer 2
dims 4 1
-0.375856 
-0.180707 
0.04059 
-0.00923046 
vBiases_end
vWeights_start
pop 0 layer 0
dims 16 5
0.172761 -0.330854 -0.118941 0.369337 0.0507028 
0.196274 0.336051 -0.154505 0.248547 -0.161655 
-0.391132 0.173291 -0.336991 0.537782 0.332027 
0.109329 0.234311 0.285958 -0.0227461 -0.184861 
-0.221765 0.164332 0.034105 -0.318281 -0.0967601 
-0.0854765 0.0421562 -0.222374 -0.526913 -0.263335 
-0.00610574 0.18847 -0.229942 0.124809 0.0573132 
-0.0352201 -0.00818169 -0.0233047 -0.0584879 0.157621 
-0.286007 0.0443104 0.0277052 0.0690522 0.135243 
0.118239 -0.0529005 -0.0109394 -0.0762671 -0.400177 
-0.0935494 -0.370239 -0.646917 0.450575 0.201911 
-0.0884091 0.236021 -0.278174 0.193942 -0.0946624 
-0.0539286 -0.148403 0.0189514 -0.103062 0.00345847 
-0.106165 0.901005 -0.124203 0.0302685 0.288032 
-0.0556136 0.220539 -0.016357 0.330804 -0.164202 
-0.284187 -0.166995 -0.289405 -0.145721 -1.05686 
pop 0 layer 1
dims 16 16
0.260392 0.0484581 0.100263 0.0795938 -0.20009 0.338226 -0.453028 0.00146913 0.252189 -0.246457 -0.416724 0.0869106 -0.4837 0.483459 -0.0879892 0.344957 
-0.225843 -0.712941 -0.342134 -0.350139 0.0819119 0.16809 -0.0800459 0.271916 -0.40348 -0.119935 -0.387067 -0.042418 0.158284 0.340585 0.262971 -0.0580348 
-0.19218 0.155463 -0.238134 -0.228527 0.0778913 -0.140396 0.324266 0.0146504 0.295816 0.00697418 0.153172 0.253806 0.24586 -0.17462 -0.202371 0.252507 
0.114947 0.25192 -0.0135357 0.340727 0.216638 0.0809015 -0.744361 0.0466135 0.303413 0.199688 -0.266785 -0.303939 -0.0510805 -0.132962 -0.11988 0.167265 
-0.0889039 0.203986 -0.251792 0.192922 -0.117999 0.507071 -0.0499988 -0.348142 0.184709 -0.236356 -0.048364 0.118219 -0.0240539 0.437085 0.181437 0.233558 
0.0295242 -0.231932 0.322536 0.040806 0.446832 -0.0681921 0.0720864 -0.530976 0.0561949 0.438866 -0.181733 0.252337 -0.362434 -0.111087 -0.455569 -0.126156 
0.153642 -0.0669472 0.166326 0.503618 -0.194435 0.0448546 0.150045 0.0761366 -0.0208191 0.409988 0.341732 0.0403981 -0.116009 0.115925 0.553729 0.249283 
-0.0919476 -0.0292769 -0.0151868 0.120403 0.284983 0.408227 0.230288 0.304162 -0.17189 -0.140565 0.0585688 0.094624 -0.0744863 0.0269645 0.308118 -0.0743069 
-0.337999 0.0607475 0.43501 -0.330442 0.271046 -0.0762822 0.173118 -0.235591 0.719187 0.245516 0.0606183 0.330867 -0.0283403 -0.341381 -0.183969 0.153647 
-0.204691 0.0471727 -0.162556 -0.424159 0.166372 0.235079 -0.456837 0.221387 -0.044275 0.0753842 -0.282324 0.128615 -0.31753 0.252003 -0.057191 -0.110017 
-0.0762595 0.271372 -0.0813237 0.402978 -0.423886 0.125445 0.223676 0.119043 0.443426 0.229063 0.687628 0.322035 0.302286 -0.0462123 -0.464148 0.221146 
0.333639 0.177055 0.357607 0.260954 0.000307739 0.000506944 -0.414509 -0.123776 0.205923 -0.0417425 0.145142 0.0837006 0.12368 -0.0644295 0.290274 -0.432815 
0.158682 -0.663739 -0.519651 0.0753289 0.149254 -0.363935 0.280285 -0.18411 0.239635 -0.0277346 0.659525 0.29815 -0.265226 0.220022 0.0694865 -0.258117 
-0.0914005 0.471735 0.0367963 -0.243048 -0.175882 -0.225328 0.397406 0.0470398 0.0698069 -0.0228618 -0.211127 0.337004 -0.121489 0.262768 -0.230686 0.309139 
0.00115165 0.0354833 -0.376234 0.604366 0.160474 0.415914 0.593154 -0.129497 -0.184622 -0.213525 -0.451202 -0.00156163 -0.419986 0.15711 -0.0306544 0.0286738 
-0.102027 -0.129652 -0.341466 -0.260152 0.377856 -0.116063 -0.241706 0.191015 -0.0703046 0.020331 0.0458298 0.0913707 -0.413842 -0.374589 -0.313247 0.499396 
pop 0 layer 2
dims 4 16
-0.147052 0.192347 0.0383632 0.481463 0.275973 0.0887969 -0.137452 0.350881 -0.12037 -0.1157 0.119317 -0.0698706 -0.199241 0.403237 -0.228115 0.00278874 
0.389749 0.0591208 -0.0372904 -0.0507 0.205765 -0.269377 0.0198571 0.156644 0.278368 -0.376673 -0.240253 0.202044 0.439289 -0.147123 -0.0174463 -0.54343 
-0.12619 0.256588 0.227957 0.809798 0.356694 -0.379711 -0.162722 -0.409383 0.323877 -0.263416 0.10176 -0.131825 -0.135775 -0.689603 0.364047 0.388062 
-0.0635837 0.140779 -0.0144998 -0.148384 0.495162 -0.479018 0.326667 -0.0646201 -0.034513 0.024028 0.007395 -0.136823 0.473465 -0.481461 -0.622755 0.225713 
pop 1 layer 0
dims 16 5
0.021396 -0.409659 0.0905404 0.562158 -0.0557298 
0.240436 0.149119 -0.0143376 0.0327516 -0.264717 
-0.335667 0.580145 -0.181062 0.378475 0.254957 
-0.0751025 0.252484 -0.0367372 0.00997697 0.0357133 
-0.271355 0.0840189 -0.167881 -0.193904 -0.224972 
-0.24117 -0.0668762 -0.0897481 -0.00249367 -0.257935 
0.0331572 0.212042 -0.0162928 0.261216 0.287055 
0.183377 0.0658193 -0.0684878 -0.266855 0.0358035 
-0.48567 -0.148635 0.164575 0.0474835 0.162645 
0.334176 0.298147 -0.178709 -0.280139 -0.258643 
-0.0443637 -0.0437362 -0.552384 0.439932 -0.0671996 
0.0263754 0.328725 -0.250812 0.155655 -0.29578 
0.0407095 -0.0742244 -0.121552 -0.0372485 0.304323 
-0.238604 0.673091 -0.492795 0.373729 -0.0587098 
-0.128635 0.232317 -0.556079 0.276838 0.0334338 
0.346556 -0.419722 -0.211302 -0.114653 -1.05061 
pop 1 layer 1
dims 16 16
0.638191 -0.354004 -0.0397008 0.379647 0.0719205 0.36175 -1.11556 -0.88617 0.524139 -0.58267 -0.606852 0.42127 -0.630496 0.17133 -0.259544 0.00130621 
0.0828318 0.0837618 -0.161252 0.00819512 -0.182372 0.288801 -0.42114 0.308767 -0.0449544 0.0375298 -1.52961 -0.276436 0.188013 0.293831 0.303592 -0.368395 
-0.419927 -0.27088 -0.180968 -0.395858 -0.504285 0.0534719 -0.0856928 0.571462 0.57254 0.382307 0.16876 -0.102282 0.201216 0.162079 -0.170872 -0.071864 
-0.0520492 0.290876 0.152651 0.19526 0.279265 0.131387 -0.537402 -0.240293 0.0158702 0.225313 -0.201608 -0.227129 0.200773 -0.115828 0.0840205 0.533491 
-0.439036 -0.0360496 -0.0595523 0.236372 -0.168043 -0.13861 -0.286418 -0.137943 0.0814842 0.375632 -0.183438 0.00986209 -0.225968 0.769632 0.0357297 0.394019 
-0.554891 0.100309 0.632782 -0.163175 -0.195082 -0.116007 -0.0794242 -0.496904 -0.429397 0.96553 -0.167915 0.12593 -0.567794 -0.997308 -0.114473 -0.369746 
-0.140169 0.079743 0.268218 -0.111455 -0.168179 -0.297775 0.393086 -0.58195 -0.575432 -0.31043 0.205611 0.23371 -0.460028 0.239643 0.20009 0.0956044 
-0.563597 0.574969 0.239903 0.00727914 0.234697 0.442632 0.46884 0.660003 0.139038 -0.0255496 0.217233 0.217186 -0.0693141 -0.150017 0.320078 0.165491 
-0.706253 0.130899 -0.209158 -0.104408 0.321778 -0.0446466 0.202079 0.0823398 1.25987 0.176905 0.513347 0.0783573 0.208946 -0.704724 0.306484 0.238127 
0.0224987 -0.353364 -0.580458 -0.103248 0.787016 0.37225 -0.867101 0.608488 0.161556 -0.0622482 0.465372 0.196039 -0.464848 0.404047 -0.32804 -0.76362 
0.109362 -0.283192 -0.677927 0.668169 -0.380218 0.0268756 0.28614 0.265076 0.235054 0.261696 0.919126 0.245647 0.233908 0.358048 -0.470836 0.724269 
0.387757 0.30773 0.565411 0.559498 -0.0685441 0.107034 -0.463265 -0.274576 -0.0765091 -0.097477 0.33313 0.0409477 -0.0395231 0.0160988 -0.0412579 -0.803804 
0.413638 -0.477801 -0.582405 0.861462 -0.604231 0.282598 0.854119 -0.541714 0.0614582 0.255061 0.949185 0.833468 -0.171349 0.0208625 0.600323 -0.378957 
-0.806172 0.755308 0.147551 -0.301742 -0.124066 -0.23007 0.489438 0.263493 0.340877 -0.284826 -0.614176 0.79047 -0.320184 0.171918 0.333013 0.754186 
-0.480708 -0.38253 -0.491892 0.597344 0.0548369 0.347751 0.315925 -0.396871 -0.889344 0.0253364 -0.577954 -0.282842 -0.269875 0.32909 -0.671742 0.252743 
0.0427674 -0.36768 -0.261732 -0.199932 0.835148 0.382678 -1.07264 0.155211 0.320106 0.244786 0.264055 0.124728 -0.42352 -0.52173 -0.359638 0.759216 
pop 1 layer 2
dims 4 16
-0.107608 0.261818 0.233547 0.536955 0.506035 0.156784 0.0903476 0.411189 -0.398393 0.0122057 -0.0591275 -0.187585 -0.218298 0.484785 -0.0631383 -0.0155588 
0.264389 -0.104601 -0.356991 -0.312683 0.302835 -0.183283 0.268915 0.103533 0.344206 -0.60863 -0.330953 0.399527 0.705253 -0.214022 0.0427372 -0.516741 
-0.250702 0.254211 0.53437 1.03253 0.0745661 -0.55833 -0.135313 -0.648086 0.443222 -0.123541 0.0293402 0.0272877 -0.113339 -0.758803 0.118107 0.453031 
-0.0350364 0.276378 0.0235244 -0.171116 0.502746 -0.444182 0.292233 0.00701964 -0.0567397 -0.0226467 0.231232 -0.0572863 0.161264 -0.674704 -0.524569 0.513622 
pop 2 layer 0
dims 16 5
0.0165643 -0.243006 -0.043591 0.328762 -0.0177951 
0.253951 0.0168178 0.309317 0.177977 -0.210759 
-0.114262 0.208136 -0.142804 0.574676 0.386164 
-0.207713 0.476462 0.274575 0.0523517 0.00452106 
-0.111769 0.0489889 -0.223658 -0.101474 0.135841 
-0.119739 0.403692 -0.0457107 -0.546395 -0.314313 
0.202899 0.162002 -0.18673 0.317925 0.15885 
-0.0656286 -0.172557 -0.188024 -0.29897 -0.253038 
-0.519321 -0.251708 0.0936968 0.0228863 0.443451 
0.252382 0.297351 0.187385 -0.262384 -0.531884 
-0.207304 -0.138111 -0.697348 0.694569 0.148829 
-0.0765134 0.165482 -0.223207 0.133586 0.0537725 
-0.213894 -0.0564355 -0.107634 0.068591 0.172553 
-0.0564917 0.805972 -0.359391 -0.0332589 -0.0212093 
0.0803805 0.213596 -0.348263 0.118193 -0.160119 
0.0407192 -0.340297 -0.163077 -0.0351595 -0.829351 
pop 2 layer 1
dims 16 16
0.0898334 -0.0334861 0.356473 -0.0212096 -0.040177 0.434053 -0.336103 -0.29703 0.10551 -0.324109 -0.514183 0.365531 -0.262954 0.583238 -0.356012 0.425776 
-0.269109 -0.678452 -0.198334 -0.20645 -0.144952 0.0435751 -0.341297 0.339814 -0.349975 -0.173305 -0.468979 -0.0521894 0.221557 0.410533 0.479754 -0.270984 
-0.318718 -0.192446 -0.325641 -0.110715 0.121188 -0.149602 -0.0502111 0.283538 0.632707 0.432133 0.212954 0.0174539 0.0278692 -0.256258 -0.348822 0.216877 
0.0770056 0.34674 -0.0287028 0.363574 0.00912583 -0.337327 -0.562003 0.0165694 0.231946 0.14715 -0.485014 -0.641029 -0.210361 0.135998 -0.196864 0.433058 
-0.18235 0.220482 -0.408986 0.431356 0.149361 0.279487 0.0768362 -0.480615 0.185946 -0.33666 0.0790748 0.324692 0.0953779 0.546263 0.142943 0.566456 
0.115902 -0.120786 0.185914 0.128046 0.358102 -0.127515 -0.188769 -0.304486 0.0984007 0.331529 -0.141055 0.336725 -0.253799 -0.13484 -0.252719 -0.171098 
0.275909 0.0183499 0.0650439 0.232044 -0.312699 -0.0375331 0.185327 -0.281568 -0.0721576 0.320312 0.4653 0.13461 -0.281205 0.218253 0.746929 -0.100809 
-0.00527996 -0.159616 0.267987 0.249673 0.452408 0.198488 0.198642 0.285878 0.119145 -0.196705 0.167855 0.305967 -0.0979439 0.0231666 0.439537 0.157655 
-0.169741 0.0587785 0.118991 -0.496713 0.239296 -0.258741 0.125736 0.0198681 0.567063 0.0891833 0.0952599 0.293204 -0.0889949 -0.0862271 -0.00335456 0.0487126 
0.00355378 0.213563 -0.234364 -0.199391 0.553458 0.2476 -0.547981 0.303943 -0.067665 0.216358 -0.398776 0.137314 -0.191982 0.369935 -0.113656 -0.0160814 
-0.00813565 0.0437038 -0.242338 0.317192 -0.420072 0.0118261 0.508591 -0.024916 0.36641 0.182899 0.549982 0.338138 0.463877 0.0494129 -0.291964 0.348425 
0.518305 0.276335 0.215264 0.25587 0.291896 -0.127295 -0.605769 0.026685 0.162302 -0.270616 0.441127 0.300062 -0.1891 -0.200764 0.261129 -0.553476 
0.00490703 -0.447231 -0.40248 0.161505 0.101911 -0.447388 0.186538 -0.01319 0.381937 -0.111216 0.66185 0.420628 -0.231294 0.0646322 0.475184 -0.136335 
0.0503737 0.625395 0.187502 -0.369645 -0.224781 -0.216281 0.542888 -0.161035 0.152955 -0.172732 -0.439145 0.211166 -0.101929 0.201788 -0.283784 0.334413 
0.096033 0.166504 -0.352554 0.845086 0.027436 0.556503 0.633909 -0.0500387 -0.592232 -0.332523 -0.218562 0.0444376 -0.358085 -0.249979 -0.0725278 -0.126791 
0.0695464 -0.279811 -0.338125 -0.348235 0.330575 0.0562992 -0.196123 0.107549 -0.059495 0.357804 0.140071 0.254579 -0.360965 0.0980514 -0.346939 0.368227 
pop 2 layer 2
dims 4 16
-0.150494 0.20749 -0.0775633 0.338911 0.61875 0.0985041 -0.106589 0.114516 -0.362139 0.120631 -0.0294689 -0.324072 -0.255996 0.129948 0.0149589 -0.00557635 
0.161416 -0.112589 -0.266376 -0.278953 0.462845 -0.0792398 0.0966418 0.0144567 0.288125 -0.427561 -0.0493277 0.188092 0.577242 -0.138557 -0.0797118 -0.352017 
-0.136613 0.289203 0.022165 0.721937 -0.105368 -0.278393 0.142582 -0.624384 0.326513 0.0148145 -0.171445 0.153836 -0.168994 -0.501633 0.184041 0.498411 
-0.143295 -0.0525655 -0.0774132 -0.087112 0.271234 -0.695841 0.184113 -0.208454 0.122207 -0.286467 0.147479 0.0287205 -0.00473624 -0.438856 -0.462897 0.679552 
pop 3 layer 0
dims 16 5
-0.0204254 -0.255189 0.0720956 0.384217 -0.229393 
0.303817 0.487339 0.120027 0.117687 -0.148849 
-0.4962 0.378745 -0.0259926 0.278633 0.384301 
0.0283738 0.398686 0.00454433 0.0990976 -0.150491 
-0.025401 0.105874 -0.0933751 -0.196299 -0.0754068 
-0.262301 -0.114201 -0.337433 0.172917 -0.0472309 
0.310008 0.288918 -0.0524603 0.188479 0.111789 
0.0387805 -0.100673 -0.0676675 -0.52437 -0.338496 
-0.290579 -0.259124 0.348677 -0.00469426 0.180515 
0.259016 0.0106304 -0.102163 -0.354294 -0.247487 
-0.101015 0.101888 -0.577717 0.103149 0.187515 
0.470325 0.222577 -0.359999 -0.00458032 -0.271558 
-0.0769246 0.14829 -0.0829557 -0.308896 0.223535 
0.289298 0.235889 -0.202986 0.292044 -0.152532 
-0.0749308 0.115828 -0.053057 0.134765 -0.0749819 
0.243279 -0.173226 0.00656487 -0.219494 -0.722116 
pop 3 layer 1
dims 16 16
0.738609 -0.518066 -0.0363455 -0.0675974 0.0851884 0.128641 -0.388175 -0.604318 0.304828 -0.689431 -0.576027 0.329294 -0.469802 -0.0213214 -0.172569 -0.10561 
0.186206 0.0513931 -0.0591609 0.0151044 -0.0842494 0.348521 -0.0906935 0.537367 -0.223464 -0.190551 -0.579177 0.0318193 0.401795 0.459438 0.433617 -0.067769 
-0.571376 0.00032282 -0.113311 0.0256571 -0.0712538 -0.337241 0.209797 0.391537 0.458507 0.309109 -0.046854 -0.0526852 0.139391 -0.120515 -0.171132 0.137949 
-0.0484223 -0.113779 -0.100604 -0.0110164 -0.281684 -0.0236448 -0.398083 0.0950082 -0.313183 0.153841 -0.408589 -0.239237 0.276901 -0.205122 0.101072 0.402169 
0.0274386 0.254539 0.0523042 0.260721 -0.156467 -0.304132 -0.0590964 -0.180548 0.158641 -0.154481 -0.120503 0.431773 0.053629 0.613559 -0.265463 0.402864 
0.0109176 -0.273832 0.576545 0.0879759 0.0260326 -0.0727391 -0.386712 -0.42838 0.0805503 0.402987 0.365642 -0.0902451 -0.794712 -0.46273 0.0108523 0.231709 
0.0985563 0.0219357 0.0148233 0.233026 -0.365318 -0.139299 -0.0690213 -0.242519 -0.275042 -0.257078 0.0114683 0.151415 -0.330352 -0.00659525 0.362307 -0.0840149 
-0.260012 0.460421 0.109177 0.15305 0.472655 0.112756 0.26622 0.68575 -0.202411 -0.322092 0.195842 -0.398933 0.223401 0.0421385 0.0411153 -0.118891 
-0.403357 -0.0421981 0.143156 -0.555446 0.369994 0.14431 -0.0246206 -0.0690854 0.401069 0.0403593 -0.491328 -0.261474 0.0443103 -0.231768 -0.0323424 -0.0100305 
-0.567841 -0.0751346 -0.139166 -0.252134 0.248278 0.391546 -0.912336 0.588952 0.0092047 -0.20953 -0.0423654 0.0449774 -0.205377 0.26275 -0.356642 -0.355511 
-0.0650613 -0.460607 -0.626368 0.36279 -0.452694 0.041417 0.637912 -0.258017 0.566242 0.440406 0.724935 0.31299 0.186986 0.320044 -0.625358 0.4389 
0.312164 0.0753952 0.182445 0.120594 -0.105973 -0.150553 -0.44157 -0.168178 0.280077 -0.222565 0.370185 0.219744 0.22864 -0.0850989 0.308957 -0.622551 
0.19061 -0.759448 -0.102139 -0.0469869 0.043477 0.168255 0.2783 -0.0589426 -0.146823 -0.124686 0.941536 0.0787084 -0.118757 -0.0777481 0.403544 -0.594219 
-0.517563 0.512344 0.161617 -0.10292 -0.397519 0.216136 0.398071 0.265215 0.543642 0.0442058 -0.065493 0.476953 -0.0359367 0.167027 -0.0418668 0.534658 
-0.0560367 -0.300343 -0.197641 0.234334 0.0245292 0.208005 0.518838 -0.568919 -0.580371 -0.0652904 -0.481177 -0.0217833 -0.584109 -0.123825 0.155246 -0.0762544 
-0.153089 -0.256511 0.0209426 -0.0975266 0.228958 0.0898569 -0.704912 -0.0684153 -0.0476766 0.208681 0.383595 -0.0146272 -0.154829 -0.0910705 -0.441894 0.563532 
pop 3 layer 2
dims 4 16
-0.199006 0.1625 0.162176 0.393327 0.410184 0.25702 0.0928851 0.625492 -0.454982 -0.0547912 -0.177594 -0.116523 -0.245003 0.331518 -0.16872 0.110454 
0.335206 0.000683293 -0.355897 -0.33581 0.289543 -0.148697 0.179166 0.457892 0.069816 -0.485961 -0.346498 0.311326 0.516835 -0.0897712 0.0976956 -0.447098 
-0.301786 0.311035 0.414241 0.795751 0.218402 -0.734482 -0.293639 -0.449933 0.406167 -0.108224 0.019762 -0.00894528 -0.401764 -0.74929 0.060864 0.180367 
-0.0320846 0.191824 -0.121243 -0.0790853 0.331493 -0.2605 0.319478 -0.11359 -0.274314 0.00157064 0.120417 0.11942 0.0114922 -0.498518 -0.526224 0.631908 
pop 4 layer 0
dims 16 5
-0.19048 -0.374469 -0.0220925 0.534049 -0.119071 
0.0573666 0.340979 0.164998 0.161778 -0.316793 
-0.153893 0.0987792 0.0176281 0.331422 0.451787 
0.0777227 0.372965 -0.0766131 -0.00293733 0.132396 
-0.166493 0.00310072 -0.192705 -0.0765729 -0.0277166 
-0.0903639 -0.0538637 -0.252349 -0.159998 -0.25609 
0.379594 0.407499 0.0450542 0.0121239 0.0594853 
-0.0497204 -0.0551173 -0.241919 -0.254769 -0.314283 
-0.602422 -0.506149 0.249123 -0.0378152 0.133461 
0.213918 0.197381 -0.0861155 -0.415673 -0.169944 
-0.0868708 -0.212039 -0.609612 0.212627 0.15539 
0.0362209 0.303896 -0.113479 0.170956 -0.0204438 
0.0703931 -0.0490562 0.0146028 -0.183098 0.201876 
0.0488256 0.52928 -0.518004 0.379911 0.14565 
0.0786426 0.349346 -0.189941 0.492253 -0.0587303 
0.416484 -0.315989 -0.00583228 0.0400735 -0.743894 
pop 4 layer 1
dims 16 16
0.640287 -0.389656 0.00685999 -0.0909826 -0.27211 0.0900359 -0.435236 -0.674804 0.0832669 -0.432671 -0.426196 0.260966 -0.495684 0.273708 -0.370796 -0.267192 
0.249722 0.0273143 -0.310919 0.00174471 -0.0306379 0.302422 -0.22904 0.665973 -0.192754 -0.232076 -0.740924 -0.152164 0.451629 0.526971 0.431831 -0.161903 
-0.396094 -0.0670137 -0.325729 -0.205522 -0.287274 -0.085204 0.11478 0.252951 0.507177 0.219981 -0.0252095 -0.148617 0.332701 -0.0574906 -0.447864 0.0574572 
-0.39549 -0.0177081 -0.130757 0.135033 0.0886036 -0.0874032 -0.842178 0.0781717 -0.175636 0.240485 -0.161576 -0.413772 0.348593 -0.175276 -0.0559963 0.0983516 
-0.18569 0.25323 0.00195365 0.346965 0.114997 -0.0909778 -0.243807 -0.00446933 0.356174 0.242344 -0.232344 0.363982 0.0525785 0.492585 -0.224782 0.478089 
0.072415 -0.21823 0.249207 0.114005 -0.161438 -0.0917271 -0.10959 -0.540711 -0.126629 0.563303 0.216303 0.0762314 -0.896761 -0.879803 -0.00359027 -0.0694653 
0.250479 -0.202322 -0.146608 0.258206 -0.500484 -0.127519 -0.135472 -0.132156 -0.315091 -0.25107 0.156979 0.262185 -0.461684 -0.0409915 0.357564 0.242196 
-0.489537 0.24345 0.587705 0.3664 0.415482 0.399361 0.337597 0.516031 -0.25393 -0.0185335 0.101197 -0.465666 0.199693 0.0765831 0.0968031 0.0124146 
-0.541762 -0.115644 -0.0945963 -0.332712 0.327687 0.349478 -0.293596 -0.0189052 0.548011 0.420907 -0.150924 0.00946032 0.0789023 -0.178472 -0.087327 0.095095 
-0.352511 -0.22088 -0.250442 -0.235437 0.516264 0.203494 -0.713944 0.634306 -0.379776 0.04476 -0.236732 -0.00262216 -0.0961358 0.27563 -0.185123 -0.335408 
0.0926427 -0.236186 -0.495362 0.545763 -0.276908 0.219474 0.535745 -0.144041 0.575165 0.293174 0.795891 0.211451 0.3283 0.473842 -0.507443 0.481297 
0.383326 0.334525 0.217613 0.262039 -0.155936 0.182413 -0.334608 -0.0578649 0.250374 -0.0218295 0.405051 0.425588 0.246121 -0.148496 0.463513 -0.893217 
0.0914054 -0.723085 -0.319723 -0.0586102 -0.012944 0.392404 0.281956 -0.442227 0.0493788 -0.313289 0.813107 0.169463 -0.137219 -0.0418589 0.437421 -0.488087 
-0.493956 0.507422 0.277206 -0.312735 -0.489004 0.139659 0.472007 0.278887 0.371451 0.0236813 -0.216793 0.701463 -0.132868 0.101702 -0.011248 0.382861 
-0.25002 -0.484252 -0.41635 0.474483 0.19646 0.367736 0.494435 -0.505428 -0.555476 -0.463766 -0.31538 -0.0253321 -0.501351 -0.207524 0.0992362 -0.00517591 
0.128962 -0.507045 0.12883 -0.153724 0.449246 0.184083 -0.732613 0.0747344 0.157891 0.248921 0.109461 -0.0592899 -0.182828 -0.218792 -0.0904259 0.450689 
pop 4 layer 2
dims 4 16
0.139618 0.38817 -0.0718191 0.502335 0.304226 0.262234 0.0450899 0.544 -0.171026 -0.102037 -0.305922 -0.119339 -0.03486 0.156312 -0.0738799 0.011871 
0.225875 -0.0941397 0.122813 -0.500382 0.500842 -0.278888 0.128886 -0.0209453 0.127255 -0.432305 -0.247527 0.0480664 0.646646 -0.237104 0.0269694 -0.37779 
-0.293804 0.266094 0.308939 0.608233 -0.00367058 -0.657413 -0.0320536 -0.695889 0.164554 -0.105856 0.251727 0.0342642 -0.169114 -0.608027 0.0609573 0.41429 
-0.296099 0.280671 -0.0265853 -0.120476 0.393942 -0.592379 0.388935 -0.0867347 0.0959945 -0.156206 0.00302652 -0.278356 0.309271 -0.660734 -0.498263 0.45707 
pop 5 layer 0
dims 16 5
-0.147291 -0.361492 -0.109814 0.3086 0.168498 
0.271811 0.24347 0.145855 0.338774 -0.0402652 
-0.387581 0.249522 -0.0109863 0.490871 0.315121 
0.128424 0.122354 -0.174977 -0.0979184 -0.0798047 
0.0406257 0.0120344 -0.101975 -0.26178 0.186287 
-0.146289 0.216419 0.0168864 -0.393925 -0.303166 
0.208848 0.217738 -0.0920244 -0.0455533 0.0143227 
0.0642012 0.0122637 -0.0229449 -0.25015 -0.324496 
-0.177854 -0.238389 0.0927504 0.0371624 0.341954 
0.318092 0.277282 0.0131997 -0.151908 -0.370009 
0.0217363 -0.224582 -0.412278 0.529199 -0.0365159 
-0.109117 0.34077 -0.302109 0.0460416 -0.10042 
-0.214546 -0.1087 0.0808587 -0.231257 0.148604 
0.00827504 0.702125 -0.209749 0.028181 0.186654 
0.0440347 0.101867 -0.133713 0.262868 -0.139274 
0.0471328 -0.335329 -0.317225 0.0389197 -0.936226 
pop 5 layer 1
dims 16 16
0.168643 0.0389416 0.293051 0.0165154 -0.122851 0.344547 -0.413059 -0.287434 -0.0568623 -0.313589 -0.290405 0.227858 -0.369459 0.578488 -0.471484 0.626198 
-0.110675 -0.460375 -0.425738 -0.191562 -0.13559 0.170139 -0.313391 0.3655 -0.338141 0.176168 -0.415155 -0.0554191 0.286694 0.241906 0.508259 0.0250309 
-0.234533 -0.0489764 -0.240036 0.0870056 0.0105417 -0.1832 0.0366133 0.017528 0.512739 0.374092 0.372662 0.0851779 0.0691635 -0.165428 -0.163527 0.332853 
-0.0783199 0.407179 0.063059 0.192729 0.0213836 -0.285852 -0.455945 -0.16791 0.237864 0.234087 -0.244541 -0.507031 -0.123625 -0.0892529 -0.104878 0.0475337 
0.087092 0.166015 -0.627322 0.297764 0.197676 0.208434 0.218652 -0.303213 0.159149 -0.305158 0.0011452 0.22741 0.436059 0.600695 0.233547 0.366269 
0.0429999 -0.214532 0.35038 0.0901389 0.315224 -0.0751561 -0.10035 -0.441223 -0.0630663 0.414206 -0.292265 0.135973 -0.505462 -0.270372 -0.262787 -0.151017 
0.0469586 -0.0994466 0.126581 0.361456 -0.33037 0.00865572 0.166258 -0.0535488 0.0164033 0.361366 0.301545 0.125617 -0.140461 0.142501 0.712438 0.0320553 
-0.107035 -0.193444 0.13938 0.287671 0.320317 0.334805 0.252233 0.252373 0.199615 -0.132052 0.10122 0.0801325 0.0264371 0.232094 0.447518 0.137353 
-0.154142 0.0563277 -0.0174292 -0.25163 0.350601 -0.270023 0.241136 -0.0660131 0.745807 0.156205 0.119275 0.0841354 0.0215671 -0.0519128 0.164346 -0.034128 
-0.030463 0.109495 -0.401655 -0.174297 0.61455 0.390668 -0.312925 0.33512 0.0827458 0.122924 -0.204285 0.0718903 -0.37375 0.463871 -0.172312 0.0642112 
-0.0672942 0.263263 -0.259689 0.362153 -0.478244 0.0118203 0.288253 0.0280709 0.328451 0.397759 0.607016 0.160972 0.297524 0.0591514 -0.546847 0.421214 
0.370968 0.365609 0.327573 0.127329 0.0939799 -0.173927 -0.676639 0.0527055 0.242252 0.0439406 0.146987 0.335368 -0.0485701 0.00291637 0.418743 -0.392818 
0.0943336 -0.219981 -0.334558 0.17892 0.238605 -0.358793 0.389434 -0.324033 0.241158 -0.147153 0.758359 0.417832 0.0733861 0.0117423 0.371956 -0.469642 
-0.0620426 0.519793 0.146754 -0.484747 -0.272179 -0.241889 0.721396 0.0332053 0.242685 0.0232839 -0.325936 0.410192 -0.22185 0.0861937 -0.320519 0.330924 
0.0725285 0.18224 -0.268974 0.778078 0.195088 0.357128 0.687921 -0.157685 -0.251856 -0.282297 -0.466811 -0.00530227 -0.581737 -0.116174 0.0928017 -0.0614076 
0.0505283 -0.292165 -0.284278 -0.284833 0.485891 -0.0354271 -0.36616 0.179833 -0.025172 0.403641 0.364109 0.0110555 -0.338497 0.148927 -0.25725 0.521329 
pop 5 layer 2
dims 4 16
-0.331481 0.0867203 0.0210916 0.320864 0.524977 0.186443 0.00804507 0.270423 -0.380707 0.0492139 0.0724426 -0.417697 -0.201092 0.0319769 -0.0335312 -0.252577 
0.0324749 -0.114516 -0.328022 0.0697632 0.614631 -0.22399 -0.095123 0.0422354 0.222908 -0.415473 0.0260423 0.197263 0.59201 -0.0897166 0.161411 -0.407916 
-0.284538 0.130655 0.171801 0.63858 -0.0787847 -0.681501 0.112638 -0.612991 0.375648 0.0365057 -0.0151483 0.128918 -0.643451 -0.435146 0.181029 0.160966 
0.0329994 0.0022982 0.0362851 0.0263787 0.386377 -0.563821 0.377926 -0.145558 -0.142561 -0.168873 0.0392393 0.0405171 0.109664 -0.596607 -0.403395 0.520875 
pop 6 layer 0
dims 16 5
-0.0664935 -0.219029 0.000979339 0.627054 -0.203515 
0.26463 0.502052 0.0971393 0.128885 -0.210059 
-0.410423 0.420315 -0.0430097 0.405105 0.411985 
-0.0695717 0.313606 -0.091428 0.0837411 -0.0581584 
-0.0297073 0.30456 -0.0674775 -0.207852 -0.182754 
-0.170282 -0.104458 -0.203488 -0.157683 -0.130846 
0.320935 0.215544 -0.0141906 0.199241 0.237035 
0.0321351 -0.113759 -0.0586701 -0.545272 -0.418952 
-0.509251 -0.268247 0.24681 -0.103832 0.282065 
0.0672166 0.107377 -0.255495 -0.363067 -0.206738 
-0.00639625 -0.0105812 -0.660118 0.15225 0.134602 
0.281024 0.343955 -0.19801 0.12707 -0.124547 
0.00877343 0.225957 -0.200592 -0.0690043 0.198956 
0.143273 0.338547 -0.236245 0.295174 0.0853592 
0.0257428 0.21272 -0.169619 0.351255 0.0419781 
0.211038 -0.380484 -0.128105 -0.243544 -0.82798 
pop 6 layer 1
dims 16 16
0.760949 -0.387939 0.055489 -0.0634669 0.0143942 0.19546 -0.445211 -0.691993 0.326564 -0.615404 -0.559083 0.340783 -0.405677 0.0688982 -0.372673 -0.0920197 
0.259331 0.0236828 -0.204098 -0.0127491 -0.0308711 0.138776 -0.0800308 0.57156 -0.334145 -0.138557 -0.644375 -0.0789568 0.411944 0.529039 0.4252 -0.0996882 
-0.522875 -0.0756867 -0.254747 -0.0713884 -0.132995 -0.232799 0.152919 0.433414 0.487985 0.31167 0.0186513 -0.0110392 0.0804359 -0.131069 -0.241721 0.150343 
-0.0386745 0.0785123 -0.0282236 0.192018 -0.15873 0.0849218 -0.674967 -0.0130697 -0.301677 0.110908 -0.348137 -0.32075 0.231224 -0.220447 0.0353644 0.299236 
0.0386823 0.223257 -0.0343586 0.160746 -0.196672 -0.229467 0.0537791 -0.139869 0.223092 0.0200177 -0.162016 0.407826 -0.0778742 0.587946 -0.198529 0.597126 
0.109528 -0.370484 0.602275 0.142627 -0.0521862 -0.0497921 -0.144872 -0.527458 -0.182001 0.540912 0.133739 -0.0772566 -0.81973 -0.63881 -0.0257555 0.0654565 
0.0532702 -0.0472024 0.100674 0.223141 -0.359127 -0.127196 -0.128037 -0.113851 -0.161775 -0.246128 0.00840247 0.205725 -0.219128 -0.0931716 0.453132 0.0880287 
-0.320088 0.44567 0.180661 0.266319 0.509576 0.197813 0.422838 0.664281 -0.232129 -0.19696 0.16422 -0.372296 0.127328 0.19964 0.11239 -0.00924378 
-0.491076 -0.0992792 0.130528 -0.283446 0.465247 0.140011 -0.0767814 -0.0751875 0.645942 0.324694 -0.253177 -0.100201 -0.108999 -0.172492 0.0829855 0.0357708 
-0.413101 -0.0703618 -0.342463 -0.222858 0.342207 0.281527 -0.981726 0.59741 -0.0756127 -0.163535 0.0162678 -0.0838172 -0.315618 0.255361 -0.320445 -0.386011 
-0.0482133 -0.38396 -0.633032 0.654044 -0.221252 0.224653 0.506007 -0.150445 0.575915 0.293895 0.685089 0.297033 0.241011 0.251204 -0.51932 0.403587 
0.528807 0.112099 0.264245 0.150324 0.0400326 0.016092 -0.382643 -0.0374295 0.122185 -0.168592 0.368353 0.339289 0.232673 -0.118787 0.350966 -0.760248 
0.18617 -0.717101 -0.235274 0.0349715 -0.121589 0.176424 0.288636 -0.299526 -0.0815778 -0.162297 1.03342 0.200131 -0.125401 -0.125796 0.38884 -0.484917 
-0.524411 0.683628 0.14871 -0.203585 -0.464453 0.044688 0.377824 0.286171 0.476292 0.141914 -0.0794969 0.546591 -0.191744 0.334508 -0.0443557 0.483373 
-0.201019 -0.469892 -0.360704 0.28759 0.128255 0.270632 0.583849 -0.689768 -0.496083 -0.293245 -0.404381 0.125004 -0.592119 -0.17106 0.0980859 0.0882449 
-0.0485604 -0.357229 -0.00737653 -0.148123 0.444146 0.109415 -0.817929 -0.0297693 -0.0330975 0.258677 0.449616 -0.188053 -0.217092 -0.0538931 -0.398252 0.534918 
pop 6 layer 2
dims 4 16
-0.0765019 0.232766 0.107676 0.375107 0.414538 0.271666 0.204957 0.672171 -0.503176 -0.0200141 -0.0693299 -0.195376 -0.361321 0.359079 -0.149779 0.0314502 
0.352228 -0.0453968 -0.418683 -0.455515 0.245541 -0.203144 0.304879 0.26897 0.236 -0.627519 -0.3924 0.309145 0.567126 -0.155226 0.159644 -0.644124 
-0.216361 0.254616 0.476834 0.964461 0.255122 -0.736729 -0.235851 -0.566278 0.394628 -0.207887 0.163601 -0.138931 -0.364952 -0.80206 0.162918 0.221967 
-0.069374 0.31282 -0.112511 -0.178352 0.471374 -0.37594 0.264273 0.0199701 -0.183453 0.00672105 0.14501 0.0040333 0.103028 -0.604856 -0.396994 0.621135 
pop 7 layer 0
dims 16 5
0.110153 -0.297234 -0.135758 0.168409 -0.0412847 
0.197817 0.170514 0.167383 0.262373 -0.106026 
-0.364366 0.300875 -0.277824 0.528205 0.347497 
0.145376 0.337388 0.0832845 0.0376934 -0.0753192 
-0.03182 0.285367 -0.0357666 -0.330434 -0.086803 
-0.0124437 0.0226023 -0.266848 -0.334621 -0.206876 
0.144837 0.226056 -0.135011 0.150719 0.0105719 
0.00785558 -0.0218589 -0.0637525 -0.139016 0.0872756 
-0.307791 -0.1699 0.0116698 0.0286783 0.378997 
0.261241 0.0318241 0.0867842 -0.0677761 -0.570526 
-0.187744 -0.341654 -0.686813 0.663374 0.220858 
-0.220687 0.209495 -0.304894 -0.000276977 -0.175649 
-0.187674 0.0206536 -0.104789 0.0146755 -0.0636573 
-0.0431432 0.878541 -0.155857 0.084402 -0.00507476 
0.126904 0.225726 0.0528393 0.34215 0.0106227 
-0.0570074 -0.273445 -0.243638 -0.115278 -0.938212 
pop 7 layer 1
dims 16 16
0.134347 -0.0453736 0.288108 0.0693691 -0.0420742 0.306798 -0.478003 -0.136905 0.145781 -0.260697 -0.406439 0.332277 -0.382127 0.554568 -0.391185 0.457488 
-0.119998 -0.606552 -0.42757 -0.338186 -0.150688 0.160766 -0.0459134 0.460342 -0.414008 0.0445989 -0.227795 -0.125627 0.185304 0.290374 0.458712 -0.144638 
-0.126431 0.140507 -0.336392 -0.0902464 -0.00701726 -0.0684224 0.083373 0.209601 0.194515 0.262879 0.16041 0.204757 0.161154 -0.143187 -0.217367 0.232727 
0.187146 0.185745 0.172472 0.293536 0.241849 -0.1369 -0.745521 -0.0762817 0.348394 0.316357 -0.352288 -0.390991 -0.187929 -0.129517 -0.127901 0.104983 
-0.0209395 0.236373 -0.310647 0.150222 -0.0274564 0.341151 0.0364799 -0.41213 0.200827 -0.229468 -0.0602839 0.243199 0.0889146 0.667216 0.243806 0.398707 
0.00738894 -0.147271 0.31133 -0.0131092 0.266551 -0.189291 -0.115327 -0.538456 -0.0669038 0.36729 -0.224864 0.249543 -0.281909 -0.206186 -0.497558 -0.215762 
0.131122 -0.0106142 0.20708 0.480289 -0.22808 -0.0330929 0.185547 -0.136732 0.00606496 0.394473 0.455934 0.151934 -0.23369 0.136807 0.723778 0.0718449 
-0.14708 -0.085673 0.00991419 0.240589 0.352649 0.511474 0.264701 0.45781 0.0162232 -0.20242 0.146437 0.0437356 -0.0760962 -0.0603001 0.505624 0.142996 
-0.21476 0.121162 0.296522 -0.243368 0.312668 -0.090036 0.21533 -0.233993 0.70895 0.173819 0.0253136 0.225429 -0.0695007 -0.261193 -0.0320796 0.170885 
0.0142863 0.112214 -0.387427 -0.229998 0.509192 0.317125 -0.452393 0.221768 -0.0147718 0.201648 -0.24156 0.0377388 -0.244513 0.417202 -0.115386 -0.170834 
-0.0324773 0.256861 -0.180112 0.537729 -0.322145 0.121142 0.293586 0.141157 0.408909 0.379115 0.690733 0.186133 0.31026 0.0568421 -0.404717 0.566308 
0.319942 0.141633 0.275477 0.313545 -0.0537209 -0.0536165 -0.603183 -0.133698 0.167469 -0.0710938 0.230864 0.190905 0.129993 -0.132018 0.23296 -0.420734 
0.279958 -0.648312 -0.645089 -0.062769 0.174121 -0.341818 0.404113 -0.311837 0.25912 -0.270065 0.724779 0.394511 -0.263376 0.259991 0.250946 -0.408039 
-0.181503 0.441791 0.160846 -0.265237 -0.219711 -0.222514 0.390193 0.0444154 0.103727 0.0263526 -0.0809596 0.546288 -0.211424 0.299178 -0.209045 0.359265 
0.0262222 0.0855565 -0.484867 0.612261 0.0889397 0.400302 0.696726 -0.0156082 -0.42307 -0.236357 -0.388719 -0.11392 -0.461575 0.12976 -0.0521637 -0.0712716 
0.0355543 -0.246367 -0.3284 -0.290024 0.380262 0.0524627 -0.304872 0.141688 0.0123745 0.159586 0.162619 0.176504 -0.335146 -0.105283 -0.27988 0.521477 
pop 7 layer 2
dims 4 16
-0.103964 0.287717 0.256876 0.491887 0.350357 0.163381 -0.0548122 0.306361 -0.281022 -0.0874229 -0.0552588 -0.218498 -0.291388 0.387549 0.00724887 -0.019392 
0.379324 -0.0739455 -0.164119 -0.207139 0.204555 -0.236845 0.173294 0.0914719 0.30123 -0.467216 -0.194733 0.329051 0.383415 -0.157897 0.112329 -0.494097 
-0.107915 0.160452 0.395889 0.913404 0.250017 -0.499289 -0.177178 -0.634139 0.416016 -0.23362 0.140024 -0.0686539 -0.121975 -0.848806 0.189378 0.468039 
-0.0542112 0.147325 -0.0427738 -0.0360133 0.603629 -0.45257 0.245158 0.00201292 -0.120127 0.092819 0.219036 -0.181987 0.355343 -0.631262 -0.539368 0.289142 
pop 8 layer 0
dims 16 5
-0.0644531 -0.251838 0.0352691 0.447456 0.0674107 
0.39729 0.192937 0.135123 0.242002 -0.226971 
-0.287557 0.346361 -0.180171 0.638582 0.390044 
-0.0168588 0.365046 -0.107288 0.0172803 0.00644011 
-0.133966 0.0793088 -0.18991 -0.243427 0.135063 
-0.0873983 0.170264 -0.184057 -0.349164 -0.332875 
0.233176 0.276108 -0.228853 0.240309 0.0104984 
0.0840349 -0.0732579 -0.0558092 -0.207529 -0.0642846 
-0.416329 -0.230959 0.144908 0.185604 0.312529 
0.231942 0.233397 0.0556645 -0.210951 -0.495524 
-0.141998 -0.284442 -0.604302 0.613762 0.20986 
-0.0965704 0.305224 -0.336755 0.0471208 -0.00206763 
-0.175794 -0.142782 0.00701722 -0.0831876 0.25853 
0.0118843 0.776748 -0.322517 0.0741529 -0.0115919 
0.0269357 0.217273 -0.0917646 0.272711 -0.0471324 
0.123511 -0.353378 -0.230094 -0.126202 -0.980117 
pop 8 layer 1
dims 16 16
0.188557 -0.039682 0.337756 0.0333647 -0.143317 0.244428 -0.486625 -0.367794 0.0220808 -0.422254 -0.457087 0.371487 -0.443548 0.517163 -0.404459 0.487843 
-0.00883681 -0.558228 -0.275966 -0.244363 -0.105677 0.0208159 -0.292876 0.394148 -0.445878 -0.128842 -0.377009 -0.108375 0.344244 0.267813 0.409197 -0.12274 
-0.288934 -0.0817988 -0.372283 -0.0919542 -0.0155959 -0.185253 0.00966433 0.19279 0.486596 0.366051 0.218878 0.0695524 0.12275 -0.182146 -0.279501 0.345167 
0.0940521 0.254801 -0.014733 0.352961 0.078308 -0.340273 -0.723122 -0.0326764 0.152228 0.367575 -0.3376 -0.648966 -0.204796 -0.0920329 -0.246743 0.262544 
-0.108041 0.220286 -0.553228 0.351413 0.109634 0.237129 0.0976103 -0.366151 0.174647 -0.37848 -0.0219669 0.304146 0.14637 0.679827 0.205938 0.50157 
0.053628 -0.118239 0.261787 0.163651 0.266808 -0.152207 -0.113943 -0.449619 -0.0404634 0.493685 -0.202972 0.217935 -0.34874 -0.271028 -0.362757 -0.287309 
0.143762 -0.0649386 0.148106 0.347374 -0.290026 -0.0303155 0.216757 -0.14549 -0.0368125 0.355826 0.412649 0.129841 -0.16957 0.182443 0.803086 0.117865 
-0.0518065 -0.195887 0.15676 0.320649 0.374655 0.289584 0.279691 0.344468 0.115563 -0.23173 0.176122 0.177066 0.0274225 0.104084 0.494486 0.159227 
-0.218897 0.0788105 0.0398349 -0.386576 0.329208 -0.179727 0.191715 -0.0114806 0.766397 0.223036 0.0900123 0.218502 -0.0329842 -0.100012 0.105732 0.10012 
0.0498654 0.20796 -0.489753 -0.104674 0.644108 0.317666 -0.421399 0.379944 0.00950623 0.142522 -0.240454 0.0608992 -0.386279 0.496642 -0.0949451 -0.0488619 
-0.0691167 0.163456 -0.195221 0.419746 -0.513416 0.115232 0.309576 0.0918061 0.276733 0.124625 0.614846 0.259813 0.447095 0.102812 -0.449184 0.398626 
0.361403 0.313535 0.289296 0.332141 0.216509 -0.0745169 -0.575071 -0.0783302 0.230469 -0.137401 0.389508 0.387846 -0.0516293 -0.0837784 0.276387 -0.504658 
0.132461 -0.482186 -0.639467 -0.00897487 0.278652 -0.441878 0.375049 -0.200507 0.349312 -0.16093 0.651579 0.419176 -0.111611 0.0276603 0.407788 -0.410533 
-0.0914664 0.643144 0.204511 -0.356343 -0.284503 -0.201893 0.544945 -0.0976535 0.230093 -0.115937 -0.203074 0.33034 -0.283727 0.286229 -0.292826 0.470855 
0.0679342 0.130576 -0.393812 0.883477 0.0715758 0.428278 0.592444 -0.0705289 -0.490541 -0.316561 -0.394629 -0.00550946 -0.416646 -0.0201372 0.0254268 -0.0463009 
0.015152 -0.300229 -0.311143 -0.295486 0.391681 -0.0177733 -0.234117 0.22382 -0.0789513 0.303278 0.276229 0.0506565 -0.455739 0.045548 -0.308173 0.462188 
pop 8 layer 2
dims 4 16
-0.114435 0.167046 0.104377 0.453745 0.566394 0.162593 -0.00305885 0.215928 -0.27086 0.0500927 0.029537 -0.409807 -0.202141 0.196298 0.0203076 -0.118439 
0.047065 -0.095945 -0.216715 -0.0230519 0.588925 -0.058394 0.0407997 0.118903 0.247469 -0.55146 -0.0155308 0.148359 0.648501 -0.204534 0.164127 -0.406593 
-0.150596 0.255664 0.182192 0.715776 -0.0566226 -0.38879 0.118754 -0.630372 0.385572 0.00768878 -0.00580636 0.130419 -0.256746 -0.546509 0.208269 0.38892 
-0.0488413 -0.0596101 -0.0751911 -0.0316159 0.356916 -0.607824 0.391219 -0.160477 0.1138 -0.157759 0.12945 -0.0227056 -0.00473288 -0.480469 -0.41234 0.58391 
pop 9 layer 0
dims 16 5
-0.136327 -0.325072 0.0256672 0.603255 -0.156511 
0.254569 0.313117 0.0164089 0.121123 -0.326069 
-0.212011 0.369774 0.0390441 0.289677 0.44756 
0.0750686 0.288767 -0.0587132 0.0806795 0.0443165 
-0.0943975 0.0530247 -0.184826 -0.178975 -0.214538 
-0.234886 -0.103654 -0.135263 -0.203474 -0.162107 
0.361348 0.233525 0.0548928 0.173147 0.235198 
0.0711494 -0.0731745 -0.103122 -0.475264 -0.388338 
-0.557185 -0.362674 0.213705 -0.0494636 0.159892 
0.126813 0.223542 -0.0682965 -0.423549 -0.233669 
-0.065925 -0.0738633 -0.595885 0.40361 0.0643384 
0.145827 0.414296 -0.21318 0.196389 -0.117227 
0.124052 0.159259 -0.103042 -0.045858 0.33495 
0.0264876 0.552994 -0.481732 0.224653 0.159622 
-0.0179213 0.264625 -0.291981 0.377778 -0.0729616 
0.331803 -0.451147 -0.112829 -0.163829 -0.748217 
pop 9 layer 1
dims 16 16
0.722382 -0.472328 0.0439165 -0.115293 -0.0928408 0.0545308 -0.570729 -0.647937 0.241427 -0.638289 -0.55983 0.300211 -0.479148 0.225943 -0.341227 -0.218684 
0.187261 -0.095052 -0.325959 -0.11004 -0.00396635 0.344069 -0.185902 0.686251 -0.3223 -0.174791 -0.77213 -0.138409 0.468414 0.496922 0.519759 -0.270554 
-0.484548 -0.037473 -0.465703 -0.160353 -0.17238 -0.155066 0.15186 0.334138 0.615194 0.161448 -0.0365504 0.079197 0.180372 -0.0292093 -0.29471 0.167791 
-0.155002 0.0303511 0.000604787 0.199543 0.13004 -0.05477 -0.867896 0.15025 -0.336026 0.157864 -0.325952 -0.476211 0.209593 -0.140534 -0.0246285 0.120862 
-0.00420134 0.252048 -0.0563745 0.376896 -0.013651 -0.108781 -0.167527 -0.172372 0.322107 0.115318 -0.187972 0.386322 -0.0423322 0.556342 -0.210547 0.601893 
0.0199228 -0.351202 0.4597 0.0252049 -0.0388593 -0.164534 -0.0338332 -0.607952 -0.161189 0.454808 0.342174 0.0621942 -0.859515 -0.997241 -0.189424 -0.181342 
0.242628 -0.0418074 -0.00503963 0.189379 -0.40085 -0.10821 -0.240665 -0.13601 -0.284485 -0.334418 0.119953 0.117469 -0.277258 -0.0320466 0.472838 0.154112 
-0.380298 0.490582 0.54053 0.332135 0.558639 0.154671 0.31753 0.693067 -0.0898781 -0.0740251 0.29166 -0.400538 0.27757 0.091759 0.225358 0.0367289 
-0.51026 -0.174783 -0.181129 -0.337092 0.506103 0.321951 -0.163534 -0.0764115 0.708448 0.446876 0.00822144 -0.0240121 -0.0459965 -0.244091 0.00140777 0.0215955 
-0.426426 -0.175814 -0.305671 -0.235987 0.514192 0.368049 -0.91232 0.652164 -0.258763 -0.119105 -0.254916 -0.0920712 -0.276105 0.257192 -0.230739 -0.295494 
-0.0509712 -0.297303 -0.647285 0.572968 -0.333079 0.288133 0.413073 0.00377999 0.549983 0.369643 0.776155 0.366052 0.458053 0.397358 -0.449874 0.537204 
0.610747 0.352609 0.366176 0.225901 -0.0169483 0.0766806 -0.393967 -0.110682 0.141493 -0.1424 0.220835 0.460978 0.119667 -0.104349 0.443838 -0.733304 
0.242284 -0.624818 -0.421612 -0.0348626 -0.0065244 0.311343 0.206163 -0.520792 -0.0209741 -0.216664 0.955431 0.25626 -0.0695246 -0.019905 0.344527 -0.449552 
-0.527595 0.565541 0.178402 -0.405533 -0.403599 0.0849719 0.542935 0.31224 0.443075 0.0819223 -0.195699 0.627781 -0.147087 0.189578 0.0260825 0.554996 
-0.306444 -0.473489 -0.384019 0.5761 0.195935 0.327406 0.594147 -0.574741 -0.618856 -0.282351 -0.353307 0.0198745 -0.628757 -0.197862 0.0554999 0.0775663 
-0.0509287 -0.433863 0.11765 -0.126303 0.392258 0.193082 -0.728375 0.00345406 0.00748716 0.11069 0.223196 0.066017 -0.32495 -0.00309402 -0.308152 0.635156 
pop 9 layer 2
dims 4 16
0.254794 0.35464 0.146078 0.554408 0.320962 0.222533 0.166248 0.368733 -0.176669 0.00490087 -0.139163 -0.194138 -0.145439 0.259684 -0.18109 -0.156225 
0.378232 0.0547302 0.103613 -0.269889 0.541296 -0.211933 0.368019 0.141029 0.280454 -0.54336 -0.157372 0.147226 0.75556 -0.18739 -0.00137776 -0.350245 
-0.351599 0.430778 0.280088 0.822062 -0.0661578 -0.559269 0.0734306 -0.795657 0.184928 -0.142861 0.140124 -0.0146211 -0.168007 -0.816499 0.232925 0.314244 
-0.132657 0.383268 -0.0475798 -0.162231 0.454032 -0.678735 0.421047 -0.0795402 0.205848 -0.217501 0.109218 -0.171433 0.118721 -0.801499 -0.575865 0.420297 
vWeights_end
generator 1676813198 3449363144 1042172111 2217837290 2671736941 730734961 742609616 2483751999 1011136597 2419176053 4084716301 2311383894 3507205817 2088476144 3014621035 2566846167 1956771381 1728556247 1006572198 2427528335 2037745364 3977169866 2413457148 1187563901 2794693754 4229844154 807744492 687594237 156485031 1777300419 2689713504 4206215753 2215776306 4279276387 3976453013 321902173 2076948997 277355107 3246537538 2653024441 3546255253 314089108 828734423 102391717 4173194250 2575156861 1807181767 2293377238 2932110619 1149938937 2630946683 1095659948 2464369623 3269786284 3063310114 655348219 1662724803 1801769205 913333468 1116251836 3223040269 2009618865 2547289771 2992458182 145506056 378954909 617501665 427954336 781916802 2089834854 2487099414 2498344346 1874488583 1826431174 463642328 2411093470 2840965818 4271626007 3538693327 3707245471 2403600513 2997155745 3057361638 2146992280 1306072589 4133828616 2674496870 1262498807 638577256 3677863091 2977739826 2738661646 3539293320 1763855336 3004281491 378611781 1229177895 2860351596 3164117943 2123379920 1129896732 3246111917 387340485 2167883719 3348625294 1563121215 3742211258 178229451 2107168000 381239950 2557565972 2311167138 2709367440 3329838544 849539642 1620342614 1979859823 2575784948 523902383 9279178 1220075993 3818344254 1302659420 3679859062 991047840 4167353116 1780804533 2093349254 4220240049 3370070112 858513468 453679583 884990752 1046393571 2733092314 1026982456 619597219 4141964660 887094445 4291978967 2439198575 1534679456 3464131088 136290456 2577692527 2590011095 941665030 189170054 3173292965 50568040 1672482669 2145307408 3604058799 2365734335 1506611368 2994273529 2228334303 896073362 3638953248 385353641 1958885356 1306860513 3070737472 368354957 2976780430 3527253448 2436793377 2562065904 3369123706 3490128275 3844708127 68800317 3238662888 1089669427 1989238042 698260768 3756713223 1139930715 2460342164 4159826056 188051199 191417351 4138809075 4131316307 230439558 2080617907 2020763059 1565265557 1705970560 4274866716 324690338 3026596282 3512863580 1385218046 3065929934 3743848344 2115801320 3339364573 1135476942 2289924239 3057405100 921229345 2814511635 385864277 1341132496 3908740555 2723621513 1252977194 3343620190 2997127434 806516905 1549377594 3260420978 3752062201 3958440391 182416266 94602966 3876863636 2721516194 3184649728 2929440306 3485961100 2758567925 1248143733 3949203382 562144393 2582123924 3198581649 844857864 1701874490 1336149791 3411434419 2817257886 322775208 2162822836 2573422266 2128842245 3834317959 2319067538 96790212 1159446027 3331593573 394706197 2352387254 2857112458 2296555177 4116048313 1050960579 152985834 3276341417 769137498 1335804839 3837336108 1844280644 3331551525 4027564494 2487202226 4253241867 2827439382 3226161053 3216737144 1868781410 398933209 1068658179 3930997311 199467747 2911634526 1522063376 3431290134 2822656715 3448971911 2810646550 3428856123 1052302638 294590829 2472547981 2189657032 2941347053 3991521734 4072549291 2249508235 3818927094 3791490945 2990507607 3082005267 2001793745 1912982407 1171025183 774230346 3546763907 1603518494 266978501 98139481 1548334396 1770588314 2439701387 3439309104 320617867 1514105092 1447955164 733639108 2641657366 2021692679 1614446994 3684083487 1742890691 1901988783 777417650 2544391004 2421167212 1648125112 39555413 3818084427 3421708577 2412934910 1443868218 1124507982 2521878132 2751418659 3642832750 2999396447 2341436130 3162886719 532260421 863626162 411333855 3741920697 2273844570 3854999778 1478959058 2843862126 4140991224 4224303955 1709556072 4266884386 945396151 1225938586 864309627 1991752903 664358825 1866199884 795704193 1944902731 2027672777 2990736214 575924478 523054941 3374732693 1968272065 112954457 1986200271 161680064 3760882416 3665655318 644342957 4229772602 2825557715 1218164573 1082644416 2277778617 1653736979 2260525123 4263510927 1225453129 2914668459 2204750710 3370494288 3844074067 1115755491 3936620830 3476931845 1232771779 3898906819 4172147388 1302134986 182477026 2213901282 1199666027 464881898 641468158 549337726 381217163 4276698591 318852139 2928554020 827691582 1494746695 1213910950 1308670434 3183252421 1199892711 2971000238 1823112076 3896389547 2272709353 3442815109 4044316812 2647751883 3590746890 3924455712 1982814162 732163453 1801968939 3709156182 2693408802 1467879684 3428302996 2500675726 2381218060 1774753661 1465789043 1307377834 363542169 1537438955 455712329 2564262856 727748256 521873255 3334711757 1361680066 3097939025 3738908271 2272268116 393772206 61243588 3266260263 2290276084 4184973597 1861325750 3468616979 2255384600 3763176236 2847124767 3559601242 3366748934 3910157245 3631435435 3656311607 2708989198 3324984008 2079954735 2098178682 475499256 2288174255 3794706749 1154833582 1219678331 2947107811 601041228 3629841762 3850393815 1414298868 2691052503 879790553 1942379066 2239375594 3600762616 1944262516 1647829750 987902177 43711096 281660096 3076472087 2657550094 228902765 3757284900 1697426015 635656035 2295823627 1437694095 3358607317 2478268000 2182604105 268967830 4272464934 4240402995 3254037891 1737285704 1593766429 1807506675 1323033649 3270446945 1053997363 3948845198 2385172881 3392909278 3214592510 3155921378 1426243763 1673593810 3849960136 50939684 542295455 11218863 1589521508 1916758431 1515596526 20562291 3665665648 2907522739 1032773622 292221975 3561061432 2825967997 10027552 422192381 1684518872 4041702308 93144202 95560463 3794125172 3752015763 3022076030 2899447567 2521777908 3339093419 2912437445 715337733 221295426 2986308394 2750615208 2319746374 2926922850 2213865429 410457140 3459999556 3485597354 2865803693 1906919269 3638305666 1190109512 2236616162 694097846 153455827 1399722716 2370925592 2623309746 2394183758 3970344205 3341479855 3435057540 2213799521 1481085924 399674619 305962834 558398951 1057809202 928597723 2445698894 691621346 1893574964 638636232 2265306154 4129090864 85417134 1404441964 1018379119 3666918713 1942533496 2162146362 3150192993 1574501047 3352713355 3923849946 2205112185 3371306719 532332817 1319451692 2124004362 3581297357 963149429 3806308305 2383786721 3728984339 1561393727 4121109562 1950336983 929847197 170263022 4187015088 4005552946 3250549128 1981082212 986692411 1477275597 1920756111 1067256302 1598620536 1476290594 3998086671 1293049651 2711200898 108248350 3805494194 3430219807 3766199800 1530456022 2841468863 1396584970 991114368 2001962136 2206853793 2288219386 2055385428 910564142 3611270323 2026173227 637608737 2868965572 3718346118 3610839971 3017370192 1812272328 833467555 551176776 3772567065 3724776828 2871412377 2283245475 2036929945 4149122525 1835174495 1722264682 2163634507
