sName lunar_lander
version 1
nEpochs 500
nPopSize 100
nTop 10
act 1
populationStrategy 2
randomInjectionRatio 0.35
nLayers 4
vSize 5 16 16 4 
vBiases_start
pop 0 layer 0
dims 16 1
-0.393324 
0.0855623 
-0.439987 
-0.305511 
0.0391923 
-0.234033 
0.173187 
0.217251 
0.0659173 
0.443495 
0.132098 
0.0237071 
-0.200115 
-0.34192 
-0.142373 
0.425311 
pop 0 layer 1
dims 16 1
-0.0808878 
-0.359052 
-0.264436 
0.31772 
0.078464 
-0.0652608 
0.479047 
0.590096 
0.315359 
0.46086 
0.300931 
0.702859 
0.159908 
0.00501979 
-0.476963 
-0.078851 
pop 0 layer 2
dims 4 1
-0.395988 
0.422541 
0.00945767 
0.00247287 
pop 1 layer 0
dims 16 1
-0.508675 
0.0942096 
-0.293736 
-0.475924 
0.137263 
-0.205729 
-0.250263 
-0.22235 
0.548528 
-0.0460715 
0.322475 
-0.337421 
-0.24465 
0.00344643 
-0.189227 
0.423953 
pop 1 layer 1
dims 16 1
-0.296829 
-0.20822 
-0.783156 
0.317202 
0.0149349 
0.563137 
0.660039 
0.415655 
0.53452 
0.380671 
0.179871 
0.442168 
0.251036 
0.186175 
-0.569015 
0.122351 
pop 1 layer 2
dims 4 1
-0.4094 
0.123624 
-0.0830511 
-0.0409326 
pop 2 layer 0
dims 16 1
-0.32794 
-0.125546 
-0.337976 
-0.145623 
-0.303654 
-0.327606 
-0.125424 
-0.0985522 
0.323156 
0.47795 
0.124537 
-0.273808 
-0.512158 
-0.347312 
-0.237561 
0.369825 
pop 2 layer 1
dims 16 1
-0.133817 
0.101534 
-0.206538 
0.223834 
-0.0738508 
-0.171486 
0.355456 
0.35597 
0.641621 
0.764666 
0.100897 
0.563498 
0.218898 
0.352441 
-0.257804 
-0.121615 
pop 2 layer 2
dims 4 1
-0.400432 
0.139758 
-0.308458 
-0.160452 
pop 3 layer 0
dims 16 1
-0.31367 
0.0770948 
-0.528901 
-0.319175 
-0.0570496 
-0.248078 
0.0962955 
0.0291379 
0.154478 
0.369986 
0.229346 
-0.161398 
-0.402986 
-0.218505 
-0.175206 
0.489909 
pop 3 layer 1
dims 16 1
-0.132233 
-0.284654 
-0.646897 
0.282577 
0.0100235 
-0.16905 
0.416958 
0.390541 
0.492262 
0.442063 
0.210908 
0.528305 
0.582039 
0.176812 
-0.498121 
-0.106632 
pop 3 layer 2
dims 4 1
-0.562292 
0.318294 
-0.123519 
-0.0586839 
pop 4 layer 0
dims 16 1
-0.266033 
-0.0665677 
-0.237174 
-0.387949 
0.0346378 
-0.340614 
0.100767 
0.0574533 
0.259421 
0.606682 
0.377696 
-0.392669 
-0.210754 
-0.145866 
-0.22366 
0.427458 
pop 4 layer 1
dims 16 1
-0.398863 
-0.186546 
-0.755446 
0.233428 
0.135047 
0.224132 
0.552767 
0.647146 
0.600596 
0.474962 
0.18917 
0.726242 
0.200417 
0.138991 
-0.340555 
-0.0664481 
pop 4 layer 2
dims 4 1
-0.164079 
0.53939 
-0.0922501 
-0.0526962 
pop 5 layer 0
dims 16 1
-0.443357 
-0.128137 
-0.43257 
-0.231593 
-0.0926852 
-0.21819 
-0.0624113 
-0.0782026 
0.472002 
0.401789 
0.215641 
-0.265912 
-0.441527 
-0.248085 
-0.168727 
0.661351 
pop 5 layer 1
dims 16 1
-0.079373 
-0.412956 
-0.496705 
0.318391 
0.174006 
0.100366 
0.424392 
0.596866 
0.522802 
0.653037 
0.089525 
0.61034 
0.294471 
0.0619788 
-0.59047 
-0.298984 
pop 5 layer 2
dims 4 1
-0.535336 
0.273091 
-0.146598 
-0.0387383 
pop 6 layer 0
dims 16 1
-0.313663 
-0.0415218 
-0.385804 
-0.19053 
-0.251977 
-0.445051 
0.0173814 
-0.0224976 
0.253582 
0.229038 
0.116773 
-0.288233 
-0.469176 
-0.162164 
-0.143258 
0.528064 
pop 6 layer 1
dims 16 1
-0.187079 
-0.313229 
-0.458857 
0.309507 
0.0545873 
0.258536 
0.193331 
0.414545 
0.467604 
0.708002 
0.269708 
0.46518 
0.464631 
0.0352347 
-0.458069 
-0.115469 
pop 6 layer 2
dims 4 1
-0.587164 
0.289686 
-0.405118 
0.0175993 
pop 7 layer 0
dims 16 1
-0.427511 
-0.0686138 
-0.369506 
-0.239075 
-0.225066 
-0.351795 
-0.0918453 
-0.050713 
0.516229 
0.248066 
0.344714 
-0.345562 
-0.511311 
-0.172055 
-0.163271 
0.516564 
pop 7 layer 1
dims 16 1
-0.209126 
-0.344592 
-0.690452 
0.283063 
0.123809 
0.107981 
0.416467 
0.589365 
0.541716 
0.612936 
0.0848268 
0.57637 
0.476692 
0.115146 
-0.503416 
-0.202926 
pop 7 layer 2
dims 4 1
-0.581066 
0.375252 
-0.258875 
-0.0540868 
pop 8 layer 0
dims 16 1
-0.318672 
-0.114771 
-0.340637 
-0.250355 
-0.181005 
-0.404088 
0.0348612 
-0.0200118 
0.480665 
0.360975 
0.15043 
-0.286434 
-0.556455 
-0.38522 
-0.307004 
0.568798 
pop 8 layer 1
dims 16 1
-0.106625 
-0.0399768 
-0.387344 
0.299456 
0.0171813 
-0.158548 
0.465344 
0.424601 
0.529788 
0.724163 
0.278768 
0.431634 
0.289398 
0.178967 
-0.319627 
-0.268617 
pop 8 layer 2
dims 4 1
-0.326209 
0.192691 
-0.227701 
-0.200802 
pop 9 layer 0
dims 16 1
-0.580187 
0.0287917 
-0.483164 
-0.600563 
0.184754 
-0.166098 
-0.123164 
-0.110306 
0.559327 
0.146373 
0.406449 
-0.371105 
-0.219338 
-0.0736494 
-0.159688 
0.429271 
pop 9 layer 1
dims 16 1
-0.249896 
-0.28438 
-0.771942 
0.322195 
-0.139847 
0.663467 
0.712308 
0.455806 
0.612518 
0.479399 
0.099112 
0.47956 
0.306477 
0.18567 
-0.611953 
0.0576792 
pop 9 layer 2
dims 4 1
-0.566797 
0.530026 
-0.168738 
-0.392602 
vBiases_end
vWeights_start
pop 0 layer 0
dims 16 5
0.217532 -0.0784604 -0.159372 0.677797 0.000108009 
0.539613 0.215901 -0.0242078 0.195619 -0.124514 
-0.0434371 0.264853 -0.00523808 0.420098 0.391083 
0.12129 0.314115 -0.0831364 0.137551 -0.103528 
0.0818381 0.322396 -0.310517 -0.280557 0.178124 
-0.347493 0.162568 0.120649 -0.198218 -0.151704 
-0.146617 0.157934 0.208351 -0.0118633 0.371032 
-0.0202396 0.326638 0.000705893 -0.342295 -0.0396923 
-0.485551 -0.602948 0.0388024 0.155605 0.0382002 
-0.0132493 0.172765 -0.103731 -0.164551 -0.000718945 
-0.0987597 -0.0305918 -0.467229 0.156671 0.225722 
0.164354 0.635338 -0.144595 -0.258836 0.190011 
-0.0614174 -0.0135738 -0.0061437 -0.0122264 0.288295 
0.101538 0.576486 -0.598491 0.145576 0.0661616 
0.0314088 0.25329 -0.354146 0.165826 -0.0688018 
0.228024 -0.3247 -0.0716136 0.0378974 -1.00672 
pop 0 layer 1
dims 16 16
0.551966 -0.483786 0.0701402 -0.0104624 -0.190731 0.159413 -0.600519 -0.607358 0.289046 -0.721105 -0.562105 0.354895 -0.613291 0.364427 -0.611127 -0.0383799 
0.159085 -0.0670317 -0.31556 -0.168953 -0.0787252 0.24855 -0.358368 0.646765 -0.446577 -0.0800215 -0.904271 -0.024029 0.503997 0.525274 0.61631 -0.379008 
-0.400487 -0.0151653 -0.493127 -0.193115 -0.292265 -0.235155 0.246744 0.426912 0.493096 0.333389 0.0157688 0.0212331 0.283723 -0.0183614 -0.322105 0.151624 
-0.218573 0.0314852 -0.0598918 0.132621 0.271062 0.000843493 -0.957398 0.141532 -0.445482 0.34558 -0.311413 -0.470946 0.124058 -0.223667 0.0496722 0.152109 
-0.10074 0.183136 -0.21997 0.46553 0.0530813 -0.308652 -0.165791 -0.401996 0.139757 0.174095 -0.0420983 0.274257 -0.147757 0.623162 -0.123485 0.624967 
-0.0366257 -0.228224 0.575346 -0.104754 -0.0123855 -0.184918 0.0503891 -0.713166 -0.173559 0.498212 0.220506 0.116879 -0.808538 -0.99364 -0.270997 -0.468195 
0.172829 0.0755886 -0.061745 0.308672 -0.36688 -0.120759 -0.214955 0.00568985 -0.197196 -0.115936 0.212006 -0.0132178 -0.355514 0.239722 0.523701 0.115877 
-0.35334 0.187476 0.33122 0.558491 0.561344 0.261278 0.350012 0.635285 -0.0453902 -0.0629895 0.303586 -0.190431 0.343224 -0.0833148 0.328191 0.0545734 
-0.55617 -0.0944663 -0.0468957 -0.405803 0.548702 0.268097 -0.208661 0.146211 0.679878 0.51435 0.165313 0.00449604 -0.0877852 -0.125174 0.0631787 0.079169 
-0.372849 -0.227214 -0.387569 -0.074543 0.551886 0.552801 -0.981907 0.532318 -0.142824 0.0324265 -0.178121 -0.103576 -0.439875 0.437343 -0.146607 -0.469489 
-0.217888 -0.139543 -0.736211 0.664263 -0.409006 0.205517 0.20987 -0.0942027 0.535534 0.322054 0.988421 0.384882 0.551755 0.412757 -0.629707 0.575379 
0.728187 0.262489 0.600012 0.383895 0.0577597 0.0413609 -0.568977 -0.078443 0.133432 -0.14518 0.307958 0.432097 0.0494528 -0.137577 0.384617 -0.663789 
0.22007 -0.73185 -0.527076 0.0842995 0.105651 0.0733211 0.443383 -0.387123 0.207827 -0.150784 1.08631 0.343464 -0.137406 -0.212783 0.537919 -0.462451 
-0.59357 0.639955 0.152974 -0.440496 -0.538422 0.0760764 0.559167 0.0802108 0.299561 0.078768 -0.356812 0.80684 -0.0962005 0.294321 0.114633 0.718592 
-0.385004 -0.554044 -0.410669 0.66323 0.223563 0.189543 0.517733 -0.640768 -0.727084 -0.114437 -0.54561 0.000914736 -0.601697 -0.192697 0.111493 0.0483564 
-0.0243675 -0.423439 0.0457212 -0.292368 0.486141 0.103382 -0.731011 -0.0799359 -0.0786335 0.126579 0.0427063 -0.0339953 -0.354622 -0.06914 -0.342304 0.564751 
pop 0 layer 2
dims 4 16
0.0682312 0.164766 0.0890331 0.686446 0.618723 0.186833 0.446287 -0.0918879 -0.503551 0.200485 0.264431 -0.0923035 -0.160848 0.232009 -0.334997 0.207557 
0.397139 0.0370932 -0.230285 -0.150853 0.501904 -0.231206 0.46091 -0.126099 0.314986 -0.67693 -0.520179 0.177396 0.615679 -0.229019 0.195846 -0.601872 
-0.293971 0.539323 0.164159 0.995574 -0.0714264 -0.584351 0.1076 -0.987746 0.445406 0.179565 0.0365349 -0.117752 0.021227 -0.514749 -0.089559 -0.000562594 
-0.248132 0.0283846 0.0732447 -0.148369 0.650798 -0.366245 0.173957 -0.0236824 -0.17369 -0.280915 -0.0344094 0.000876761 -0.00993009 -0.685129 -0.498449 0.584027 
pop 1 layer 0
dims 16 5
0.0700723 -0.0868399 0.0286659 0.488538 0.204264 
0.181112 0.424285 0.152424 0.364942 -0.422667 
-0.516315 0.350639 -0.492841 0.271272 0.0246281 
-0.075509 0.121761 0.00532107 -0.0271749 -0.00236092 
-0.432346 -0.284744 0.0421923 -0.425039 0.0944334 
-0.349927 -0.25157 -0.0839533 -0.016711 -0.268085 
0.209159 1.00133 0.338004 -0.0348392 0.507479 
0.154656 0.242364 -0.259493 -0.402139 0.355143 
-0.457836 -0.526083 -0.0975883 0.0286576 -0.0558387 
-0.105863 0.0264637 0.0703344 0.188743 -0.140341 
0.136598 -0.0496394 -0.957401 0.40675 -0.280566 
-0.23571 0.438888 -0.102449 -0.445035 0.0475106 
-0.501884 0.106747 0.160773 -0.11395 -0.224378 
0.0331053 0.691217 -0.389465 0.0646774 -0.247472 
-0.00643975 -0.16195 -0.209014 0.129834 -0.174622 
-0.148558 -0.613091 -0.196754 -0.0691388 -1.25392 
pop 1 layer 1
dims 16 16
0.667477 -0.595213 0.00801117 0.435052 0.00694912 0.201722 -1.19951 -0.872277 0.358259 -0.60229 -0.614126 0.508682 -0.740983 0.121106 -0.391165 0.0195607 
0.00412584 0.106178 -0.175069 -0.0918678 -0.1947 0.247823 -0.612266 0.507316 -0.0433923 0.0185855 -1.49017 -0.258104 0.346256 0.281529 0.432654 -0.507269 
-0.576419 -0.162615 -0.28488 -0.385902 -0.572759 0.0243347 0.0375771 0.500792 0.685197 0.399033 0.248299 0.0931999 0.20972 0.211268 -0.159874 -0.0956042 
-0.0181247 0.352654 0.0926235 0.20009 0.18063 0.0440448 -0.81495 -0.195586 0.0414495 0.459495 -0.115467 -0.351741 0.177152 -0.131577 0.298155 0.547532 
-0.46758 0.0557342 0.0391493 0.189872 -0.0855036 -0.120659 -0.171897 -0.489621 -0.00333801 0.084142 -0.0605944 0.0622051 -0.320744 1.09171 -0.0303116 0.332703 
-0.487546 0.0676901 0.615034 -0.0998999 -0.230007 -0.0938135 -0.228761 -0.614073 -0.461111 0.98841 -0.121529 0.125848 -0.704631 -1.1416 -0.162432 -0.503128 
-0.239926 0.0179008 0.210934 0.0712989 -0.150854 -0.420127 0.352174 -0.549276 -0.484503 -0.161682 0.0341981 0.182817 -0.573076 0.258889 0.298445 0.0725355 
-0.611525 0.577158 0.250453 -0.0492186 0.265561 0.604319 0.342323 0.666879 0.0320986 -0.0268226 0.176106 0.338898 -0.0727171 -0.184193 0.154817 0.299704 
-0.549297 -0.141251 -0.0528574 -0.219103 0.446018 0.0229003 0.286051 0.127892 1.04264 0.183389 0.307192 0.0473403 0.0333549 -0.581372 0.327034 0.17802 
0.0687474 -0.45409 -0.510829 -0.0735014 0.891242 0.254513 -1.04813 0.668381 0.104667 0.0667892 0.629699 0.0754883 -0.617993 0.440841 -0.275552 -0.652657 
0.15593 -0.129911 -0.668565 0.753526 -0.356026 0.068658 0.356763 0.199008 0.477365 0.31617 1.19129 0.116134 0.46415 0.350979 -0.662584 0.782781 
0.405785 0.508806 0.634187 0.667922 -0.150948 -0.000633611 -0.620499 -0.27266 -0.0429463 -0.246458 0.277287 0.290277 -0.00465243 -0.0603526 -0.0467297 -0.848673 
0.501308 -0.591708 -0.624988 0.760003 -0.504276 0.26689 1.10496 -0.468997 0.202929 0.289226 1.0914 0.783172 -0.165469 -0.241489 0.777404 -0.428742 
-0.896643 0.817577 0.0612942 -0.340869 -0.358726 -0.237951 0.492633 0.402494 0.421583 -0.230134 -0.643883 0.954028 -0.199249 0.165624 0.277801 0.894371 
-0.335752 -0.469151 -0.556298 0.87155 0.229866 0.313499 0.247333 -0.432075 -0.959435 -0.1342 -0.546873 -0.139719 -0.511484 0.306378 -0.63423 0.203759 
0.0985033 -0.356638 -0.278265 -0.0527828 0.836966 0.251074 -1.04618 0.315822 0.539719 0.165009 0.350528 0.108074 -0.580571 -0.306753 -0.442136 0.628552 
pop 1 layer 2
dims 4 16
-0.0770532 0.108578 0.231871 0.563051 0.529848 0.0805061 0.190353 -0.163487 -0.482791 0.0238854 -0.0445187 -0.0769982 -0.339999 0.368348 -0.208794 0.151905 
0.544897 0.00543342 -0.141899 -0.294051 0.253139 -0.236457 0.487384 -0.199639 0.248616 -0.422239 -0.647079 0.420303 0.389551 -0.249298 0.0986881 -0.665501 
-0.0420928 0.375964 0.288516 0.985748 -0.109036 -0.850843 0.0273074 -1.07092 0.317274 0.0634914 -0.0418844 -0.189542 -0.0600511 -0.48527 0.19792 0.099467 
-0.0818393 0.0221793 0.0860679 -0.135545 0.477433 -0.640094 0.218505 -0.147183 -0.589351 -0.317527 -0.0506814 0.184281 0.180576 -0.589693 -0.431816 0.627225 
pop 2 layer 0
dims 16 5
0.0140965 -0.390602 -0.27933 0.725742 -0.0323481 
0.279325 0.413607 0.172144 -0.0130936 -0.0215944 
-0.340939 0.274789 -0.0883454 0.350325 -0.0202421 
-0.0678698 -0.0758236 0.143357 -0.0124713 0.306918 
-0.111813 -0.0204381 -0.400858 -0.202113 -0.0782335 
-0.387027 0.0988008 0.233011 -0.216454 -0.453965 
0.257172 0.515225 0.220929 0.306376 0.0847452 
0.180918 0.565513 -0.267484 -0.673547 0.296661 
-0.60438 -0.370913 0.162267 -0.273528 -0.152518 
0.274692 0.249004 -0.377373 -0.0345256 -0.115293 
0.00312131 0.331211 -0.658235 -0.0204202 -0.038313 
0.16327 0.373976 -0.194827 -0.137804 0.0766296 
-0.392862 -0.0507924 0.213764 -0.298874 0.164598 
-0.134782 0.566421 -0.238105 0.184518 -0.00964142 
-0.19373 0.258759 -0.466766 -0.158061 -0.193708 
0.26619 -0.127272 0.112298 0.186398 -1.341 
pop 2 layer 1
dims 16 16
0.526198 -0.440011 -0.0746639 -0.194825 -0.176235 0.402216 -0.840786 -0.209818 0.191429 -0.579916 -0.124002 0.506977 -0.562134 0.521061 -0.682188 0.341878 
0.106567 -0.192442 0.119874 0.320201 0.185533 0.0839828 -0.138537 0.400224 -0.480756 -0.0756384 -0.782878 -0.144981 0.261118 0.486676 0.523024 -0.380284 
-0.241722 0.0123433 -0.366549 -0.244355 -0.388862 0.134782 0.26529 0.168623 0.472371 -0.0490558 0.278593 0.176708 0.0966801 0.0492957 0.257572 0.182417 
-0.00393761 0.0177994 -0.214133 0.276578 0.0719913 0.0472891 -0.680567 0.0946808 -0.0795854 0.20034 -0.32669 -0.362536 -0.271503 -0.239097 -0.022891 0.396159 
0.0921043 0.0427012 0.0357336 0.456092 -0.0849882 0.0159514 -0.267722 -0.40849 0.172434 0.192947 0.122637 0.197151 0.0480266 0.721862 -0.0016709 0.383826 
0.0796066 0.0881498 0.669642 0.0718557 0.184146 0.287189 0.0448805 -0.555532 -0.226367 0.5521 0.0415684 0.331477 -0.457773 -0.742874 -0.470762 -0.573937 
0.167379 0.373295 0.297487 0.269181 -0.210778 -0.173879 -0.122649 -0.120789 -0.448006 0.255608 0.0979946 0.071452 -0.0220733 -0.000526617 0.575353 0.266604 
-0.336409 -0.109756 0.2468 0.745977 0.302519 0.261034 0.409428 0.748852 0.0470082 0.306039 0.191983 0.0603477 -0.0329013 0.213215 -0.0306715 0.199037 
-0.450598 -0.154812 -0.0618391 -0.261594 0.429054 0.00426516 -0.0148629 0.0904931 0.597726 0.708381 0.45675 0.0420808 -0.131824 -0.264307 -0.0696879 0.201571 
-0.0743439 -0.141664 -0.33921 0.119844 1.02965 -0.0901653 -0.813943 0.471316 -0.0240709 0.0988686 -0.293266 -0.0421719 -0.298027 0.199813 -0.198322 -0.268041 
-0.120006 -0.0802972 -0.74655 0.589144 -0.0487568 -0.0166338 -0.0725679 -0.00850721 0.176157 0.224779 0.540155 0.360764 0.781693 0.217662 -0.6933 0.331371 
0.635591 -0.171404 0.352793 0.529259 -0.218226 -0.135567 -0.391428 0.0366714 0.0929071 0.100124 0.165258 0.267433 0.196143 -0.00966882 0.410948 -0.566542 
0.173872 -0.573623 -0.192955 0.505193 -0.0991403 -0.145465 0.562555 -0.527826 -0.00215666 -0.118963 0.768656 0.740282 0.118969 -0.32889 0.733408 -0.154174 
-0.517297 0.568774 0.199018 -0.458118 -0.420197 0.106565 0.285397 0.270664 0.412301 -0.0733023 -0.329794 0.786027 0.0883683 0.17352 -0.0625314 0.284758 
-0.22698 -0.0775002 -0.821714 0.774624 0.490502 0.326791 0.422446 -0.211579 -0.521589 0.0167325 -0.302849 -0.319744 -0.502301 -0.206341 0.00558152 0.455583 
-0.105132 -0.665273 -0.02991 -0.312573 0.440575 0.349781 -0.528869 0.183912 0.384755 0.234285 0.22338 -0.090363 -0.774034 -0.0526115 -0.217236 0.229998 
pop 2 layer 2
dims 4 16
0.269458 0.156681 -0.0950939 0.411616 0.522645 -0.176977 0.373304 0.110763 -0.36435 -0.109047 0.0235988 -0.422794 -0.168429 0.311192 0.0538721 -0.0566433 
-0.151235 0.454695 -0.0484918 -0.341176 0.317535 0.0459867 0.216979 -0.195616 0.181923 -0.36946 -0.360261 0.323072 0.334302 -0.149416 0.109704 -0.432527 
0.0726388 0.404644 0.269286 0.249678 0.133472 -0.714215 0.122934 -0.467418 0.133081 0.11469 -0.0167829 -0.0391757 -0.0804684 -0.346676 0.0180176 0.221524 
-0.26326 0.176044 -0.0115277 -0.11099 0.199412 -0.72164 0.272504 -0.307304 0.0526489 -0.201729 0.0588471 -0.338087 0.144497 -0.687279 -0.315996 0.477733 
pop 3 layer 0
dims 16 5
0.181516 -0.273204 -0.127366 0.734697 -0.00714606 
0.600743 0.29993 -0.0156131 0.140219 -0.201609 
-0.115252 0.354949 -0.0778143 0.462568 0.415955 
0.175448 0.331694 -0.0407301 0.160698 -0.00886019 
-0.0979226 0.233359 -0.378478 -0.312164 0.132369 
-0.360965 0.215766 0.0650177 -0.0890749 0.0226788 
-0.0989715 0.288911 0.258262 0.00542401 0.345372 
0.134352 0.41423 0.121049 -0.327361 0.0274244 
-0.599703 -0.716506 0.0426399 0.0584398 0.0344189 
0.199524 0.134254 -0.0859265 -0.190287 0.0441012 
-0.1153 -0.0223231 -0.571465 0.218713 -0.00535285 
0.138364 0.569756 -0.391627 -0.229602 0.110448 
-0.207576 -0.0974209 -0.171207 0.0187675 0.345714 
0.197393 0.992506 -0.648199 0.170965 0.00493347 
-0.0356788 0.296405 -0.375912 0.197763 -0.123492 
0.293003 -0.19367 -0.0873014 -0.11927 -1.21554 
pop 3 layer 1
dims 16 16
0.507011 -0.333499 -0.137637 0.018654 -0.086482 0.353745 -0.538396 -0.806931 0.289857 -0.601063 -0.552161 0.378868 -0.691488 0.56053 -0.487187 0.339716 
0.054245 -0.433565 0.0363769 0.118545 0.223104 0.243778 -0.300846 0.431382 -0.188772 -0.192783 -1.36264 -0.0453288 0.260553 0.42744 0.712664 -0.350817 
-0.408293 -0.246828 -0.407167 -0.201208 -0.367846 -0.182403 0.268181 0.539218 0.728613 0.189077 -0.0830671 -0.0988359 0.246841 -0.0748313 -0.20918 0.274016 
0.0100749 -0.171621 -0.0868345 0.0583385 -0.059259 -0.214173 -0.832812 -0.130654 -0.348677 0.31047 -0.245434 -0.662255 -0.0799688 -0.471672 0.0606045 0.303931 
0.185149 -0.106076 0.137154 0.272081 0.0963758 -0.142796 -0.201503 -0.412701 -0.0302045 0.086076 0.159327 0.20698 -0.0819617 0.870191 -0.142953 0.427332 
0.334805 -0.146283 0.617748 -0.0933939 -0.0600113 -0.0282083 0.0246395 -0.73288 -0.186284 0.713122 0.208859 0.256985 -0.529975 -0.868895 -0.236456 -0.520045 
0.279778 0.164674 0.30004 0.0675097 -0.264539 -0.236938 -0.0392819 -0.47149 -0.296817 0.0224295 0.119944 -0.21603 -0.017635 0.108759 0.618577 0.128135 
-0.408833 0.193712 0.215555 0.579007 0.406762 0.351765 0.401714 0.511776 -0.0179967 0.0268017 0.416421 0.263734 -0.362923 -0.129819 0.372156 0.176152 
-0.466941 -0.205741 -0.0331975 -0.342653 0.354144 0.187022 -0.0436864 0.139844 0.658396 0.547682 0.182262 0.035098 -0.196118 -0.209187 0.0458689 0.223082 
-0.475948 -0.462336 -0.536708 -0.216109 0.988526 0.171969 -1.0481 0.550177 -0.00560937 0.320168 -0.385535 0.0192432 -0.610639 0.496719 -0.200507 -0.454247 
-0.314633 -0.103955 -0.751021 0.674962 -0.549563 0.233316 0.00122213 0.087754 0.515918 0.262662 0.901816 0.49297 0.708756 0.363244 -0.670779 0.570782 
0.53392 0.169096 0.518148 0.349879 -0.128458 -0.0911328 -0.32642 -0.104379 0.0459844 0.0272821 0.236766 0.183254 0.20237 0.0792567 0.296553 -0.634624 
0.396219 -0.76778 -0.356045 0.306767 0.0362369 0.155043 0.972381 -0.428951 0.22124 -0.344971 0.783741 0.505719 -0.032112 -0.386456 0.719358 -0.366365 
-0.628392 0.741121 -0.0826945 -0.346461 -0.288781 0.175365 0.495675 0.0552272 0.542979 -0.00879927 -0.524075 0.839276 -0.218459 0.355937 -0.219366 0.852167 
-0.327849 -0.554605 -0.591715 0.77357 0.402504 0.33198 0.719224 -0.771157 -0.735608 -0.118753 -0.223905 -0.187821 -0.512315 -0.0953073 -0.314345 0.396278 
-0.147463 -0.380811 0.118086 -0.341233 0.577923 0.016091 -1.00187 0.184518 0.285417 0.353812 0.278592 0.103805 -0.424609 -0.244102 -0.476088 0.711387 
pop 3 layer 2
dims 4 16
-0.00599316 0.282215 0.083765 0.669148 0.667809 0.073395 0.253792 0.0802 -0.56988 0.0999585 0.138124 -0.0540173 -0.31677 0.455727 -0.158691 0.124396 
0.393636 -0.0127387 -0.0742883 -0.273804 0.496217 -0.290489 0.607542 -0.0827908 0.447842 -0.565657 -0.611609 0.22799 0.610588 -0.276692 0.139076 -0.61178 
-0.0296239 0.449725 0.312106 1.12041 -0.0976708 -0.788576 0.0785064 -1.02829 0.450454 0.073521 -0.124686 -0.0696924 0.0186529 -0.527404 0.0823604 0.0484251 
-0.307255 -0.00135704 0.2023 -0.183521 0.605488 -0.701068 0.332967 -0.1847 -0.234426 -0.151004 -0.00571159 0.0119862 0.0620485 -0.728997 -0.523886 0.527552 
pop 4 layer 0
dims 16 5
-0.141879 -0.3658 -0.0392965 0.972522 0.17887 
0.145499 0.635853 0.156584 0.226474 -0.148866 
-0.559186 0.172738 -0.434667 0.245033 0.0964764 
-0.00644656 0.266101 0.0753238 0.272734 0.221884 
-0.296988 -0.247323 -0.128538 -0.536909 0.0429036 
0.0640705 -0.19853 0.155273 -0.116719 -0.340515 
0.281545 0.597032 0.567824 0.0774678 0.318694 
0.252794 0.442006 0.0152253 -0.307084 0.336947 
-0.466602 -0.310377 -0.30349 -0.296258 0.170503 
-0.114592 0.179319 0.443239 0.0671653 0.0582303 
0.316313 0.0149294 -0.597057 0.228982 0.0686309 
-0.333362 0.578915 -0.581683 -0.13935 -0.215401 
-0.674453 0.0319005 -0.208024 0.0642433 0.243025 
-0.240309 0.765474 -0.512039 -0.0357022 -0.0200654 
-0.123213 0.360037 -0.272221 0.2816 -0.179789 
0.423434 -0.047782 -0.226857 0.0637804 -1.42773 
pop 4 layer 1
dims 16 16
0.553717 -0.474437 0.137026 0.0897217 -0.0557431 0.245671 -0.682671 -0.388041 0.123513 -0.392252 -0.641867 0.453497 -0.817151 0.335939 -0.480817 0.487477 
0.0924665 -0.0498178 -0.123358 0.10459 -0.161447 0.0318857 -0.446467 0.536213 -0.225498 0.0343096 -1.18666 0.0383371 0.28585 0.134718 0.755887 -0.180082 
-0.149338 -0.0416621 -0.378604 -0.257161 -0.359532 -0.508454 0.261501 0.479902 0.674021 0.141232 -0.0483592 0.152332 0.211469 0.0731964 -0.406802 -0.0762094 
-0.130816 -0.112963 -0.403515 0.301454 0.248728 0.311395 -0.744817 -0.273462 -0.138173 0.569128 0.233275 -0.608248 0.0773577 -0.508519 0.278447 0.463862 
0.0462528 0.0429445 0.137193 0.31804 0.182439 -0.415169 -0.158823 -0.339418 0.116796 0.281423 0.0176285 0.140786 0.0155829 0.725849 -0.261927 0.530775 
-0.0459268 0.0467214 0.777868 -0.100917 -0.269547 0.147064 0.0985997 -0.7234 -0.465659 0.850156 -0.329811 0.203188 -0.797148 -0.882557 -0.402437 -0.415569 
-0.0431005 0.0933912 0.384829 0.189459 -0.468367 -0.558029 0.0884489 -0.394864 -0.31611 -0.173041 0.408455 0.174575 -0.458741 0.355865 0.513772 0.194971 
-0.542666 0.370946 -0.0641777 0.248816 0.500843 0.699893 0.403496 0.521504 0.11009 0.0780263 -0.0668161 0.06528 -0.390778 -0.26564 0.295442 0.166191 
-0.329612 -0.264869 0.198494 -0.396508 0.572143 -0.047731 -0.0193233 0.323862 0.985952 0.113813 0.519826 0.194405 -0.0715062 -0.358424 -0.0162546 0.190692 
-0.173724 -0.418684 -0.432292 -0.127576 0.79292 0.106801 -1.0672 0.541643 -0.0599571 -0.173192 0.108051 0.0455605 -0.36326 0.539159 -0.202913 -0.467044 
-0.0163959 -0.0649751 -0.51763 0.568253 -0.0967623 -0.291578 0.158152 -0.119382 0.384632 0.0687941 0.992678 -0.161535 0.707052 0.165112 -0.53106 0.641009 
0.539174 0.483361 0.561626 0.478543 -0.0764254 -0.200092 -0.543934 -0.0101293 0.261373 0.0763568 0.244126 0.658072 0.228376 -0.185169 -0.148531 -0.730838 
0.596807 -0.917721 -0.54156 0.465334 -0.0599345 0.234362 0.95179 -0.370441 0.156502 -0.0410355 0.544277 0.690919 -0.114146 -0.315237 0.794732 -0.0778607 
-0.793366 0.535797 -0.00795837 -0.489054 -0.467005 -0.0165543 0.578554 0.148266 0.523347 -0.349151 -0.726599 0.408812 -0.0598987 0.0780716 -0.0519365 0.76182 
-0.380918 -0.0787225 -0.683888 0.823705 0.420294 0.235406 0.533756 -0.542004 -0.98222 -0.345853 -0.432018 -0.222457 -0.425618 -0.0851339 -0.403813 0.369523 
0.220911 -0.235121 -0.0451249 -0.0566367 0.797518 0.219441 -1.04205 0.000993967 0.083187 0.32413 0.304763 -0.076243 -0.614742 -0.406113 -0.552741 0.521688 
pop 4 layer 2
dims 4 16
-0.324395 0.488458 -0.202499 0.606111 0.464135 0.38365 0.373749 0.0749737 -0.503705 0.0193496 -0.161941 0.147324 0.303091 0.293691 -0.196798 0.276329 
0.212342 0.0166432 -0.102476 -0.245364 0.807639 -0.534065 0.6214 0.00535063 0.541184 -0.196692 -0.721826 -0.225573 0.264213 -0.326253 0.318998 -0.949919 
-0.0500933 0.3804 0.572921 0.688115 -0.143632 -0.162123 -0.137956 -0.98158 0.177428 0.20302 -0.28722 -0.00870417 -0.343924 -0.513002 0.176064 0.179271 
-0.225977 -0.0810708 0.0457678 -0.275855 0.592904 -0.521155 0.405588 -0.439649 -0.249642 -0.353196 0.243503 -0.130169 -0.0221879 -0.543963 -0.270342 0.581188 
pop 5 layer 0
dims 16 5
-0.060126 -0.303818 -0.231179 0.744456 0.0599908 
0.423617 0.291452 -0.104988 0.242628 -0.565979 
-0.351322 0.115701 0.0769197 0.373993 0.209247 
0.0847834 0.227169 -0.0304338 0.174156 0.15138 
-0.603998 7.54955e-05 -0.345567 -0.0784589 -0.0911991 
-0.341665 -0.0270757 0.166568 -0.09931 -0.491233 
0.198952 0.306843 0.35301 0.0309061 0.476746 
0.0980802 0.458185 0.00685439 -0.581924 0.103123 
-0.376481 -0.673859 -0.02843 -0.293462 0.141761 
0.240348 0.103708 -0.130504 0.0367212 -0.122978 
0.013302 -0.195721 -0.561269 0.227146 0.0798377 
-0.0947779 0.737773 -0.366276 -0.441628 0.0246886 
-0.43556 0.148143 0.0839895 -0.285527 0.197378 
-0.0385586 0.824263 -0.554842 0.100536 -0.310021 
-0.0935183 0.174086 -0.354234 0.0207247 -0.17604 
0.405127 -0.546507 0.0740776 0.2053 -1.38351 
pop 5 layer 1
dims 16 16
0.669506 -0.473434 0.0621506 0.0753298 -0.137285 0.23719 -0.691613 -0.594722 0.344312 -0.621438 -0.557762 0.368645 -0.666831 0.47979 -0.586946 0.0323841 
0.118494 -0.18238 -0.153227 -0.140535 -0.0685189 0.306495 -0.229959 0.599373 -0.420904 -0.163039 -0.97417 -0.0899145 0.395585 0.423557 0.646577 -0.361381 
-0.509687 -0.147459 -0.541134 -0.228655 -0.364986 -0.165377 0.277314 0.304764 0.57903 0.190434 0.102743 0.138434 0.221304 -0.094868 -0.221009 0.145825 
-0.0150186 0.0503457 -0.0997793 0.148681 0.0666759 -0.122839 -0.959279 0.0366129 -0.28125 0.4395 -0.299706 -0.333342 0.0377665 -0.448731 0.00600388 0.172255 
-0.0779903 0.244862 -0.262219 0.45089 0.0801652 -0.183458 -0.32125 -0.462772 0.111902 0.100112 -0.0220357 0.190385 -0.187592 0.765427 -0.099315 0.435343 
0.0371086 -0.0676648 0.666909 -0.105535 0.0385149 -0.122401 0.0483259 -0.814467 -0.190966 0.524617 -0.0302433 0.170526 -0.659165 -0.997447 -0.369446 -0.391626 
0.15378 -0.00871793 0.163064 0.171248 -0.33002 -0.162736 -0.0547926 -0.16433 -0.101249 -0.0965641 0.22325 0.0115029 -0.243184 0.181983 0.559345 0.228627 
-0.405097 0.0535152 0.148249 0.51843 0.556277 0.306989 0.408894 0.669796 0.131529 -0.189735 0.330839 0.146311 0.0727412 -0.00617857 0.217432 0.234902 
-0.579286 -0.155602 0.121984 -0.298279 0.636119 0.061447 -0.0551535 -0.0193582 0.75913 0.536166 0.207041 0.19537 -0.125672 -0.149558 0.083581 0.232375 
-0.438575 -0.289235 -0.547201 -0.0910742 0.776426 0.377298 -1.02152 0.588219 -0.144834 -0.0356089 -0.227233 -0.165123 -0.583602 0.486116 -0.133368 -0.253342 
-0.251882 -0.177624 -0.763995 0.607395 -0.409108 0.229497 0.129289 -0.032479 0.537504 0.385894 0.92056 0.405532 0.53601 0.222994 -0.680714 0.626221 
0.560283 0.239753 0.515483 0.424748 -0.00976799 -0.0761149 -0.496083 -0.180445 0.174534 -0.0560963 0.354975 0.34751 -0.0180959 -0.010344 0.441754 -0.959063 
0.298125 -0.635984 -0.563239 0.309883 0.060199 0.0997401 0.528237 -0.508328 0.23705 -0.240202 1.09605 0.405857 -0.218163 -0.272085 0.609878 -0.527279 
-0.64293 0.790221 0.052999 -0.413369 -0.578667 -0.0633353 0.732159 0.0441445 0.477665 -0.0330593 -0.514974 0.725773 -0.100317 0.291481 0.170468 0.883567 
-0.450061 -0.500808 -0.473255 0.973585 0.305872 0.286077 0.613805 -0.605271 -0.758837 -0.19688 -0.435922 0.115454 -0.655993 -0.20873 -0.0711628 0.2617 
-0.127873 -0.460892 0.0320844 -0.332986 0.44927 0.058843 -0.784829 -0.0199288 0.231706 0.248064 0.160726 -0.0773493 -0.367582 -0.0590071 -0.370201 0.609825 
pop 5 layer 2
dims 4 16
-0.184954 0.197005 0.0642181 0.637921 0.728974 -0.163194 0.0934486 -0.148484 -0.408138 -0.0770452 0.527316 0.131552 -0.0286 0.505796 -0.0652351 0.130665 
0.401075 0.0030925 -0.249973 0.0708497 0.302178 -0.458406 0.474361 -0.0312953 0.521487 -0.110504 -0.54273 0.0577584 0.213788 -0.106967 0.157134 -0.688847 
0.0321726 0.435774 0.476871 0.830487 0.0558387 -0.611028 -0.122473 -0.958956 0.181205 0.278002 0.0789401 -0.302414 0.174883 -0.67556 -0.03525 0.0273037 
-0.0226693 0.0668896 -0.0458968 -0.188157 0.697748 -0.602383 0.429144 -0.318953 -0.134216 0.0928239 0.00857474 -0.0696151 0.25339 -0.618688 -0.491942 0.524362 
pop 6 layer 0
dims 16 5
-0.206083 -0.332565 -0.291217 0.724523 0.0772241 
0.336395 0.313763 -0.357444 0.228491 -0.356234 
-0.35627 0.245994 -0.000601054 0.379821 0.249762 
0.20744 0.138083 0.0712371 0.0929641 0.111631 
-0.475747 -0.0626959 -0.418115 -0.337714 0.0515992 
-0.394163 0.013624 0.016592 -0.0944045 -0.536301 
0.132405 0.440583 0.299497 0.0800186 0.252614 
0.201685 0.333418 0.0152528 -0.605558 0.17222 
-0.547532 -0.641551 0.0200415 -0.176439 -0.152185 
0.26742 0.243485 -0.299703 0.0859312 0.111515 
0.0738484 -0.00855556 -0.6143 0.399273 -0.0919009 
-0.204579 0.416882 -0.298902 -0.270995 -0.0711311 
-0.456269 -0.0549516 0.00322 -0.111231 0.152352 
0.0376078 0.681819 -0.437301 -0.00870978 -0.12106 
-0.0768705 0.242062 -0.249732 -0.0349528 -0.190626 
0.416122 -0.514437 -0.00413109 0.113826 -1.59732 
pop 6 layer 1
dims 16 16
0.487957 -0.671117 0.0265477 0.219446 -0.131075 0.265507 -0.6242 -0.624089 0.126903 -0.611318 -0.47383 0.319 -0.681361 0.457816 -0.388364 0.221799 
-0.0071827 -0.0554086 -0.219558 -0.130753 -0.0411778 0.0854681 -0.275247 0.377427 -0.489539 -0.147493 -1.03164 -0.119748 0.493356 0.364673 0.643084 -0.597345 
-0.429276 -0.227632 -0.568166 -0.264309 -0.453417 -0.132449 0.14679 0.289413 0.775457 0.107522 0.0727286 0.106814 0.306401 -0.0569701 -0.23921 0.320066 
-0.146196 -0.0175043 -0.000740959 0.136899 0.0161351 -0.201032 -0.744869 -0.00240938 -0.333239 0.313926 -0.267175 -0.401501 -0.0462347 -0.370163 -0.00776376 0.397974 
-0.016167 0.00517345 0.0730477 0.548951 0.172875 -0.14315 -0.366074 -0.380547 0.0711031 0.153279 0.210417 0.376811 -0.367375 0.893512 -0.196986 0.219006 
0.307638 -0.281069 0.73058 -0.0743676 -0.0770996 -0.0518269 0.110866 -0.629383 -0.234411 0.631518 -0.264558 0.142806 -0.546022 -0.855988 -0.317624 -0.526887 
0.470939 0.0545175 0.12935 0.164768 -0.346742 -0.256761 -0.00285362 -0.405139 -0.224877 0.00298811 0.255141 -0.0267762 -0.18323 0.160998 0.824242 0.221095 
-0.287771 0.297523 0.270677 0.59477 0.590148 0.187529 0.274612 0.585954 -0.0120166 -0.00978896 0.238836 0.169693 -0.0605267 -0.173802 0.082923 0.249845 
-0.332733 -0.307438 -0.204429 -0.480297 0.359674 0.0502478 -0.279718 0.0389047 0.607674 0.568317 0.110227 0.104112 -0.213461 -0.0328143 -0.0178042 0.0864628 
-0.42126 -0.392234 -0.534318 -0.201868 0.94975 0.033836 -1.07181 0.276798 -0.0506465 0.171915 -0.251644 0.0376499 -0.471596 0.645217 -0.17923 -0.253287 
-0.0251048 -0.171517 -0.768149 0.721231 -0.186848 0.0246377 0.151348 0.171967 0.25665 0.29598 1.01813 0.45122 0.44148 0.501117 -0.581319 0.485167 
0.67843 0.126614 0.749184 0.502084 -0.120203 -0.0255363 -0.343968 0.0258681 0.153681 0.0373792 0.328513 0.210217 0.229159 0.102038 0.607852 -0.854335 
0.632263 -0.668285 -0.421115 0.247085 -0.145828 0.214049 0.749243 -0.365041 0.264834 -0.109032 0.902962 0.519477 0.0751014 -0.344622 0.755085 -0.485466 
-0.906687 0.648532 -0.0940602 -0.382738 -0.409465 -0.0907597 0.903237 0.0987423 0.613247 -0.0991661 -0.527818 0.529109 0.016248 0.155532 -0.00894763 0.651315 
-0.491038 -0.307577 -0.337313 0.848035 0.514354 0.102411 0.618498 -0.421029 -0.718543 -0.0826999 -0.216557 -0.131748 -0.628135 -0.212109 -0.336632 0.384361 
-0.0215943 -0.37849 0.0358872 -0.518436 0.442416 0.201221 -0.797828 0.286992 0.137956 0.278937 0.18108 0.111926 -0.402804 -0.447038 -0.394445 0.44909 
pop 6 layer 2
dims 4 16
-0.202713 0.372796 0.116553 0.793674 0.745831 -0.109916 0.216931 -0.00925243 -0.473971 0.112346 0.262488 0.180084 -0.125691 0.320747 -0.252993 0.204825 
0.334296 0.0201485 -0.168422 -0.145993 0.44662 -0.333054 0.461385 -0.16177 0.434747 -0.25418 -0.371777 0.155421 0.0963417 -0.302682 0.185957 -0.727091 
-0.043169 0.400618 0.31089 0.768845 0.0045471 -0.608233 0.00345453 -1.04025 0.125652 0.120827 -0.0267824 -0.160482 0.147847 -0.544514 0.0813303 0.159788 
-0.0844079 0.0561523 0.236657 -0.228652 0.337764 -0.654995 0.350911 -0.205816 -0.247263 0.0653747 0.167874 0.126518 0.175935 -0.52129 -0.318842 0.617972 
pop 7 layer 0
dims 16 5
0.0246149 -0.296061 -0.27563 0.831556 0.0468365 
0.566455 0.282934 -0.107628 0.221704 -0.517633 
-0.466403 0.16158 -0.0940111 0.384666 0.21358 
0.00790355 0.147624 0.024633 0.110188 0.0774586 
-0.439038 -0.0222005 -0.581717 -0.429872 0.0121704 
-0.402255 0.0215999 -0.0245249 -0.119069 -0.357186 
0.165544 0.541658 0.410283 0.0076473 0.308234 
0.144952 0.302489 -0.123867 -0.559633 0.0921854 
-0.541379 -0.732968 -0.136145 -0.222665 -0.0792357 
0.186895 0.171999 -0.355196 0.0866287 0.0371954 
0.0786987 -0.0548604 -0.713037 0.327907 0.0395199 
-0.102118 0.546912 -0.447804 -0.371583 -0.0954281 
-0.532989 0.11486 0.0129153 -0.119049 0.166957 
-0.0416712 0.883807 -0.436493 0.0524773 -0.179356 
-0.0788525 0.380491 -0.3597 0.0596402 -0.267279 
0.462598 -0.50204 -0.0530266 0.13104 -1.719 
pop 7 layer 1
dims 16 16
0.6903 -0.536456 -0.0745364 0.145645 -0.145667 0.298838 -0.670463 -0.752969 0.338434 -0.59385 -0.514225 0.357992 -0.713915 0.57763 -0.560394 0.32375 
0.118869 -0.217876 -0.0786271 0.0473932 -0.0525659 0.261868 -0.235309 0.489227 -0.44044 -0.15002 -1.33202 -0.0885204 0.317584 0.440069 0.707364 -0.49083 
-0.370045 -0.148196 -0.543908 -0.276883 -0.396423 -0.225914 0.270252 0.436038 0.663755 0.252653 0.024599 0.203909 0.318943 0.0562687 -0.119689 0.295408 
-0.0697523 -0.100109 -0.0968654 0.127283 0.00294797 -0.149556 -0.846547 -0.0738511 -0.250921 0.299468 -0.223972 -0.572545 -0.0416551 -0.587715 0.153383 0.367837 
0.133291 -0.0321703 0.0189597 0.525159 0.0963011 -0.147033 -0.335522 -0.42472 -0.0496451 0.187505 0.135261 0.246936 -0.15771 0.934529 -0.163538 0.48602 
0.0942879 -0.100945 0.794797 -0.0444796 -0.0971134 -0.0994088 -0.0118137 -0.868602 -0.248772 0.639883 -0.175642 0.226738 -0.634642 -0.96524 -0.35345 -0.534506 
0.231003 0.149489 0.250346 0.0435481 -0.372409 -0.311228 -0.0374451 -0.414251 -0.359259 -0.154202 0.254825 -0.0151488 -0.22059 0.201795 0.758921 0.18009 
-0.529152 0.1906 0.18082 0.622959 0.581171 0.341672 0.385483 0.610805 0.157368 -0.023726 0.321438 0.247584 -0.183881 -0.122857 0.27234 0.284326 
-0.501597 -0.188468 0.00640237 -0.320384 0.588883 0.0108556 -0.091784 0.101444 0.762238 0.519551 0.15411 0.0384107 -0.206907 -0.190605 -0.0132784 0.127094 
-0.385834 -0.441908 -0.566271 -0.13628 0.966524 0.190331 -0.980247 0.498696 0.0862404 0.148198 -0.280108 -0.00792725 -0.507386 0.538141 -0.165616 -0.411197 
-0.162127 -0.151322 -0.761327 0.714858 -0.329451 0.103785 0.064153 0.0843732 0.472672 0.298054 1.06271 0.335682 0.587685 0.382883 -0.815506 0.606683 
0.529938 0.203077 0.568924 0.431752 -0.116522 -0.063257 -0.449716 -0.161079 0.0226153 -0.0196917 0.398842 0.348673 0.127122 0.0420299 0.474197 -0.830915 
0.49633 -0.759874 -0.406639 0.387746 -0.0755589 0.121925 0.856092 -0.575539 0.17701 -0.119665 1.04385 0.533733 -0.122176 -0.345955 0.801885 -0.362715 
-0.842015 0.79842 -0.0617581 -0.455349 -0.419732 0.0679209 0.837592 0.0225093 0.579919 -0.0748645 -0.636056 0.904228 -0.144942 0.177087 -0.0525938 0.792434 
-0.470317 -0.459745 -0.625436 1.03349 0.480115 0.322047 0.732007 -0.484793 -0.911046 -0.138123 -0.373767 -0.0240938 -0.751813 -0.144077 -0.304452 0.449205 
-0.0981115 -0.480491 0.0205305 -0.47321 0.628168 0.205721 -0.936789 0.184641 0.234917 0.23332 0.230304 0.0127857 -0.534223 -0.313245 -0.377034 0.573485 
pop 7 layer 2
dims 4 16
-0.105679 0.191416 0.11353 0.818086 0.831564 0.00751953 0.298155 0.0524067 -0.507299 0.110017 0.268404 0.0376454 -0.174896 0.440966 -0.047709 0.226019 
0.329218 0.00397064 -0.226206 -0.145334 0.384338 -0.292856 0.595111 -0.0344786 0.469611 -0.357784 -0.539384 0.167166 0.28482 -0.200952 0.265561 -0.664273 
0.0466408 0.470086 0.388437 0.951125 -0.111351 -0.717084 -0.0615513 -0.987674 0.243947 0.216333 0.0250944 -0.207829 0.0610987 -0.626726 0.0387409 0.0999387 
-0.0412224 0.0872482 0.183712 -0.275438 0.621893 -0.782886 0.401735 -0.278854 -0.208133 -0.135048 0.0333458 -0.0518801 0.23532 -0.66547 -0.631165 0.615553 
pop 8 layer 0
dims 16 5
-0.0479862 -0.338039 -0.227641 0.8314 0.0573415 
0.301715 0.528676 0.109544 0.0580562 -0.403033 
-0.365445 0.190409 -0.238843 0.466188 0.106922 
-0.0389474 -0.0666171 0.0931024 0.0708195 0.211189 
-0.336975 -0.0469311 -0.469229 -0.306436 -0.101764 
-0.411237 0.0801875 -0.000343641 -0.0944245 -0.401735 
0.241454 0.461957 0.113463 0.254305 0.252888 
0.018175 0.507405 -0.322592 -0.520293 0.116908 
-0.567603 -0.4459 0.0512806 -0.29957 -0.0934103 
0.292289 0.200811 -0.420791 -0.0101219 0.0572096 
0.0391624 0.313748 -0.797539 0.0678106 -0.0269145 
0.0661267 0.413848 -0.334591 -0.0644668 -0.0798495 
-0.373603 0.0160395 0.161751 -0.131399 0.380576 
-0.10765 0.671028 -0.287363 0.0581327 0.0275821 
-0.00369941 0.310832 -0.357413 -0.0142939 -0.171364 
0.193403 -0.237446 0.0280189 0.29767 -1.39356 
pop 8 layer 1
dims 16 16
0.645376 -0.537922 -0.142646 -0.114165 -0.206861 0.301582 -0.796957 -0.492127 0.242195 -0.543954 -0.256975 0.348304 -0.439633 0.440283 -0.706214 0.22669 
0.0442862 -0.159589 0.024123 0.201049 -0.0102606 0.114542 -0.284458 0.57235 -0.360818 -0.0986957 -0.91107 -0.0347242 0.295172 0.435981 0.638723 -0.359996 
-0.458461 -0.107909 -0.401491 -0.106915 -0.330102 0.0557959 0.304128 0.296205 0.468922 0.126357 0.252992 0.223662 0.0741476 0.106134 0.21577 0.14991 
0.0557855 -0.0116254 -0.0872888 0.261501 0.170591 -0.153243 -0.785071 0.0997035 -0.0996385 0.295981 -0.222425 -0.407529 -0.0812785 -0.331723 0.0236904 0.538732 
0.0941178 -0.064627 0.00811979 0.506299 -0.136037 -0.109392 -0.547091 -0.133853 0.121618 0.189584 0.0827914 0.167211 -0.0143914 0.836287 -0.0158399 0.476855 
0.0239927 0.0187038 0.70704 0.096576 0.241049 0.122799 0.1667 -0.685936 -0.225893 0.437127 -0.0100785 0.299605 -0.464054 -0.697822 -0.476077 -0.504248 
0.098263 0.250028 0.304152 0.309834 -0.115009 -0.0855633 -0.0380967 -0.237515 -0.521493 0.203107 0.0447701 0.0634552 -0.188978 0.100745 0.697023 0.176187 
-0.415279 -0.135428 -0.00269084 0.828513 0.51191 0.117202 0.395109 0.718499 0.0688631 0.200812 0.299755 0.0741608 0.0822858 0.0270509 0.00852836 0.236868 
-0.342507 -0.141256 -0.0858052 -0.146143 0.425124 0.0820468 -0.125399 0.0861316 0.66923 0.584887 0.292259 -0.106462 -0.0313012 -0.1288 -0.184735 0.301213 
-0.095674 -0.196768 -0.545623 0.0544143 1.0183 -0.127722 -0.772235 0.617219 0.0269336 0.102585 -0.402254 -0.15199 -0.242092 0.339898 -0.261707 -0.379045 
0.0463386 0.00938922 -0.70367 0.76631 -0.189734 0.0188582 -0.0425305 0.0995437 0.103993 0.238116 0.669734 0.523497 0.723618 0.259047 -0.739276 0.399345 
0.58962 -0.00313258 0.419124 0.420045 -0.163471 -0.249075 -0.407697 0.0714343 0.132184 -0.0462439 0.144546 0.193414 0.118621 -0.100847 0.379537 -0.656755 
0.0926279 -0.636873 -0.287903 0.495207 -0.159439 -0.151351 0.57018 -0.539183 0.0692964 -0.0795487 0.783708 0.802019 -0.0390562 -0.246639 0.906842 -0.224184 
-0.594752 0.712635 0.165155 -0.438179 -0.439741 0.149239 0.476039 0.103846 0.482107 0.0470205 -0.429143 0.698538 0.136645 0.181408 -0.161733 0.438398 
-0.323276 -0.354681 -0.745006 0.926244 0.473443 0.32593 0.283231 -0.294981 -0.803 0.0908338 -0.15816 -0.242602 -0.553598 -0.378672 -0.205412 0.335574 
-0.0796973 -0.616869 -0.0321642 -0.520411 0.511425 0.480329 -0.734985 0.16832 0.355667 0.265649 0.288797 -0.205852 -0.800689 -0.148429 -0.304505 0.482338 
pop 8 layer 2
dims 4 16
0.10377 0.0747926 -0.046539 0.38243 0.467075 -0.17589 0.402779 0.152209 -0.280904 -0.0783885 -0.046277 -0.345665 -0.0997819 0.224723 0.0953085 0.14478 
0.000225345 0.41479 -0.0557581 -0.371624 0.37571 -0.011335 0.169607 -0.302997 0.240776 -0.124166 -0.284585 0.246527 0.417329 -0.186719 0.029048 -0.424871 
0.212308 0.396347 0.11129 0.411911 0.100792 -0.685509 0.13224 -0.493541 0.20803 0.126275 -0.104231 -0.117065 0.0868272 -0.355189 -0.0329038 -0.0128706 
-0.302286 0.0991103 0.0560105 -0.193177 0.442159 -0.684185 0.456748 -0.30748 0.133885 -0.308717 -0.0315215 -0.195518 0.172891 -0.605448 -0.222274 0.509553 
pop 9 layer 0
dims 16 5
-0.0198337 -0.146424 0.00925895 0.591552 0.1307 
0.285366 0.54429 0.188562 0.49817 -0.488192 
-0.60872 0.413834 -0.480067 0.201015 -0.141788 
0.0115809 0.124583 0.0521426 -0.0170149 -0.0440684 
-0.443993 -0.176064 -0.249288 -0.604488 0.0781582 
-0.340672 -0.16511 0.00925291 -0.0741462 -0.409666 
0.324646 0.974913 0.487732 0.000212744 0.6287 
0.198132 0.296255 -0.268491 -0.455825 0.37629 
-0.585431 -0.548844 -0.14983 -0.0926978 -0.0356568 
-0.162176 0.114149 -0.00422618 0.190415 -0.123728 
0.0216955 -0.150436 -0.974697 0.266513 -0.341145 
-0.323123 0.518794 -0.260823 -0.492806 -0.10016 
-0.728331 0.156077 0.220531 -0.190025 -0.142099 
-0.132435 0.803274 -0.470916 0.0885969 -0.212445 
-0.110873 -0.0649372 -0.167262 0.238575 -0.403216 
-0.0515286 -0.643502 -0.0487194 0.053823 -1.4994 
pop 9 layer 1
dims 16 16
0.817431 -0.595328 -0.0416329 0.556245 -0.0929244 0.278831 -1.17132 -1.00016 0.389842 -0.50476 -0.539537 0.643664 -0.867496 0.196413 -0.430679 0.242965 
0.0814911 0.0669109 -0.188338 -0.119494 -0.167042 0.35965 -0.583018 0.626057 -0.114981 0.11369 -1.64489 -0.0916557 0.377094 0.310155 0.544351 -0.508101 
-0.490076 -0.0825773 -0.340264 -0.295315 -0.532749 -0.00079168 0.134122 0.363589 0.685032 0.523033 0.204611 0.247043 0.0604287 0.240426 -0.23316 0.0427995 
-0.0467474 0.388214 -0.0823034 0.11857 0.157984 0.114015 -1.04108 -0.294476 -0.18579 0.757695 -0.0381368 -0.270576 0.175646 -0.216959 0.371308 0.652704 
-0.474278 -0.146486 -0.0915922 0.386587 -0.0484422 -0.242482 -0.164117 -0.658533 0.199796 0.0945707 -0.0104151 0.103806 -0.375928 1.00232 -0.132025 0.339394 
-0.408491 0.0286853 0.825414 -0.244258 -0.0855561 -0.150558 -0.13176 -0.754643 -0.503924 0.832836 -0.138452 0.153788 -0.858324 -1.11461 -0.144519 -0.658805 
-0.0176023 0.146648 0.243083 0.0586698 -0.192547 -0.604908 0.2965 -0.727043 -0.551668 -0.313617 0.220094 0.16119 -0.318707 0.382435 0.536345 0.241507 
-0.719255 0.43408 0.144469 0.279657 0.502166 0.754351 0.304564 0.594173 -0.0326243 0.0104096 0.151427 0.324139 -0.0190333 -0.229343 0.175426 0.316074 
-0.579824 -0.161561 0.0687713 -0.337336 0.695745 0.230164 0.197889 0.0738611 1.27261 0.534121 0.418193 -0.086377 -0.0525489 -0.330749 0.435204 0.280594 
-0.0690438 -0.470435 -0.405069 -0.0272512 1.07212 0.281044 -1.13526 0.661805 0.082424 0.0127289 0.464062 0.162397 -0.776803 0.531661 -0.448777 -0.700818 
0.113899 -0.0641738 -0.594732 0.78175 -0.274578 0.0125475 0.189045 0.158879 0.590567 0.296275 1.21707 0.158409 0.575603 0.381016 -0.848863 0.911395 
0.529126 0.608049 0.676839 0.664912 -0.139412 0.0794981 -0.613532 -0.107994 -0.0661947 -0.132191 0.277437 0.406965 0.175518 -0.164789 -0.127743 -1.03682 
0.585563 -0.828171 -0.513193 0.687058 -0.535611 0.304012 1.19719 -0.44466 0.218174 0.215068 1.19753 0.723308 -0.093199 -0.279246 0.880629 -0.436719 
-1.01311 0.926729 0.0115978 -0.456439 -0.476907 -0.119857 0.598896 0.286515 0.273407 -0.262509 -0.63977 0.658588 -0.0525235 0.138165 0.370918 0.972691 
-0.474623 -0.417319 -0.62693 0.984818 0.175924 0.363711 0.21189 -0.539545 -1.12544 -0.222029 -0.482191 -0.0642285 -0.61954 0.29833 -0.685503 0.329755 
0.0733952 -0.333525 -0.133904 0.0130585 0.759985 0.386157 -1.26238 0.281219 0.498615 0.287814 0.425201 0.0436908 -0.782186 -0.25819 -0.435542 0.660922 
pop 9 layer 2
dims 4 16
-0.234174 0.34549 -0.0869187 0.763165 0.576581 0.215896 0.52774 0.272027 -0.433104 0.0436642 0.195426 0.0703786 -0.0283718 0.428146 -0.0852691 0.390597 
0.152552 -0.0140642 -0.13558 -0.188222 0.463499 -0.348042 0.389225 -0.270099 0.221684 -0.108545 -0.755205 0.130147 0.289316 -0.57104 0.299754 -0.869678 
-0.0725934 0.337219 0.184597 0.990598 -0.309369 -0.518648 -0.0139049 -0.950857 0.273218 0.447982 -0.293277 -0.413094 0.0135859 -0.397599 0.153051 0.0051884 
0.171399 0.0791864 0.162223 -0.422258 0.716914 -0.604795 0.409333 -0.215882 -0.162762 -0.241753 0.279308 -0.084496 0.192874 -0.630426 -0.397403 0.617325 
vWeights_end
generator 1333223159 46677528 3312552675 3223749182 2260116171 1104286856 3896311657 1294872460 1798810997 2985527956 1844434087 3998551494 2433221214 2155009128 668635066 1402579716 2810470817 2993526357 2410084691 4104076936 3391379026 3680674460 2036985143 1771076285 2691925391 2516046572 3522482015 3377885651 2075978330 3668603598 3926205116 132591937 1210402343 2998889701 1643182840 151859051 4195723515 631349613 1618911383 3502988973 2302771290 537627443 4168773659 1139741941 3375877017 4040007275 2786929596 538843702 1982721064 4120484895 963324404 1882393234 570867328 1097027819 2295327405 948808753 4145672817 1805723682 2392858015 446113572 2079251705 3582916496 2329433532 2465946623 667049749 3017150378 3675602815 2038296338 1538615262 3592912951 1678775579 2335785686 2626677704 3222596738 922147812 2942902005 1787129033 215596580 4231413860 105607554 1000406675 2820055789 4218644336 1385781065 2227001186 2579604629 2080394985 3913477328 4126900348 2119874699 2885045899 2195204126 3944849499 3697733680 3759343 3538031903 757504198 2326228092 598117666 305895288 247036806 2148677131 264206628 2462521034 3428205198 675344655 634025718 544261816 3727087243 2933065141 1959959817 54456463 275536614 97999794 1813483905 1618018186 2429480513 929469652 3217435065 363791300 243380371 439674667 3721834845 812982642 1174409634 4111613525 1968195769 1170787492 2100900333 3690752245 2816186079 588383162 2645279417 1304539696 3392013079 593860554 1779386903 1377625358 890883453 1184723346 2108362911 2547683918 3508555038 683958150 629213549 1122072942 4109602315 1796810018 3295381122 120735660 3446932487 2622064134 4263630863 492163991 3712266111 1901267521 877434302 480782178 662714462 1480289515 762636939 3421537520 3267280058 2942564418 2867797079 538254126 2491560493 4261509610 1580358677 1809663788 57151741 2786652480 2001513396 778990012 2866280592 770234931 144969757 1902797879 1382090209 2659079339 1789269934 35608791 3962970025 2975264185 4173318607 4191159133 1800232576 900029609 926882643 861894644 248726543 1813123437 2303339867 1245551071 3262517076 1277612912 1653818006 149705288 3688284052 686288849 3178190824 3806888422 3765906506 3705740700 3555002244 2422881829 581124642 144478362 1725985189 2225249487 2650747614 3531962776 3373849862 3194711757 4018200205 207875163 3922310067 429281367 2891147140 2762138281 3981221509 1946645955 3621321922 2708498163 2499555031 714460496 2501174795 514397558 1554796217 1669822116 2401537579 2488857408 2002560238 2114214391 70582225 3253514991 2086340625 1608787492 1886275737 1492788881 959168690 2862492729 3639274429 4052493696 677361978 2661926697 549023205 3084341184 2347185330 2800152030 680774355 1674485149 2395692632 476724343 286582525 2732597336 3499167934 3488035360 2695132365 1642077633 2215112004 4270142690 1839405215 580252875 2270425504 96815632 3435874041 3971403646 798328521 3436879527 2869545745 4206212767 3395302781 1244375460 2747944885 3877462474 535549702 2741556057 1797538485 730080688 226083136 1044218017 430347146 425968785 3517416013 2091839893 3481777451 64150043 3306157099 2974196598 2349430973 3172529844 1292197356 1994356055 3154259995 1477816359 3195891322 3640484026 538351040 1586073997 3456202918 3986337897 3355417116 2336221481 4250437364 2186022406 2790975747 2009192492 3729280405 4186167791 2622724186 1061614321 1283541768 2926211763 997392232 641975174 3687391099 2894295745 497866478 2974480787 2550147280 1789258621 3961867237 2376100213 256727417 2510277967 1999414442 298958732 1594670455 1661813496 1863947984 3653423923 3693180710 3259543762 1734281987 3572737694 1589278811 3571394174 1272150795 1331147684 3814701572 702687102 1829546856 3424216458 1621062195 3938324198 2326178319 116350860 890060860 1737883976 1035515870 2293595869 3279757238 2134543741 2761959047 720130107 460933930 4261221329 2609694886 3202638292 1503322093 3268515498 3439572928 3045782436 2346880668 3427069436 2035301991 1909348772 2769142499 1012758270 3997042267 4143443393 1681231264 3761344697 851198293 2467179233 3750746682 2844367948 1616014730 3643011892 1240007099 3493623334 2634896717 2482793214 2302205819 2371498550 920929748 1652126955 411877704 1518195085 4269956416 3859600141 178083580 513289113 440899710 4181733673 2235464314 2362362734 94900662 1940152811 1637613204 3525453319 2381024289 3682100663 1556256388 246168350 1196815513 3812528717 2415392108 348577794 3845393641 1743287196 3013696497 1124479250 1795440855 3749679905 3535408361 1629764377 564721145 3436706112 644074125 132219215 3960652127 3280067518 4109443554 2672845277 2386203264 628983122 2454171707 986094782 1547896965 3873594509 322593648 469081021 2375747291 110235708 639993918 499387539 2706123089 2556592618 2994859338 1001824599 3539062553 2065971573 771751752 4204492892 989006795 3910442221 1317202723 817136449 370377488 3257982382 1688332408 1611964367 824532109 2351465651 2358227326 640995818 3993459208 1705026871 2470440358 186577897 980679423 1854177446 3567727057 1867957422 2056181335 3114684120 381437889 1398669004 380665802 3095088804 3060891054 1001676507 2250347976 4103103128 1059084658 1099339108 146599230 758329360 3203301330 3296753201 3158022974 3211014334 955408580 4257976819 3120978377 1343440728 3850660280 1342222815 1026863829 1243806848 1124063686 3104859820 10717758 266057654 1837836875 2864483020 1290512280 2255617321 3664574333 3195350065 1387325362 1541197229 3135012721 1986290929 404028151 3941781183 514730436 100733176 67724348 3219831078 783147208 3066090523 952662171 166618945 2689610491 1565655005 1804277331 2044099191 3074656735 75917031 603331910 2549948991 3438261883 2775305572 1451239504 2155471679 346908811 725412606 639693876 2734153435 1694390164 2481338335 275850765 2122112724 1859433913 1932383706 3766542464 4124635867 3169432491 3561392377 4288467789 2159481434 2885548415 2261745203 71233207 3008518123 1099646271 2656102921 1722858102 1248858684 505321803 2338374258 3951431843 1577904671 951149654 439534079 2016222469 581266342 513172763 2334376935 483400277 2196088916 2968660756 4040305329 1108196699 685729014 3866157687 994456749 2270982933 3671976505 2847063661 3687414294 2285836470 1615070065 3896149306 3559331578 3892456371 4226458317 735417269 1406821141 700374108 1950527207 302042881 3070545386 1456510868 1059984793 306470648 3306107305 2566803542 2337447554 1630178495 3803859771 2292049520 1963949730 2882873234 4045856599 2540856359 571479302 3040969266 4144313529 4165296686 1917972617 2917917385 2983781554 3977388346 3935412863 296637843 612970891 39853384 4087467598 859118817 3817953492 695480472 631411031 2329566940 880427508 2915162339 1032926854 552741673 2763558134 619201916 999122398
