sName lunar_lander
version 1
nEpochs 2000
nPopSize 100
nTop 10
act 1
populationStrategy 2
randomInjectionRatio 0.35
nLayers 4
vSize 5 16 16 4 
vBiases_start
pop 0 layer 0
dims 16 1
-0.223849 
0.303781 
-0.351022 
-0.259951 
-0.147328 
-0.153011 
-0.152429 
0.199547 
-0.0255091 
0.0135529 
0.163169 
-0.164663 
-0.311746 
-0.254371 
-0.0497227 
0.435248 
pop 0 layer 1
dims 16 1
-0.145632 
-0.198519 
-0.808434 
0.407254 
-0.0281285 
0.355373 
0.507197 
0.261672 
0.547398 
0.301443 
0.108662 
0.332083 
0.437927 
0.136854 
-0.570079 
0.329878 
pop 0 layer 2
dims 4 1
-0.390137 
0.126649 
0.241066 
0.09468 
pop 1 layer 0
dims 16 1
-0.158973 
0.380835 
-0.325931 
-0.265733 
-0.00426075 
-0.130124 
-0.0484709 
-0.0785857 
0.0398346 
0.164636 
0.0506547 
0.0398529 
-0.208277 
-0.0229463 
-0.365374 
0.265552 
pop 1 layer 1
dims 16 1
-0.247751 
-0.493213 
0.0661092 
0.399373 
-0.114345 
0.151104 
0.385899 
0.609156 
0.185359 
0.364672 
0.142181 
0.785346 
0.221871 
0.0729134 
-0.303164 
-0.00259486 
pop 1 layer 2
dims 4 1
-0.414332 
-0.0347618 
-0.166204 
0.0796073 
pop 2 layer 0
dims 16 1
-0.250962 
0.243322 
-0.298847 
-0.23308 
0.148908 
-0.137363 
0.0335698 
0.142374 
-0.253941 
0.1509 
0.186808 
-0.303106 
-0.205455 
0.0789631 
-0.190681 
0.378121 
pop 2 layer 1
dims 16 1
-0.366176 
0.0160569 
-0.345038 
0.252087 
0.13293 
0.164241 
0.32703 
0.583637 
0.270131 
-0.0502951 
0.358927 
0.429252 
0.230804 
0.0888117 
-0.150851 
-0.180408 
pop 2 layer 2
dims 4 1
-0.259979 
0.0639805 
0.0293065 
0.146108 
pop 3 layer 0
dims 16 1
-0.216229 
0.334241 
-0.40968 
-0.375515 
0.0182722 
-0.2472 
-0.043927 
-0.0402226 
-0.0674657 
0.0249243 
0.121694 
-0.100118 
-0.224693 
-0.0547398 
-0.296497 
0.332241 
pop 3 layer 1
dims 16 1
-0.130522 
-0.470012 
-0.157049 
0.32771 
-0.0134227 
0.11652 
0.400682 
0.482256 
0.232317 
0.489023 
0.348132 
0.690558 
0.202632 
0.00504595 
-0.324729 
-0.0480703 
pop 3 layer 2
dims 4 1
-0.375856 
-0.180707 
0.04059 
-0.00923046 
pop 4 layer 0
dims 16 1
-0.0838812 
0.274112 
-0.307355 
-0.15293 
0.0501664 
-0.155902 
0.0655312 
0.156406 
-0.229917 
0.0806759 
0.0437347 
-0.0961656 
-0.343864 
0.201178 
-0.308896 
0.339545 
pop 4 layer 1
dims 16 1
-0.415241 
-0.0176697 
-0.336731 
0.269362 
0.0939481 
0.071443 
0.335774 
0.594703 
0.275825 
0.0143518 
0.146921 
0.498967 
0.265471 
-0.0239946 
-0.127983 
-0.203391 
pop 4 layer 2
dims 4 1
-0.0276317 
-0.267686 
-0.111969 
-0.091307 
pop 5 layer 0
dims 16 1
-0.210012 
0.288393 
-0.369598 
-0.214116 
0.0406176 
-0.162749 
-0.00748099 
0.123769 
-0.0870721 
0.159816 
0.133419 
-0.228411 
-0.323585 
-0.0603154 
-0.202577 
0.359091 
pop 5 layer 1
dims 16 1
-0.268281 
-0.0839674 
-0.379297 
0.163795 
0.126581 
0.0234479 
0.414987 
0.564665 
0.205395 
0.239942 
0.236578 
0.588885 
0.109828 
0.124755 
-0.266328 
-0.15402 
pop 5 layer 2
dims 4 1
-0.28101 
0.0260937 
0.0212542 
-0.048715 
pop 6 layer 0
dims 16 1
-0.416092 
0.251034 
-0.381828 
-0.261444 
-0.0665889 
-0.178167 
0.018605 
-0.13895 
-0.109508 
0.103878 
0.167281 
-0.235846 
-0.474547 
-0.272777 
-0.129666 
0.46794 
pop 6 layer 1
dims 16 1
0.00773408 
-0.412096 
-0.335733 
0.061156 
0.103804 
0.00861671 
0.21508 
0.353056 
0.300328 
0.468136 
0.129062 
0.595808 
0.154297 
0.0940843 
-0.352949 
-0.244609 
pop 6 layer 2
dims 4 1
-0.374012 
0.120292 
0.0329104 
-0.0320113 
pop 7 layer 0
dims 16 1
-0.245566 
0.196277 
-0.348981 
-0.116721 
0.241348 
0.012937 
-0.0355562 
0.0991549 
-0.265762 
0.303135 
0.0764101 
-0.410625 
-0.23182 
0.0379689 
-0.157173 
0.513003 
pop 7 layer 1
dims 16 1
-0.270452 
-0.113853 
-0.276799 
0.115162 
-0.0928209 
0.195142 
0.403246 
0.386348 
0.296166 
-0.115915 
0.166828 
0.491866 
0.174937 
0.0808852 
-0.0645563 
-0.148074 
pop 7 layer 2
dims 4 1
-0.215187 
-0.0287284 
0.0342772 
0.129006 
pop 8 layer 0
dims 16 1
-0.306846 
0.179942 
-0.242241 
-0.252321 
0.145898 
-0.150861 
-0.00104821 
-0.0169769 
-0.187341 
0.0516696 
0.178368 
-0.420757 
-0.27288 
-0.183015 
-0.225904 
0.423413 
pop 8 layer 1
dims 16 1
-0.341646 
0.178187 
-0.227269 
0.178903 
0.237889 
0.0450774 
0.304185 
0.615145 
0.293 
0.0100864 
0.0413814 
0.342668 
0.3673 
-0.00297559 
-0.160598 
-0.133084 
pop 8 layer 2
dims 4 1
-0.189243 
-0.0422387 
0.0500347 
0.249942 
pop 9 layer 0
dims 16 1
-0.35386 
0.247263 
-0.534703 
-0.383552 
-0.253174 
-0.401141 
0.0990008 
0.0324739 
0.0994544 
-0.0625215 
0.165869 
-0.175883 
-0.315867 
-0.286282 
-0.100852 
0.279027 
pop 9 layer 1
dims 16 1
-0.0215087 
-0.457355 
-0.509496 
0.14029 
-0.0147132 
0.0615094 
0.365276 
0.228076 
0.266286 
0.330707 
0.0436611 
0.392826 
0.0666737 
-0.240011 
-0.438683 
0.0428053 
pop 9 layer 2
dims 4 1
-0.180582 
-0.172023 
0.127321 
0.0226945 
vBiases_end
vWeights_start
pop 0 layer 0
dims 16 5
0.021396 -0.409659 0.0905404 0.562158 -0.0557298 
0.240436 0.149119 -0.0143376 0.0327516 -0.264717 
-0.335667 0.580145 -0.181062 0.378475 0.254957 
-0.0751025 0.252484 -0.0367372 0.00997697 0.0357133 
-0.271355 0.0840189 -0.167881 -0.193904 -0.224972 
-0.24117 -0.0668762 -0.0897481 -0.00249367 -0.257935 
0.0331572 0.212042 -0.0162928 0.261216 0.287055 
0.183377 0.0658193 -0.0684878 -0.266855 0.0358035 
-0.48567 -0.148635 0.164575 0.0474835 0.162645 
0.334176 0.298147 -0.178709 -0.280139 -0.258643 
-0.0443637 -0.0437362 -0.552384 0.439932 -0.0671996 
0.0263754 0.328725 -0.250812 0.155655 -0.29578 
0.0407095 -0.0742244 -0.121552 -0.0372485 0.304323 
-0.238604 0.673091 -0.492795 0.373729 -0.0587098 
-0.128635 0.232317 -0.556079 0.276838 0.0334338 
0.346556 -0.419722 -0.211302 -0.114653 -1.05061 
pop 0 layer 1
dims 16 16
0.638191 -0.354004 -0.0397008 0.379647 0.0719205 0.36175 -1.11556 -0.88617 0.524139 -0.58267 -0.606852 0.42127 -0.630496 0.17133 -0.259544 0.00130621 
0.0828318 0.0837618 -0.161252 0.00819512 -0.182372 0.288801 -0.42114 0.308767 -0.0449544 0.0375298 -1.52961 -0.276436 0.188013 0.293831 0.303592 -0.368395 
-0.419927 -0.27088 -0.180968 -0.395858 -0.504285 0.0534719 -0.0856928 0.571462 0.57254 0.382307 0.16876 -0.102282 0.201216 0.162079 -0.170872 -0.071864 
-0.0520492 0.290876 0.152651 0.19526 0.279265 0.131387 -0.537402 -0.240293 0.0158702 0.225313 -0.201608 -0.227129 0.200773 -0.115828 0.0840205 0.533491 
-0.439036 -0.0360496 -0.0595523 0.236372 -0.168043 -0.13861 -0.286418 -0.137943 0.0814842 0.375632 -0.183438 0.00986209 -0.225968 0.769632 0.0357297 0.394019 
-0.554891 0.100309 0.632782 -0.163175 -0.195082 -0.116007 -0.0794242 -0.496904 -0.429397 0.96553 -0.167915 0.12593 -0.567794 -0.997308 -0.114473 -0.369746 
-0.140169 0.079743 0.268218 -0.111455 -0.168179 -0.297775 0.393086 -0.58195 -0.575432 -0.31043 0.205611 0.23371 -0.460028 0.239643 0.20009 0.0956044 
-0.563597 0.574969 0.239903 0.00727914 0.234697 0.442632 0.46884 0.660003 0.139038 -0.0255496 0.217233 0.217186 -0.0693141 -0.150017 0.320078 0.165491 
-0.706253 0.130899 -0.209158 -0.104408 0.321778 -0.0446466 0.202079 0.0823398 1.25987 0.176905 0.513347 0.0783573 0.208946 -0.704724 0.306484 0.238127 
0.0224987 -0.353364 -0.580458 -0.103248 0.787016 0.37225 -0.867101 0.608488 0.161556 -0.0622482 0.465372 0.196039 -0.464848 0.404047 -0.32804 -0.76362 
0.109362 -0.283192 -0.677927 0.668169 -0.380218 0.0268756 0.28614 0.265076 0.235054 0.261696 0.919126 0.245647 0.233908 0.358048 -0.470836 0.724269 
0.387757 0.30773 0.565411 0.559498 -0.0685441 0.107034 -0.463265 -0.274576 -0.0765091 -0.097477 0.33313 0.0409477 -0.0395231 0.0160988 -0.0412579 -0.803804 
0.413638 -0.477801 -0.582405 0.861462 -0.604231 0.282598 0.854119 -0.541714 0.0614582 0.255061 0.949185 0.833468 -0.171349 0.0208625 0.600323 -0.378957 
-0.806172 0.755308 0.147551 -0.301742 -0.124066 -0.23007 0.489438 0.263493 0.340877 -0.284826 -0.614176 0.79047 -0.320184 0.171918 0.333013 0.754186 
-0.480708 -0.38253 -0.491892 0.597344 0.0548369 0.347751 0.315925 -0.396871 -0.889344 0.0253364 -0.577954 -0.282842 -0.269875 0.32909 -0.671742 0.252743 
0.0427674 -0.36768 -0.261732 -0.199932 0.835148 0.382678 -1.07264 0.155211 0.320106 0.244786 0.264055 0.124728 -0.42352 -0.52173 -0.359638 0.759216 
pop 0 layer 2
dims 4 16
-0.107608 0.261818 0.233547 0.536955 0.506035 0.156784 0.0903476 0.411189 -0.398393 0.0122057 -0.0591275 -0.187585 -0.218298 0.484785 -0.0631383 -0.0155588 
0.264389 -0.104601 -0.356991 -0.312683 0.302835 -0.183283 0.268915 0.103533 0.344206 -0.60863 -0.330953 0.399527 0.705253 -0.214022 0.0427372 -0.516741 
-0.250702 0.254211 0.53437 1.03253 0.0745661 -0.55833 -0.135313 -0.648086 0.443222 -0.123541 0.0293402 0.0272877 -0.113339 -0.758803 0.118107 0.453031 
-0.0350364 0.276378 0.0235244 -0.171116 0.502746 -0.444182 0.292233 0.00701964 -0.0567397 -0.0226467 0.231232 -0.0572863 0.161264 -0.674704 -0.524569 0.513622 
pop 1 layer 0
dims 16 5
-0.19048 -0.374469 -0.0220925 0.534049 -0.119071 
0.0573666 0.340979 0.164998 0.161778 -0.316793 
-0.153893 0.0987792 0.0176281 0.331422 0.451787 
0.0777227 0.372965 -0.0766131 -0.00293733 0.132396 
-0.166493 0.00310072 -0.192705 -0.0765729 -0.0277166 
-0.0903639 -0.0538637 -0.252349 -0.159998 -0.25609 
0.379594 0.407499 0.0450542 0.0121239 0.0594853 
-0.0497204 -0.0551173 -0.241919 -0.254769 -0.314283 
-0.602422 -0.506149 0.249123 -0.0378152 0.133461 
0.213918 0.197381 -0.0861155 -0.415673 -0.169944 
-0.0868708 -0.212039 -0.609612 0.212627 0.15539 
0.0362209 0.303896 -0.113479 0.170956 -0.0204438 
0.0703931 -0.0490562 0.0146028 -0.183098 0.201876 
0.0488256 0.52928 -0.518004 0.379911 0.14565 
0.0786426 0.349346 -0.189941 0.492253 -0.0587303 
0.416484 -0.315989 -0.00583228 0.0400735 -0.743894 
pop 1 layer 1
dims 16 16
0.640287 -0.389656 0.00685999 -0.0909826 -0.27211 0.0900359 -0.435236 -0.674804 0.0832669 -0.432671 -0.426196 0.260966 -0.495684 0.273708 -0.370796 -0.267192 
0.249722 0.0273143 -0.310919 0.00174471 -0.0306379 0.302422 -0.22904 0.665973 -0.192754 -0.232076 -0.740924 -0.152164 0.451629 0.526971 0.431831 -0.161903 
-0.396094 -0.0670137 -0.325729 -0.205522 -0.287274 -0.085204 0.11478 0.252951 0.507177 0.219981 -0.0252095 -0.148617 0.332701 -0.0574906 -0.447864 0.0574572 
-0.39549 -0.0177081 -0.130757 0.135033 0.0886036 -0.0874032 -0.842178 0.0781717 -0.175636 0.240485 -0.161576 -0.413772 0.348593 -0.175276 -0.0559963 0.0983516 
-0.18569 0.25323 0.00195365 0.346965 0.114997 -0.0909778 -0.243807 -0.00446933 0.356174 0.242344 -0.232344 0.363982 0.0525785 0.492585 -0.224782 0.478089 
0.072415 -0.21823 0.249207 0.114005 -0.161438 -0.0917271 -0.10959 -0.540711 -0.126629 0.563303 0.216303 0.0762314 -0.896761 -0.879803 -0.00359027 -0.0694653 
0.250479 -0.202322 -0.146608 0.258206 -0.500484 -0.127519 -0.135472 -0.132156 -0.315091 -0.25107 0.156979 0.262185 -0.461684 -0.0409915 0.357564 0.242196 
-0.489537 0.24345 0.587705 0.3664 0.415482 0.399361 0.337597 0.516031 -0.25393 -0.0185335 0.101197 -0.465666 0.199693 0.0765831 0.0968031 0.0124146 
-0.541762 -0.115644 -0.0945963 -0.332712 0.327687 0.349478 -0.293596 -0.0189052 0.548011 0.420907 -0.150924 0.00946032 0.0789023 -0.178472 -0.087327 0.095095 
-0.352511 -0.22088 -0.250442 -0.235437 0.516264 0.203494 -0.713944 0.634306 -0.379776 0.04476 -0.236732 -0.00262216 -0.0961358 0.27563 -0.185123 -0.335408 
0.0926427 -0.236186 -0.495362 0.545763 -0.276908 0.219474 0.535745 -0.144041 0.575165 0.293174 0.795891 0.211451 0.3283 0.473842 -0.507443 0.481297 
0.383326 0.334525 0.217613 0.262039 -0.155936 0.182413 -0.334608 -0.0578649 0.250374 -0.0218295 0.405051 0.425588 0.246121 -0.148496 0.463513 -0.893217 
0.0914054 -0.723085 -0.319723 -0.0586102 -0.012944 0.392404 0.281956 -0.442227 0.0493788 -0.313289 0.813107 0.169463 -0.137219 -0.0418589 0.437421 -0.488087 
-0.493956 0.507422 0.277206 -0.312735 -0.489004 0.139659 0.472007 0.278887 0.371451 0.0236813 -0.216793 0.701463 -0.132868 0.101702 -0.011248 0.382861 
-0.25002 -0.484252 -0.41635 0.474483 0.19646 0.367736 0.494435 -0.505428 -0.555476 -0.463766 -0.31538 -0.0253321 -0.501351 -0.207524 0.0992362 -0.00517591 
0.128962 -0.507045 0.12883 -0.153724 0.449246 0.184083 -0.732613 0.0747344 0.157891 0.248921 0.109461 -0.0592899 -0.182828 -0.218792 -0.0904259 0.450689 
pop 1 layer 2
dims 4 16
0.139618 0.38817 -0.0718191 0.502335 0.304226 0.262234 0.0450899 0.544 -0.171026 -0.102037 -0.305922 -0.119339 -0.03486 0.156312 -0.0738799 0.011871 
0.225875 -0.0941397 0.122813 -0.500382 0.500842 -0.278888 0.128886 -0.0209453 0.127255 -0.432305 -0.247527 0.0480664 0.646646 -0.237104 0.0269694 -0.37779 
-0.293804 0.266094 0.308939 0.608233 -0.00367058 -0.657413 -0.0320536 -0.695889 0.164554 -0.105856 0.251727 0.0342642 -0.169114 -0.608027 0.0609573 0.41429 
-0.296099 0.280671 -0.0265853 -0.120476 0.393942 -0.592379 0.388935 -0.0867347 0.0959945 -0.156206 0.00302652 -0.278356 0.309271 -0.660734 -0.498263 0.45707 
pop 2 layer 0
dims 16 5
-0.0644531 -0.251838 0.0352691 0.447456 0.0674107 
0.39729 0.192937 0.135123 0.242002 -0.226971 
-0.287557 0.346361 -0.180171 0.638582 0.390044 
-0.0168588 0.365046 -0.107288 0.0172803 0.00644011 
-0.133966 0.0793088 -0.18991 -0.243427 0.135063 
-0.0873983 0.170264 -0.184057 -0.349164 -0.332875 
0.233176 0.276108 -0.228853 0.240309 0.0104984 
0.0840349 -0.0732579 -0.0558092 -0.207529 -0.0642846 
-0.416329 -0.230959 0.144908 0.185604 0.312529 
0.231942 0.233397 0.0556645 -0.210951 -0.495524 
-0.141998 -0.284442 -0.604302 0.613762 0.20986 
-0.0965704 0.305224 -0.336755 0.0471208 -0.00206763 
-0.175794 -0.142782 0.00701722 -0.0831876 0.25853 
0.0118843 0.776748 -0.322517 0.0741529 -0.0115919 
0.0269357 0.217273 -0.0917646 0.272711 -0.0471324 
0.123511 -0.353378 -0.230094 -0.126202 -0.980117 
pop 2 layer 1
dims 16 16
0.188557 -0.039682 0.337756 0.0333647 -0.143317 0.244428 -0.486625 -0.367794 0.0220808 -0.422254 -0.457087 0.371487 -0.443548 0.517163 -0.404459 0.487843 
-0.00883681 -0.558228 -0.275966 -0.244363 -0.105677 0.0208159 -0.292876 0.394148 -0.445878 -0.128842 -0.377009 -0.108375 0.344244 0.267813 0.409197 -0.12274 
-0.288934 -0.0817988 -0.372283 -0.0919542 -0.0155959 -0.185253 0.00966433 0.19279 0.486596 0.366051 0.218878 0.0695524 0.12275 -0.182146 -0.279501 0.345167 
0.0940521 0.254801 -0.014733 0.352961 0.078308 -0.340273 -0.723122 -0.0326764 0.152228 0.367575 -0.3376 -0.648966 -0.204796 -0.0920329 -0.246743 0.262544 
-0.108041 0.220286 -0.553228 0.351413 0.109634 0.237129 0.0976103 -0.366151 0.174647 -0.37848 -0.0219669 0.304146 0.14637 0.679827 0.205938 0.50157 
0.053628 -0.118239 0.261787 0.163651 0.266808 -0.152207 -0.113943 -0.449619 -0.0404634 0.493685 -0.202972 0.217935 -0.34874 -0.271028 -0.362757 -0.287309 
0.143762 -0.0649386 0.148106 0.347374 -0.290026 -0.0303155 0.216757 -0.14549 -0.0368125 0.355826 0.412649 0.129841 -0.16957 0.182443 0.803086 0.117865 
-0.0518065 -0.195887 0.15676 0.320649 0.374655 0.289584 0.279691 0.344468 0.115563 -0.23173 0.176122 0.177066 0.0274225 0.104084 0.494486 0.159227 
-0.218897 0.0788105 0.0398349 -0.386576 0.329208 -0.179727 0.191715 -0.0114806 0.766397 0.223036 0.0900123 0.218502 -0.0329842 -0.100012 0.105732 0.10012 
0.0498654 0.20796 -0.489753 -0.104674 0.644108 0.317666 -0.421399 0.379944 0.00950623 0.142522 -0.240454 0.0608992 -0.386279 0.496642 -0.0949451 -0.0488619 
-0.0691167 0.163456 -0.195221 0.419746 -0.513416 0.115232 0.309576 0.0918061 0.276733 0.124625 0.614846 0.259813 0.447095 0.102812 -0.449184 0.398626 
0.361403 0.313535 0.289296 0.332141 0.216509 -0.0745169 -0.575071 -0.0783302 0.230469 -0.137401 0.389508 0.387846 -0.0516293 -0.0837784 0.276387 -0.504658 
0.132461 -0.482186 -0.639467 -0.00897487 0.278652 -0.441878 0.375049 -0.200507 0.349312 -0.16093 0.651579 0.419176 -0.111611 0.0276603 0.407788 -0.410533 
-0.0914664 0.643144 0.204511 -0.356343 -0.284503 -0.201893 0.544945 -0.0976535 0.230093 -0.115937 -0.203074 0.33034 -0.283727 0.286229 -0.292826 0.470855 
0.0679342 0.130576 -0.393812 0.883477 0.0715758 0.428278 0.592444 -0.0705289 -0.490541 -0.316561 -0.394629 -0.00550946 -0.416646 -0.0201372 0.0254268 -0.0463009 
0.015152 -0.300229 -0.311143 -0.295486 0.391681 -0.0177733 -0.234117 0.22382 -0.0789513 0.303278 0.276229 0.0506565 -0.455739 0.045548 -0.308173 0.462188 
pop 2 layer 2
dims 4 16
-0.114435 0.167046 0.104377 0.453745 0.566394 0.162593 -0.00305885 0.215928 -0.27086 0.0500927 0.029537 -0.409807 -0.202141 0.196298 0.0203076 -0.118439 
0.047065 -0.095945 -0.216715 -0.0230519 0.588925 -0.058394 0.0407997 0.118903 0.247469 -0.55146 -0.0155308 0.148359 0.648501 -0.204534 0.164127 -0.406593 
-0.150596 0.255664 0.182192 0.715776 -0.0566226 -0.38879 0.118754 -0.630372 0.385572 0.00768878 -0.00580636 0.130419 -0.256746 -0.546509 0.208269 0.38892 
-0.0488413 -0.0596101 -0.0751911 -0.0316159 0.356916 -0.607824 0.391219 -0.160477 0.1138 -0.157759 0.12945 -0.0227056 -0.00473288 -0.480469 -0.41234 0.58391 
pop 3 layer 0
dims 16 5
-0.136327 -0.325072 0.0256672 0.603255 -0.156511 
0.254569 0.313117 0.0164089 0.121123 -0.326069 
-0.212011 0.369774 0.0390441 0.289677 0.44756 
0.0750686 0.288767 -0.0587132 0.0806795 0.0443165 
-0.0943975 0.0530247 -0.184826 -0.178975 -0.214538 
-0.234886 -0.103654 -0.135263 -0.203474 -0.162107 
0.361348 0.233525 0.0548928 0.173147 0.235198 
0.0711494 -0.0731745 -0.103122 -0.475264 -0.388338 
-0.557185 -0.362674 0.213705 -0.0494636 0.159892 
0.126813 0.223542 -0.0682965 -0.423549 -0.233669 
-0.065925 -0.0738633 -0.595885 0.40361 0.0643384 
0.145827 0.414296 -0.21318 0.196389 -0.117227 
0.124052 0.159259 -0.103042 -0.045858 0.33495 
0.0264876 0.552994 -0.481732 0.224653 0.159622 
-0.0179213 0.264625 -0.291981 0.377778 -0.0729616 
0.331803 -0.451147 -0.112829 -0.163829 -0.748217 
pop 3 layer 1
dims 16 16
0.722382 -0.472328 0.0439165 -0.115293 -0.0928408 0.0545308 -0.570729 -0.647937 0.241427 -0.638289 -0.55983 0.300211 -0.479148 0.225943 -0.341227 -0.218684 
0.187261 -0.095052 -0.325959 -0.11004 -0.00396635 0.344069 -0.185902 0.686251 -0.3223 -0.174791 -0.77213 -0.138409 0.468414 0.496922 0.519759 -0.270554 
-0.484548 -0.037473 -0.465703 -0.160353 -0.17238 -0.155066 0.15186 0.334138 0.615194 0.161448 -0.0365504 0.079197 0.180372 -0.0292093 -0.29471 0.167791 
-0.155002 0.0303511 0.000604787 0.199543 0.13004 -0.05477 -0.867896 0.15025 -0.336026 0.157864 -0.325952 -0.476211 0.209593 -0.140534 -0.0246285 0.120862 
-0.00420134 0.252048 -0.0563745 0.376896 -0.013651 -0.108781 -0.167527 -0.172372 0.322107 0.115318 -0.187972 0.386322 -0.0423322 0.556342 -0.210547 0.601893 
0.0199228 -0.351202 0.4597 0.0252049 -0.0388593 -0.164534 -0.0338332 -0.607952 -0.161189 0.454808 0.342174 0.0621942 -0.859515 -0.997241 -0.189424 -0.181342 
0.242628 -0.0418074 -0.00503963 0.189379 -0.40085 -0.10821 -0.240665 -0.13601 -0.284485 -0.334418 0.119953 0.117469 -0.277258 -0.0320466 0.472838 0.154112 
-0.380298 0.490582 0.54053 0.332135 0.558639 0.154671 0.31753 0.693067 -0.0898781 -0.0740251 0.29166 -0.400538 0.27757 0.091759 0.225358 0.0367289 
-0.51026 -0.174783 -0.181129 -0.337092 0.506103 0.321951 -0.163534 -0.0764115 0.708448 0.446876 0.00822144 -0.0240121 -0.0459965 -0.244091 0.00140777 0.0215955 
-0.426426 -0.175814 -0.305671 -0.235987 0.514192 0.368049 -0.91232 0.652164 -0.258763 -0.119105 -0.254916 -0.0920712 -0.276105 0.257192 -0.230739 -0.295494 
-0.0509712 -0.297303 -0.647285 0.572968 -0.333079 0.288133 0.413073 0.00377999 0.549983 0.369643 0.776155 0.366052 0.458053 0.397358 -0.449874 0.537204 
0.610747 0.352609 0.366176 0.225901 -0.0169483 0.0766806 -0.393967 -0.110682 0.141493 -0.1424 0.220835 0.460978 0.119667 -0.104349 0.443838 -0.733304 
0.242284 -0.624818 -0.421612 -0.0348626 -0.0065244 0.311343 0.206163 -0.520792 -0.0209741 -0.216664 0.955431 0.25626 -0.0695246 -0.019905 0.344527 -0.449552 
-0.527595 0.565541 0.178402 -0.405533 -0.403599 0.0849719 0.542935 0.31224 0.443075 0.0819223 -0.195699 0.627781 -0.147087 0.189578 0.0260825 0.554996 
-0.306444 -0.473489 -0.384019 0.5761 0.195935 0.327406 0.594147 -0.574741 -0.618856 -0.282351 -0.353307 0.0198745 -0.628757 -0.197862 0.0554999 0.0775663 
-0.0509287 -0.433863 0.11765 -0.126303 0.392258 0.193082 -0.728375 0.00345406 0.00748716 0.11069 0.223196 0.066017 -0.32495 -0.00309402 -0.308152 0.635156 
pop 3 layer 2
dims 4 16
0.254794 0.35464 0.146078 0.554408 0.320962 0.222533 0.166248 0.368733 -0.176669 0.00490087 -0.139163 -0.194138 -0.145439 0.259684 -0.18109 -0.156225 
0.378232 0.0547302 0.103613 -0.269889 0.541296 -0.211933 0.368019 0.141029 0.280454 -0.54336 -0.157372 0.147226 0.75556 -0.18739 -0.00137776 -0.350245 
-0.351599 0.430778 0.280088 0.822062 -0.0661578 -0.559269 0.0734306 -0.795657 0.184928 -0.142861 0.140124 -0.0146211 -0.168007 -0.816499 0.232925 0.314244 
-0.132657 0.383268 -0.0475798 -0.162231 0.454032 -0.678735 0.421047 -0.0795402 0.205848 -0.217501 0.109218 -0.171433 0.118721 -0.801499 -0.575865 0.420297 
pop 4 layer 0
dims 16 5
-0.205906 -0.157805 0.142628 0.33851 0.184171 
0.507676 0.102082 0.0355877 0.345594 -0.152368 
-0.124673 0.296077 -0.122933 0.576079 0.406722 
0.0484937 0.257869 0.0503661 0.0551706 0.144619 
-0.180608 0.129656 -0.0758999 -0.266363 0.202673 
-0.119626 0.192344 -0.242714 -0.285011 -0.365281 
0.151319 0.364367 -0.192082 0.158944 -0.0435263 
0.111724 -0.104155 -0.0484308 -0.258661 -0.192616 
-0.360365 -0.291063 0.231161 0.25552 0.260482 
0.142185 0.245845 -0.0639007 -0.292912 -0.538457 
-0.279461 -0.132868 -0.528913 0.670009 0.125486 
0.115695 0.30643 -0.41094 -0.0522392 -0.0543222 
-0.0534538 0.0152686 -0.0402187 0.013562 0.359305 
0.0371522 0.52173 -0.434873 0.0251648 -0.064301 
0.150778 0.0573924 0.024036 0.272338 -0.0329961 
-0.0028465 -0.254629 -0.28127 -0.127524 -0.990839 
pop 4 layer 1
dims 16 16
-0.01368 0.055311 0.247073 0.242229 -0.211586 0.422209 -0.503903 -0.437191 -0.00394024 -0.332769 -0.652353 0.354716 -0.582302 0.535729 -0.335093 0.316581 
0.117921 -0.678342 -0.261923 -0.155415 -0.0140334 0.0256091 -0.156389 0.437708 -0.417829 -0.0707899 -0.384953 -0.195755 0.162063 0.195595 0.431324 -0.109834 
-0.164506 -0.165784 -0.18882 -0.0331277 0.162897 -0.213743 0.183848 0.38701 0.479634 0.293038 0.166424 -0.141167 0.0518026 -0.185152 0.0264219 0.368505 
-0.0320901 0.227233 0.0116203 0.451367 -0.0348805 -0.240825 -0.724153 -0.0632776 0.18449 0.272343 -0.38862 -0.538244 -0.19201 -0.0326862 -0.182385 0.372342 
-0.0530618 0.121626 -0.655312 0.453721 0.0632824 0.380362 0.243644 -0.332048 0.183836 -0.471555 -0.131533 0.140252 0.21668 0.569018 0.151648 0.656273 
-0.0237937 -0.266119 0.21575 0.215519 0.13115 -0.0536786 -0.0786875 -0.421124 -0.11127 0.458461 -0.0729438 0.204446 -0.259027 -0.204398 -0.227624 -0.261306 
0.162783 -0.0466087 0.0141954 0.290231 -0.230466 0.098848 0.145155 -0.110217 -0.0307493 0.39906 0.192867 0.0673137 -0.259588 0.168041 0.854374 0.175319 
-0.0378445 -0.0961939 0.162699 0.405247 0.315016 0.252989 0.208616 0.338746 0.0551367 -0.21668 0.0428539 0.121653 -0.0153 0.0881943 0.492853 -0.0310415 
-0.299747 0.2298 0.0772823 -0.419158 0.310158 -0.108919 0.0474795 0.00116585 0.753958 0.0155202 0.0474617 0.173923 -0.16225 -0.223612 0.226103 0.0436587 
-0.0165413 0.238049 -0.438193 -0.0553048 0.569067 0.215206 -0.365282 0.455352 0.0569125 0.0726055 -0.234807 -0.00236136 -0.547954 0.504059 -0.270131 0.059561 
-0.071196 0.129079 -0.236326 0.445254 -0.423946 -0.0446687 0.100009 0.0157383 0.145651 0.083298 0.403503 0.151827 0.565929 0.153643 -0.358965 0.354683 
0.237708 0.214673 0.249243 0.229423 0.18236 -0.00783289 -0.624773 0.0680385 0.206019 -0.168962 0.107501 0.234355 -0.0739616 0.056969 0.322098 -0.498173 
0.218129 -0.465114 -0.456528 0.0886037 0.232036 -0.416136 0.24684 -0.309589 0.137068 -0.351676 0.653059 0.238365 -0.0718526 0.00684275 0.264064 -0.419933 
0.0578 0.597197 0.334959 -0.427905 -0.240585 -0.0694069 0.273921 -0.149784 0.232574 0.00578105 -0.146531 0.32121 -0.623913 0.156462 -0.331601 0.301091 
0.129404 0.170387 -0.452466 0.849481 0.0221769 0.482743 0.638321 -0.228139 -0.384191 -0.315472 -0.361843 -0.0909214 -0.393432 -0.100558 -0.0770136 -0.0612275 
0.135619 -0.332678 -0.288029 -0.0931195 0.355216 0.0933671 -0.270943 0.18545 -0.174401 0.384325 0.40123 0.142921 -0.510478 -0.0981757 -0.308385 0.368809 
pop 4 layer 2
dims 4 16
0.195301 0.110827 0.244494 0.444693 0.301864 -0.0517736 0.0181757 0.0549996 -0.228587 -0.0677437 -0.309633 -0.354633 -0.0403162 0.0581233 -0.341188 -0.198499 
0.441256 -0.207574 0.278497 -0.0115956 0.272134 0.0207013 0.482759 0.180249 0.27493 -0.584949 -0.127298 0.114677 0.688399 -0.0801115 0.165454 -0.144479 
-0.209894 0.329109 0.415451 0.490066 -0.0270161 -0.685078 0.0307184 -0.615623 0.0759237 -0.0412962 0.0426949 -0.0996027 -0.0391005 -0.762059 0.0682838 0.260048 
0.0939866 0.423877 0.100431 -0.14207 0.411011 -0.581568 0.405602 0.103195 0.259469 -0.162146 0.142081 -0.00198723 0.1268 -0.496837 -0.0674473 0.28502 
pop 5 layer 0
dims 16 5
-0.0700192 -0.195843 -0.00926915 0.440429 0.163908 
0.356755 0.337759 0.0477856 0.117948 -0.27486 
-0.101034 0.468379 -0.362421 0.47265 0.334353 
-0.146285 0.400379 -0.0311455 0.160704 -0.105537 
-0.197943 0.133708 -0.229914 -0.240792 0.0104389 
0.000961428 0.0502611 -0.164534 -0.216337 -0.26861 
0.237463 0.394037 -0.0120825 0.155985 0.0341309 
0.0513948 -0.0101746 -0.0687851 -0.233259 -0.178107 
-0.476026 -0.264894 0.269477 -0.062445 0.216504 
0.113609 0.330763 -0.00115578 -0.0842607 -0.41239 
-0.176069 -0.0906137 -0.613866 0.502866 0.0842944 
0.058207 0.401337 -0.293235 0.180448 -0.0533739 
-0.0400428 0.00425819 -0.132621 -0.0347077 0.381389 
0.0339887 0.770591 -0.384143 0.109025 0.0492986 
-0.102384 0.143311 -0.161146 0.244747 0.0253032 
0.177613 -0.330966 -0.0202725 -0.028395 -1.12675 
pop 5 layer 1
dims 16 16
0.331909 -0.240649 0.253606 0.20463 -0.250059 0.189781 -0.438865 -0.462664 -0.0512219 -0.221166 -0.502775 0.258478 -0.515864 0.537569 -0.445662 0.567768 
-0.116023 -0.489095 -0.281208 -0.254081 -0.0563606 0.180217 -0.36738 0.514805 -0.360752 0.0258316 -0.529052 0.0918157 0.241688 0.438323 0.573598 -0.11482 
-0.335728 -0.201776 -0.367245 -0.293321 -0.0200807 -0.363239 0.377718 0.291897 0.483784 0.362113 0.138088 0.0997479 0.135445 -0.112243 -0.182091 0.197678 
0.095035 0.14688 -0.167231 0.315569 -0.00221325 -0.224093 -0.684389 -0.046334 0.0101002 0.114202 -0.408717 -0.523019 -0.0268742 -0.22507 -0.0966314 0.293329 
0.0527705 0.0309672 -0.399507 0.0931618 0.0558326 0.224099 0.107787 -0.523893 0.378706 -0.167881 -0.0110075 0.167404 0.0463976 0.652435 0.0931026 0.408692 
-0.0617308 -0.13587 0.268675 0.17497 0.111683 -0.290291 -0.0350648 -0.562808 -0.181973 0.508768 -0.285637 0.209558 -0.448729 -0.408381 -0.448836 -0.30871 
0.0685867 -0.129469 0.12715 0.239755 -0.358504 -0.174307 0.120536 -0.0994689 -0.121588 0.186511 0.497158 0.127344 -0.189696 0.120146 0.760143 0.102613 
0.0437037 -0.0371624 0.0291318 0.319449 0.42921 0.224237 0.163374 0.533459 0.218593 -0.337523 0.315311 0.353522 0.108284 0.0409689 0.28013 0.296993 
-0.181919 -0.028371 0.19497 -0.324818 0.359083 -0.102209 0.052589 0.0548263 0.795412 0.24606 0.269795 0.108464 0.0134596 0.0824941 0.16095 0.158024 
-0.277565 -0.0255352 -0.57797 0.0325134 0.459438 0.230846 -0.438894 0.259782 -0.0328747 -0.0356153 -0.190012 0.131799 -0.510238 0.399049 -0.0605195 -0.146062 
-0.0501473 0.0250709 -0.257215 0.490885 -0.360691 0.100548 0.186732 0.204141 0.403108 0.167896 0.677082 0.270126 0.395602 -0.0405977 -0.622096 0.49517 
0.306984 0.326578 0.325218 0.23608 0.335908 -0.116975 -0.531143 0.0734853 0.164235 -0.134711 0.376621 0.377401 -0.317602 -0.0500139 0.3712 -0.591368 
0.19035 -0.606197 -0.684356 0.0442393 0.122534 -0.347106 0.365052 -0.244412 0.273486 -0.352907 0.65668 0.343692 -0.0114666 -0.0745038 0.48348 -0.523236 
-0.154127 0.589971 0.146944 -0.362417 -0.277586 -0.259632 0.742261 -0.109608 0.165715 -0.168758 -0.370463 0.429239 -0.0690648 0.343772 -0.0865302 0.609297 
0.0675489 -0.0969149 -0.431755 1.02027 0.251835 0.314692 0.603253 -0.0499896 -0.50077 -0.249883 -0.4711 0.114598 -0.696562 -0.026395 0.0898866 0.0340013 
0.0420298 -0.304737 -0.166737 -0.14296 0.47003 0.0105123 -0.44146 0.176377 -0.126504 0.383877 0.266613 0.0595461 -0.471204 0.15078 -0.40872 0.454636 
pop 5 layer 2
dims 4 16
0.03965 0.320832 -0.0749862 0.464765 0.452875 0.32217 0.00415017 0.250525 -0.345054 -0.057034 -0.128272 -0.341318 -0.205135 0.212713 0.0229492 -0.0565998 
0.128832 -0.052075 -0.139856 -0.136015 0.519371 -0.0408462 0.207412 0.244409 0.211174 -0.46184 -0.174907 0.0633769 0.665449 -0.172332 0.0442822 -0.565299 
-0.228459 0.249026 0.285373 0.8372 0.00773922 -0.619587 0.135965 -0.712803 0.323645 -0.0133151 -0.035091 -0.0257987 -0.205824 -0.606129 0.131553 0.168171 
-0.163803 0.0505956 0.0176168 -0.0669921 0.452236 -0.606339 0.387396 -0.129956 0.119838 -0.216797 0.0814573 -0.101406 0.0206231 -0.563456 -0.491788 0.635688 
pop 6 layer 0
dims 16 5
0.056068 -0.170551 0.232854 0.569536 0.120889 
0.194208 0.0817155 0.0659346 0.347541 -0.438551 
-0.255565 0.384584 0.0801633 0.382527 0.257285 
-0.0252582 0.228959 0.205153 0.108603 -0.0910463 
-0.0411829 0.109376 -0.274509 -0.121436 0.0597269 
0.0387788 0.0803446 0.0279206 0.0489304 -0.0687551 
0.396575 0.0681784 0.164227 0.203213 0.1511 
0.11002 -0.0181382 -0.116332 -0.271074 -0.106006 
-0.690125 -0.389695 0.246578 -0.00215976 -0.0679574 
0.143305 0.154874 -0.143714 -0.166718 -0.302034 
-0.135526 -0.00754982 -0.753961 0.386334 -0.0805445 
0.112868 0.469009 -0.387246 0.141169 0.113019 
-0.0923157 0.182324 -0.0388177 -0.09775 0.352762 
-0.0424703 0.532654 -0.309271 0.219659 -0.0826034 
0.0980508 0.0157918 -0.400043 0.245583 0.0117506 
0.533378 -0.329149 -0.0875409 -0.0703752 -0.749731 
pop 6 layer 1
dims 16 16
0.46674 -0.193904 0.178662 0.34184 -0.177133 0.27172 -0.615905 -0.604677 0.225163 -0.519407 -0.537839 0.373899 -0.440497 0.350562 -0.807811 0.268557 
-0.0778034 -0.162587 -0.100566 -0.0377222 0.0200428 0.199001 -0.478272 0.634186 -0.437417 -0.211734 -0.622585 -0.223982 0.180104 0.552513 0.704993 -0.221606 
-0.39865 -0.149031 -0.431155 -0.0222639 -0.157071 -0.415657 0.340157 0.139529 0.425159 0.347618 0.108274 0.0351511 0.175674 -0.125035 -0.356175 0.0599316 
-0.188827 0.139595 -0.0858472 0.24968 -0.0367466 -0.0515276 -0.844206 -0.188694 -0.168309 0.40949 -0.181815 -0.211438 0.109266 -0.256838 -0.0164596 0.152582 
-0.0175056 0.379017 -0.102745 0.129883 0.217913 0.0502253 -0.248308 -0.165878 0.237535 -0.0880118 -0.119974 0.305979 -0.12647 0.601338 0.150621 0.485175 
0.0339447 0.288175 0.346334 -0.0611845 -0.0403733 -0.0604821 -0.00357468 -0.701057 -0.221164 0.443098 -0.202722 0.0979347 -0.603963 -0.508225 -0.378404 -0.306333 
0.0764543 -0.062992 0.129086 0.146767 -0.501505 -0.135304 -0.0662989 -0.229236 0.0470995 -0.0137738 0.161226 0.163032 -0.255527 -0.0736646 0.569046 0.0656478 
-0.451379 -0.051557 0.203366 0.335851 0.469702 0.0971179 0.226599 0.626426 0.0776802 -0.071486 0.399069 0.247169 -0.10604 -0.132462 0.147036 -0.0311638 
-0.883857 -0.0715571 0.276659 -0.395938 0.460669 0.130057 0.0603956 0.112168 0.469973 0.327075 0.26545 0.043548 0.00188013 -0.247863 0.332929 0.178959 
-0.342408 -0.23935 -0.514898 0.047272 0.466456 0.242723 -0.671751 0.369439 -0.163339 0.00570775 0.106855 -0.122054 -0.438065 0.334799 0.0511639 -0.257329 
-0.353305 -0.29746 -0.505912 0.571951 -0.515016 0.292471 -0.021334 -0.0604134 0.392696 0.0830911 0.889197 0.214655 0.5135 0.112075 -0.661171 0.542878 
0.34476 0.187552 0.594294 0.297546 -0.0433677 -0.0986505 -0.52142 -0.247936 0.044298 -0.282024 0.418875 0.506888 -0.0700409 -0.138016 0.365158 -0.943836 
0.249678 -0.658078 -0.558254 0.287603 0.0216651 0.0238101 0.362201 -0.309469 0.246416 -0.177376 0.808195 0.254627 -0.178107 -0.201724 0.345064 -0.499 
-0.465708 0.449909 0.159701 -0.293187 -0.700571 -0.0715284 0.859868 -0.0797788 0.479699 -0.15013 -0.379762 0.51614 0.0583836 0.184565 0.166097 0.95897 
-0.334479 -0.0926679 -0.405905 1.05821 0.410221 0.251361 0.576294 -0.345948 -0.691548 -0.299747 -0.21909 0.0750471 -0.608951 -0.204163 -0.0504887 0.286465 
0.000974583 -0.276353 -0.130206 -0.312761 0.297216 -0.16997 -0.797299 -0.0870797 0.229977 0.399943 0.27891 0.056935 -0.333575 -0.175076 -0.395835 0.51401 
pop 6 layer 2
dims 4 16
0.0426448 -0.0374058 0.152632 0.177296 0.551503 0.298488 0.20304 0.0240326 -0.120386 0.244655 0.234363 0.0583541 -0.342249 0.327861 -0.154056 -0.0600961 
0.348493 -0.0414891 -0.0626987 -0.39115 0.316061 -0.285675 0.265498 -0.149512 0.584185 -0.410741 -0.541186 0.244124 0.566019 -0.451909 0.0124024 -0.475955 
-0.00459786 0.258488 0.43855 0.93317 -0.369792 -0.756064 0.22272 -1.03299 0.431381 -0.0380886 0.285584 0.175339 0.281334 -0.444412 0.0723389 -0.115037 
-0.162351 -0.0473344 0.153356 0.0280121 0.580882 -0.565713 -0.0986094 -0.013378 0.0947146 -0.031159 0.256556 -0.191617 0.213034 -0.708152 -0.551408 0.627683 
pop 7 layer 0
dims 16 5
-0.0843914 -0.172559 0.146745 0.396778 0.0288954 
0.343752 0.128601 0.148154 0.27442 -0.244556 
-0.221181 0.135454 -0.15456 0.605379 0.178688 
-0.109191 0.239394 -0.0895919 0.0931724 0.166093 
-0.0769388 0.179551 -0.244676 -0.281324 0.046353 
-0.0951898 0.278093 -0.151083 -0.213864 -0.124223 
0.334597 0.171409 -0.220104 -0.0466691 -0.0562225 
-0.134619 -0.0798126 -0.0545056 -0.0779094 -0.0604481 
-0.462457 -0.214956 0.150869 0.286174 0.170765 
0.226387 0.16817 0.208256 -0.154097 -0.446329 
-0.1236 -0.220398 -0.561582 0.408352 0.221326 
-0.114999 0.315186 -0.404949 -0.0964249 0.00327529 
-0.0750215 -0.030744 0.0244391 -0.0428331 0.292065 
0.152661 0.707559 -0.143088 -0.0025644 0.0867276 
-0.0307427 -0.00162007 -0.092527 0.401585 0.217738 
0.16817 -0.331159 -0.294052 -0.0270426 -0.986968 
pop 7 layer 1
dims 16 16
0.200431 0.0125234 0.28935 -0.0136392 -0.197115 0.237864 -0.433493 -0.246349 0.118206 -0.479492 -0.465641 0.16253 -0.447681 0.367872 -0.424565 0.655286 
0.010621 -0.38282 -0.136399 -0.130689 -0.155242 -0.0959909 -0.2116 0.39722 -0.454423 -0.0522042 -0.372153 -0.0311163 0.410031 0.211366 0.0850984 -0.28057 
-0.318259 -0.255554 -0.260433 -0.0413552 0.119098 -0.18609 -0.00367989 0.132094 0.516322 0.339421 0.404203 0.0818354 0.202106 -0.381302 -0.341211 0.305486 
-0.103218 0.30178 0.0241487 0.154516 0.128801 -0.366301 -0.541955 0.0456604 0.0564291 0.355305 -0.229675 -0.649457 -0.406969 -0.15941 -0.391306 0.343886 
-0.0320368 0.201903 -0.473783 0.365106 0.102618 0.211719 0.205122 -0.353855 0.223557 -0.226115 -0.0126177 0.138621 0.125838 0.740879 0.179564 0.164557 
-0.00806537 -0.124242 0.261474 0.0225959 0.211204 -0.231366 -0.0696552 -0.294819 0.142914 0.407498 -0.00171923 0.198085 -0.267685 -0.267433 -0.427456 -0.419171 
0.260071 0.0234781 0.126583 0.1805 -0.17309 0.0687862 0.244405 -0.198328 -0.00830809 0.383841 0.31669 0.27209 -0.111022 0.41404 1.02798 0.14614 
-0.210784 -0.133368 0.307344 0.243955 0.107549 0.343532 0.339619 0.426014 0.0955569 -0.165578 0.184114 0.3797 0.00075552 -0.00262686 0.62246 0.0213266 
-0.19546 0.102834 -0.142605 -0.349623 0.206434 -0.0966453 0.226299 0.0109324 0.733746 0.339137 0.111163 0.144693 -0.181053 0.108056 0.087048 0.0160423 
0.18029 0.237337 -0.538573 0.0329844 0.43117 0.354109 -0.162963 0.261749 0.134919 0.180317 -0.262456 0.191432 -0.381526 0.42077 -0.136994 -0.0275293 
-0.233766 -0.0440406 -0.114302 0.506441 -0.53566 0.133052 0.266452 0.185068 0.352042 0.0598127 0.511772 0.28656 0.456563 0.263095 -0.343221 0.291423 
0.532972 0.306388 0.100447 0.295723 0.0631904 -0.0701207 -0.420512 0.0408006 0.0802238 -0.128307 0.225535 0.27576 0.0840634 -0.29451 0.140326 -0.534445 
0.0408781 -0.381795 -0.537126 0.00114662 0.291382 -0.337587 0.42653 -0.19542 0.264546 -0.281604 0.473248 0.260878 -0.180853 0.0210435 0.446655 -0.473691 
-0.0992257 0.514455 0.148714 -0.388514 -0.218567 -0.322392 0.505478 -0.0953601 0.166618 -0.17837 -0.294188 0.389676 -0.225316 0.221422 -0.282142 0.374239 
-0.0279632 0.126895 -0.38014 0.859489 0.0946949 0.414581 0.529378 0.0749643 -0.508767 -0.302196 -0.342896 -0.0473056 -0.597229 -0.0712521 0.137785 -0.130459 
-0.0460306 -0.319644 -0.381598 -0.251055 0.362658 0.0115462 -0.341812 0.288433 0.0788366 0.226411 0.226259 0.0836665 -0.455338 0.0766435 -0.21656 0.370844 
pop 7 layer 2
dims 4 16
-0.145304 0.0415055 0.178658 0.60535 0.443922 0.25684 0.0496769 0.167635 -0.100758 0.164082 -0.00607504 -0.321837 -0.256785 0.090176 -0.0114473 -0.239728 
0.00133453 0.074338 -0.289176 0.046559 0.507764 -0.0156049 0.0732848 0.0375861 0.294291 -0.688033 -0.227023 -0.00111232 0.637821 -0.174781 0.302837 -0.467662 
-0.0773127 0.18256 0.134892 0.419898 -0.061749 -0.389531 0.121575 -0.722966 0.314678 0.0731905 0.104992 0.20227 -0.424263 -0.42131 0.17301 0.377892 
-0.0946129 -0.143304 0.0585621 0.169548 0.537556 -0.636544 0.271435 -0.0914769 0.304563 -0.137043 0.16987 -0.0682649 -0.208876 -0.304697 -0.451434 0.611853 
pop 8 layer 0
dims 16 5
-0.0784549 -0.252649 -0.00224153 0.476599 0.0552857 
0.229966 0.370755 0.108743 0.257785 -0.28621 
-0.25891 0.279909 -0.0590653 0.510927 0.378048 
-0.190524 0.459477 -0.12465 0.0770186 -0.0119038 
-0.0129132 0.222804 -0.180232 -0.178958 0.0272754 
-0.0996898 0.251609 -0.204025 -0.217969 -0.366456 
0.168797 0.123846 -0.272168 -0.0788146 0.0284433 
-0.0379731 -0.247617 0.0525291 -0.281135 -0.00288889 
-0.395429 -0.259998 0.0218197 0.0490653 0.162644 
0.161209 0.150425 0.0895321 -0.378041 -0.484923 
-0.0655533 -0.229432 -0.508457 0.646378 0.288017 
-0.320966 0.211825 -0.440734 0.0826852 -0.0113017 
-0.182389 -0.034604 0.0496945 -0.221906 0.296544 
0.0627873 0.615359 -0.394685 -0.0296771 -0.0734364 
-0.0646954 0.197397 -0.0718754 0.334483 -0.173536 
0.0239427 -0.296595 -0.215683 -0.27938 -0.901092 
pop 8 layer 1
dims 16 16
0.0237797 0.0104552 0.166595 0.205084 -0.370628 0.209949 -0.447017 -0.44216 -0.0596516 -0.361098 -0.410987 0.343391 -0.440703 0.564365 -0.461168 0.170662 
0.107803 -0.676938 -0.398331 -0.182502 0.0171819 0.136443 -0.135969 0.443086 -0.316431 -0.155185 -0.381869 -0.190404 0.280226 0.0922835 0.420446 -0.177041 
-0.205316 -0.138901 -0.252011 -0.0139807 0.192278 -0.202927 0.12972 0.308624 0.412464 0.236009 0.131643 -0.00960532 -0.069678 -0.342324 -0.0723084 0.104941 
-0.165336 0.292832 -0.173161 0.29463 -0.107342 -0.385409 -0.788732 0.0113551 0.240232 0.0347781 -0.362473 -0.527452 -0.280714 -0.116051 -0.0827409 0.355497 
-0.124507 0.0464693 -0.407606 0.334021 0.0316514 0.523856 0.185163 -0.384891 0.271508 -0.441822 -0.0277381 0.0984356 0.187175 0.600491 0.0184653 0.491907 
0.122039 -0.254843 0.154958 0.0222972 0.206494 -0.119962 -0.0803137 -0.477603 0.0649455 0.385007 -0.0944671 0.111798 -0.215032 -0.223095 -0.158486 -0.230897 
0.259132 -0.108541 0.1609 0.205958 -0.362864 0.252027 0.115515 -0.109389 -0.0114157 0.381944 0.0835343 0.195836 -0.311697 0.126889 0.704455 0.0992278 
0.0139013 -0.275911 0.240386 0.198098 0.0776909 0.211168 0.0716318 0.321623 0.0210883 -0.329814 -0.0551049 -0.0822423 -0.0216827 0.0771851 0.412748 -0.00995994 
-0.419949 0.0967945 0.0830067 -0.419239 0.280844 -0.17603 0.0214755 -0.014935 0.709771 0.247823 -0.207152 0.124245 -0.100547 -0.133232 0.268237 0.0575901 
-0.0757188 0.273247 -0.416806 -0.0483743 0.586134 0.243253 -0.376482 0.412674 0.0774951 0.250557 -0.230112 -0.0724048 -0.59464 0.587993 -0.373274 -0.047058 
0.0695067 0.160537 -0.162582 0.616604 -0.280543 -0.0292897 0.226773 0.0874337 0.0472249 -0.139564 0.369034 0.146866 0.441182 0.0395198 -0.234967 0.278486 
0.12055 0.107994 0.0928682 0.0991834 0.0874656 0.0661007 -0.539822 -0.126977 0.22197 -0.140158 0.0394219 0.0418921 -0.0203794 -0.0257865 0.150934 -0.43232 
0.322233 -0.569964 -0.455681 0.461599 0.323956 -0.380512 0.168521 -0.146546 -0.0536115 -0.29903 0.711024 0.372313 -0.131814 0.0565707 0.381485 -0.379217 
0.107911 0.421107 0.31027 -0.364061 -0.186702 -0.0298714 0.334563 -0.0757898 0.107529 -0.142499 -0.0569128 0.154097 -0.557089 -0.0256324 -0.31872 0.240716 
0.165905 0.0894827 -0.47336 0.734985 0.0192816 0.427946 0.474774 -0.234196 -0.235037 -0.267723 -0.232543 -0.0496487 -0.318788 -0.105707 -0.104949 -0.350522 
0.290816 -0.296122 -0.224291 -0.195858 0.390909 0.145855 -0.414103 0.180973 0.0255085 0.348928 0.234573 0.163341 -0.286555 -0.182574 -0.283795 0.287027 
pop 8 layer 2
dims 4 16
-0.262181 0.154348 -0.0459204 0.367919 0.537433 0.05818 0.260006 0.231164 -0.190208 0.0158964 -0.0646382 -0.302654 -0.0278727 0.212876 0.0380956 -0.114677 
0.0444573 0.0664866 -0.180624 -0.0061571 0.489439 0.0735675 -0.0745505 -0.0172366 0.444881 -0.319116 0.136625 0.238896 0.577711 -0.0405243 0.0979081 -0.199624 
-0.129655 0.210094 0.261994 0.74518 -0.169168 -0.320722 0.14609 -0.475342 0.465657 0.0377303 -0.0543878 0.268797 -0.395973 -0.58286 0.187942 0.48142 
-0.256352 -0.205439 0.100001 0.000132448 0.28881 -0.567809 0.312478 -0.103584 0.144266 -0.111615 0.144543 0.0429587 0.177319 -0.467187 -0.040632 0.471821 
pop 9 layer 0
dims 16 5
0.0860313 -0.190169 0.226693 0.497204 0.188251 
0.291843 0.145051 -0.0747539 0.395839 -0.414761 
-0.15793 0.324138 0.067621 0.309131 0.221588 
0.160147 0.106193 0.210949 0.164256 -0.135294 
-0.121532 0.142028 -0.337972 -0.132899 0.102655 
0.173181 0.176169 0.0604511 -0.166049 0.0274887 
0.274554 0.0220829 0.189004 0.24314 0.125523 
0.111358 -0.0621088 -0.0755459 -0.42953 -0.175366 
-0.426122 -0.21004 0.29555 0.0325348 -0.0151164 
0.171453 0.082084 -0.238027 -0.231347 -0.291372 
-0.123791 -0.215218 -0.706397 0.299625 -0.125822 
0.0270279 0.424146 -0.258035 -0.0494645 0.115682 
-0.113557 0.0510299 0.133899 -0.0532974 0.276079 
-0.169693 0.438531 -0.0783908 0.323719 -0.137667 
0.0739012 0.0879628 -0.33478 0.145202 -0.00420135 
0.443587 -0.0990742 -0.191417 -0.0263601 -0.682394 
pop 9 layer 1
dims 16 16
0.434585 -0.282909 -0.203655 -0.22853 -0.303442 -0.0220898 -0.363952 -0.464761 0.374836 -0.260308 -0.492584 0.295966 -0.647988 0.333107 0.0117104 -0.238057 
0.324517 -0.105072 -0.122928 -0.0980292 0.0566792 0.0575333 -0.0159669 0.467085 -0.363811 -0.227344 -0.516379 -0.0436569 0.666097 0.490224 0.237493 -0.140855 
-0.475073 0.1471 -0.238587 -0.128456 -0.0274215 -0.0179246 0.286388 0.495853 0.479195 0.292992 0.0462962 -0.0457449 0.354575 0.111266 -0.371153 -0.0268661 
0.0386542 -0.0629151 0.0454106 0.239166 -0.057446 -0.0501148 -0.676542 -0.190626 -0.269329 0.101926 -0.122507 -0.414087 0.162363 -0.0417342 0.216754 0.356997 
0.120556 0.187928 -0.0539167 0.0750706 0.0334073 0.0691665 -0.186532 -0.0371639 0.0157328 0.0681614 -0.383828 0.288926 0.0330999 0.520822 -0.177089 0.55087 
-0.105046 -0.332533 0.470879 0.21462 0.0216556 0.0739347 0.0572772 -0.487104 -0.0943005 0.181858 0.148736 0.0172215 -0.861965 -0.74944 -0.118975 -0.0590054 
0.273633 -0.00872925 -0.0330331 0.176443 -0.348384 0.0397818 -0.48194 -0.0808891 -0.188022 -0.267652 -0.0946666 0.0329793 -0.231352 0.107232 0.287269 0.232773 
-0.36104 0.501355 0.273115 0.336036 0.529013 0.125273 0.62596 0.752472 0.0514412 -0.182311 0.323127 -0.156998 0.310916 0.177582 0.193967 -0.0125834 
-0.445595 -0.0341138 -0.328495 -0.666977 0.437146 0.383156 0.0661015 -0.00787258 0.843764 0.473512 0.124324 -0.156133 0.247742 -0.232991 -0.0466308 -0.053545 
-0.533289 -0.0219718 -0.435677 -0.331869 0.327151 0.475648 -0.813101 0.592642 -0.162676 -0.148501 -0.171751 -0.151258 -0.137039 0.227465 -0.347818 -0.187745 
-0.266094 -0.436149 -0.464315 0.450194 -0.355868 0.172054 0.327391 -0.139635 0.420179 0.382857 0.41008 0.125941 0.372499 0.240468 -0.444872 0.713358 
0.569519 0.450294 0.573404 0.487927 -0.223492 0.0512872 -0.299291 -0.368121 0.11338 0.150785 -0.0151725 0.398891 0.112032 0.00368849 0.190656 -0.576483 
0.478363 -0.686419 -0.387752 0.229581 -0.105028 0.372819 0.201968 -0.469636 -0.0462841 -0.188818 0.728821 0.364678 0.15137 0.0905601 0.100814 -0.312414 
-0.589936 0.49952 0.0663047 -0.150192 -0.295028 0.0853054 0.374962 0.468526 0.504266 0.0626316 -0.299575 0.865681 -0.340771 -0.0200818 -0.150735 0.395598 
-0.242368 -0.391205 -0.16174 0.329549 0.269025 0.264087 0.545438 -0.432049 -0.532566 -0.38468 -0.310613 0.179574 -0.545272 0.0160218 0.306296 0.00776674 
0.192854 -0.157389 -0.0499498 -0.081533 0.378494 0.289195 -0.654757 -0.0153814 0.217283 0.0695143 0.192102 0.169362 -0.285006 0.0522647 -0.222105 0.585049 
pop 9 layer 2
dims 4 16
0.349982 0.395227 0.180646 0.477802 0.351626 -0.0871905 -0.0904099 0.229944 -0.164587 0.00152069 -0.0973569 -0.119416 -0.0561708 0.183181 -0.418939 -0.164075 
0.466901 -0.117888 0.104265 -0.124666 0.289461 -0.207733 0.406663 0.139144 0.240296 -0.475321 -0.191762 -0.0598214 0.608944 -0.13267 0.138527 -0.315207 
-0.300904 0.382736 0.412985 0.390357 0.0104111 -0.456539 -0.117887 -0.680658 0.0169935 -0.0884438 0.270612 -0.221811 -0.204988 -0.859988 0.25163 0.200467 
0.0259415 0.293576 0.145426 -0.186681 0.495548 -0.561712 0.542369 -0.021519 0.0446028 -0.0248545 0.0908382 -0.0812211 0.192768 -0.574556 -0.261845 0.536032 
vWeights_end
generator 3091957461 964910215 3647234094 1471612654 1208002408 3380695862 4275609068 834888345 4027849616 217413660 2867255279 3209346803 2861370174 3216385872 4121744733 241002107 459007674 1505079764 4273048606 3542035448 3105007357 426150153 734945720 708741278 3247208366 2045658246 71179242 3419673327 2798660952 2614868726 3270521729 895416581 4180270188 3741470013 339487286 1654590712 1109157009 2796937141 3493400753 1986331511 4086504924 620742967 28314126 3963991857 2368145549 3312667178 2532383655 3229844009 1915524500 3241410240 2247782666 3683481620 86770229 1608661824 1416808549 37062221 701709553 2745899701 2101340884 1014444443 1802004275 387727762 767786466 2694746041 2716936546 2560575849 941957803 3494409445 2437822029 1836480730 3359713948 1139315803 1544603974 3952978313 402773591 270786939 1505536202 3424130640 247670529 1953291140 2183987655 2057734240 113962605 3210514737 1440145086 3855772546 920243997 211449656 2462414545 240497560 2547607551 128059165 139473084 3469017393 4242419219 2474358435 174350514 4102300412 1068801948 701276423 4138763827 3655170701 3440470331 3878215763 2052735762 3394261874 2333018012 194096993 3381697549 944760245 233223290 2732272354 2235941785 1822264807 3607292759 3393029598 3972826060 199670275 4289618206 2782056449 161141788 3352651939 1293729098 169786925 586937962 1102510294 207402141 4054062639 3941932541 3898966316 1798355766 3148665412 1347411963 2001105364 1353711363 2338839598 2949186241 2786899975 2048612929 3106184038 2814148271 1202838815 914724490 3781663041 2690159826 969339224 1762323765 1312252794 2883202288 4241628710 752518258 320655791 2465266736 2720393456 3274677861 3100044669 3189736998 774195319 2468556693 1655903893 2650804678 282994607 3102543862 2999043464 3631040474 698148728 1295019639 1211130747 2781779697 660979054 1849410352 3082425427 4146682725 940968200 1733751588 1114520548 329508642 1548186705 1137777789 523951024 23855695 3605870761 2327870724 960314397 1084420912 1293679683 2421683401 1692683103 1233800017 3075641949 3150940457 3373495703 320959718 3527281332 33408287 2514892637 2202732154 518698748 4231411210 1880043199 630478525 725227270 2661949714 1472426877 879869302 2027434758 2441475366 4252155703 363401554 2958366413 3574124667 143572796 1581248381 4263765134 3954686348 1225787832 3007835466 814129914 1694153052 807801143 3697877575 329180871 1561593763 1094156168 1737167498 3248623037 2917731788 2382121254 2990195112 347953181 2325455686 671409274 1129534261 3365803899 4091473660 1984208253 2283880786 3809149070 3625026074 1569256687 473478858 520655297 1275470831 3885183741 2723625934 516303668 3865790466 2347483568 4272922595 4087375032 516918118 841669192 381670480 1124096083 4035055735 918772921 1052780277 1219258349 3444928650 803462041 2358057685 1663989664 209184218 2026960526 2525137763 945699559 1308073555 2934543232 4042092540 2187582740 2640315191 1966933332 3123835972 1296625016 1566593559 3401902694 3432827243 2398167825 2870778366 1475738943 3069814734 308440582 123314130 3581387877 1841644985 2240189053 2577313434 4176122951 4106329488 3831218525 3930078805 1199209806 1053798236 2144210821 2950547086 1735799250 3115200469 3269830416 73456367 1763958090 40535850 117342318 3919465798 733189649 128046194 1728213218 2711201877 3362653040 1842537118 3334303430 127101971 3471086560 3656401686 3318087620 967295155 960816171 2148131312 197505595 1791547676 824593194 1260731067 1728052660 4110734686 1528609217 1597609590 1155770268 2075721989 450210537 1458613486 3930565424 3341608127 3922575284 922677193 681947490 3800456000 1693746026 1853284881 1158663863 884579611 3752228671 38461419 3552886483 329504691 3675218878 2110337777 3174398561 2855674692 3815438811 1211618724 456731379 681528303 3108391591 2181535352 3552637692 1291651272 3314376209 749234392 2760654253 2769617136 2060273431 1180140137 1715426203 1641740343 1330598354 3391542684 2920669944 1926844678 3899716766 3730160023 2952863857 2557219213 1705100367 2381381627 2485171240 1618557514 2031940579 1206617526 2905253754 2961126791 3893230198 628574303 105457060 3599014225 1385634516 808513324 3360608810 2964015723 1360639744 2488832181 128158225 1109066552 1330137509 1843022134 3823869110 188567098 443433565 3671204691 1146036788 3310367692 3824444085 767167456 1366808853 2507298154 847461778 1222472675 3693456532 1002501909 252687564 3986154748 2606579966 3352368617 552300009 3743417026 2215129780 2398047283 2176797301 3561766898 960490360 2610818032 2845651348 3596824928 464098707 1260978151 3462470099 532410985 935393353 289637083 2640748030 2434491559 1606282612 1864046403 3495093898 2722375741 2930399334 4205877496 2991896193 2984575199 3874441110 3052234565 565307292 441682504 2537132661 190952867 1692175508 2196517194 2319172931 1838001626 4002293494 1564743688 2675788607 1900964712 4244967137 1967542426 1487249077 2481703758 1136729135 3690394723 2777558658 2819771277 2610708948 2457220276 3597459885 4266947831 3232290351 971860865 3698166193 610899697 3333960130 1930115436 642723394 2991138905 1532823921 1446753781 1685816439 3174755081 1089189884 3807187341 1545663100 2360158948 3805993791 500322721 3098253407 436405298 668888405 3012948094 1632541098 985705816 3303683036 3594218572 2285415358 3889591194 1679267600 2833146072 2722514249 1713585461 472539332 4196902664 4047508794 4190558149 3414804397 368238002 2517874037 2408641350 175452709 1914726107 396760148 3519446227 2918303169 1925787898 1067016405 375412956 1872588696 929849809 689354071 3564074384 682820712 470334110 751218489 463510772 1375830270 4088254971 250652430 865368301 152513110 3956316042 2146519967 2243953812 754113308 2585228214 4257924221 1083451987 602412581 301018610 949201115 306210596 3269533446 2189611672 342782112 419695546 2540297377 2581401755 117897182 770599060 2578744098 1180731862 869064714 4009206475 3681928626 298544220 3982545345 81600823 4110371194 3993155930 244875021 823591833 3339650763 2955549003 3906251813 2261613294 1927596671 1345576841 1743081001 1712062454 57014125 1709157293 1802026262 746396403 3612590299 1405019793 3840579331 279522381 4154664084 3001080680 2997435066 834215880 4269409129 69628094 1226744446 2884363863 351918071 955576238 2364087941 436382539 4264087191 3556921671 1969147822 822170089 2870688480 1725631769 1609836668 45541058 2466255140 4170268069 3167353132 3632044839 3565316854 1861716912 1471594736 3608137160 2070258521 1426694022 789129078 2264683315 3499461694 3137341963 3331900068 1043687107 1623588155 1411513478 3714458298 2187216521 3067882937 225178492 2867986066 2057056520 2040875320 2978360030 1087407601 2517194118 3035453600 1221955238 3263158807 2729911423 536826086
