sName lunar_lander
version 1
nEpochs 6000
nPopSize 100
nTop 10
act 1
populationStrategy 2
randomInjectionRatio 0.35
nLayers 4
vSize 5 16 16 4 
vBiases_start
pop 0 layer 0
dims 16 1
-0.335616 
0.221998 
-0.34385 
0.0366553 
0.408338 
-0.188896 
0.0640111 
0.0296134 
-0.00305621 
-0.00899896 
0.00109449 
-0.0672006 
-0.273275 
-0.0570461 
-0.197358 
0.322461 
pop 0 layer 1
dims 16 1
-0.371067 
-0.0350423 
-0.525263 
0.181733 
0.114162 
0.123133 
-0.00799495 
0.66245 
0.0339452 
0.0171038 
0.390637 
0.535677 
0.230618 
0.0161155 
-0.0109757 
0.0616349 
pop 0 layer 2
dims 4 1
-0.242182 
0.174554 
0.169893 
0.0642719 
pop 1 layer 0
dims 16 1
-0.0977012 
0.0462228 
-0.594856 
-0.525415 
0.0306169 
-0.269177 
-0.115985 
0.142613 
-0.0145799 
0.118794 
-0.0464683 
-0.059545 
-0.117977 
-0.100779 
-0.227386 
0.295853 
pop 1 layer 1
dims 16 1
0.0258226 
-0.415255 
-0.301693 
0.202309 
0.0207973 
0.181452 
0.190072 
0.417956 
0.293736 
0.255403 
0.336625 
0.252464 
0.228715 
-0.00985623 
-0.123935 
-0.0260421 
pop 1 layer 2
dims 4 1
-0.285091 
0.220186 
0.106142 
0.00108877 
pop 2 layer 0
dims 16 1
-0.158952 
0.093212 
-0.703924 
-0.393711 
-0.0684328 
-0.17616 
-0.130533 
0.127213 
-0.208472 
0.000678987 
0.117711 
-0.0264445 
-0.121754 
-0.217741 
-0.242778 
0.416068 
pop 2 layer 1
dims 16 1
0.00133128 
-0.469136 
-0.408544 
0.32172 
0.00125136 
0.110138 
-0.122717 
0.321768 
0.134647 
0.193884 
0.0683382 
0.111831 
0.511909 
-0.0759025 
-0.114649 
-0.0551074 
pop 2 layer 2
dims 4 1
-0.367806 
0.151228 
0.144639 
0.127119 
pop 3 layer 0
dims 16 1
-0.282425 
0.293871 
-0.380598 
-0.222798 
0.259716 
-0.103125 
0.00263238 
0.0913288 
-0.330934 
0.130994 
0.171875 
-0.204242 
-0.222812 
0.15103 
-0.16173 
0.30463 
pop 3 layer 1
dims 16 1
-0.26984 
0.066132 
-0.424554 
0.0365164 
0.060897 
0.298021 
0.164704 
0.468461 
0.130649 
-0.155075 
0.264376 
0.33156 
0.258669 
-0.138727 
0.0158561 
-0.117245 
pop 3 layer 2
dims 4 1
-0.223723 
-0.0869637 
0.0189011 
0.204207 
pop 4 layer 0
dims 16 1
-0.0384192 
0.139823 
-0.585666 
-0.390955 
-0.00834712 
-0.289212 
0.0162416 
0.134561 
-0.160753 
0.0871702 
0.208375 
0.0453095 
-0.224854 
-0.219017 
-0.28438 
0.331867 
pop 4 layer 1
dims 16 1
-0.0729396 
-0.462027 
-0.271391 
0.364141 
-0.121889 
0.328414 
0.0237832 
0.345323 
0.0687381 
0.156158 
0.0565033 
0.23719 
0.383956 
-0.0114207 
-0.0798648 
-0.122371 
pop 4 layer 2
dims 4 1
-0.317684 
0.253641 
0.257714 
0.159817 
pop 5 layer 0
dims 16 1
-0.158973 
0.380835 
-0.325931 
-0.265733 
-0.00426075 
-0.130124 
-0.0484709 
-0.0785857 
0.0398346 
0.164636 
0.0506547 
0.0398529 
-0.208277 
-0.0229463 
-0.365374 
0.265552 
pop 5 layer 1
dims 16 1
-0.247751 
-0.493213 
0.0661092 
0.399373 
-0.114345 
0.151104 
0.385899 
0.609156 
0.185359 
0.364672 
0.142181 
0.785346 
0.221871 
0.0729134 
-0.303164 
-0.00259486 
pop 5 layer 2
dims 4 1
-0.414332 
-0.0347618 
-0.166204 
0.0796073 
pop 6 layer 0
dims 16 1
-0.252622 
0.214716 
-0.358913 
-0.153274 
0.282231 
-0.239852 
0.0636003 
0.0765025 
-0.471488 
0.126965 
0.148464 
-0.373489 
-0.253914 
-0.0330017 
-0.0970308 
0.501044 
pop 6 layer 1
dims 16 1
-0.51533 
-0.0925403 
-0.299839 
0.329498 
0.165594 
0.0397544 
0.357496 
0.522192 
0.221947 
-0.0800976 
0.507503 
0.317387 
0.159643 
0.0279805 
-0.274617 
-0.0158988 
pop 6 layer 2
dims 4 1
-0.244079 
0.0579894 
0.043531 
0.200026 
pop 7 layer 0
dims 16 1
-0.361274 
0.0860456 
-0.302822 
-0.14947 
0.100402 
-0.214551 
3.88294e-05 
0.188418 
-0.0487666 
0.0225462 
-0.127983 
-0.37033 
-0.216771 
0.108695 
-0.130555 
0.314215 
pop 7 layer 1
dims 16 1
-0.346711 
0.15209 
-0.331561 
0.21091 
0.0838753 
0.133391 
0.113173 
0.612293 
0.184607 
-0.156664 
0.25208 
0.492328 
0.354456 
-0.0593297 
-0.127411 
-0.013421 
pop 7 layer 2
dims 4 1
-0.310281 
0.0652785 
0.0721512 
0.066456 
pop 8 layer 0
dims 16 1
-0.161485 
0.218953 
-0.496505 
-0.486571 
0.083141 
-0.267859 
-0.0159982 
0.150637 
-0.104208 
0.102216 
0.118096 
-0.114157 
-0.212395 
-0.0949266 
-0.263151 
0.270707 
pop 8 layer 1
dims 16 1
-0.0717407 
-0.452213 
-0.295232 
0.240578 
-0.0576734 
0.206569 
0.189318 
0.407898 
0.145089 
0.263097 
0.273916 
0.369294 
0.182351 
0.103632 
-0.253812 
-0.0274314 
pop 8 layer 2
dims 4 1
-0.292369 
0.208547 
0.226721 
0.0387248 
pop 9 layer 0
dims 16 1
-0.240472 
0.0667008 
-0.151261 
-0.156785 
0.141667 
-0.18873 
-0.100346 
0.168563 
-0.346154 
0.156632 
0.0201051 
-0.213229 
-0.0982715 
0.191812 
-0.0542006 
0.300215 
pop 9 layer 1
dims 16 1
-0.382654 
-0.00959808 
-0.492814 
0.182944 
0.110703 
0.0456753 
0.140652 
0.689632 
0.224697 
-0.0179439 
0.337237 
0.451829 
0.169688 
-0.152015 
-0.0188831 
-0.150232 
pop 9 layer 2
dims 4 1
-0.435831 
0.102422 
0.0938095 
-0.0397875 
vBiases_end
vWeights_start
pop 0 layer 0
dims 16 5
0.172761 -0.330854 -0.118941 0.369337 0.0507028 
0.196274 0.336051 -0.154505 0.248547 -0.161655 
-0.391132 0.173291 -0.336991 0.537782 0.332027 
0.109329 0.234311 0.285958 -0.0227461 -0.184861 
-0.221765 0.164332 0.034105 -0.318281 -0.0967601 
-0.0854765 0.0421562 -0.222374 -0.526913 -0.263335 
-0.00610574 0.18847 -0.229942 0.124809 0.0573132 
-0.0352201 -0.00818169 -0.0233047 -0.0584879 0.157621 
-0.286007 0.0443104 0.0277052 0.0690522 0.135243 
0.118239 -0.0529005 -0.0109394 -0.0762671 -0.400177 
-0.0935494 -0.370239 -0.646917 0.450575 0.201911 
-0.0884091 0.236021 -0.278174 0.193942 -0.0946624 
-0.0539286 -0.148403 0.0189514 -0.103062 0.00345847 
-0.106165 0.901005 -0.124203 0.0302685 0.288032 
-0.0556136 0.220539 -0.016357 0.330804 -0.164202 
-0.284187 -0.166995 -0.289405 -0.145721 -1.05686 
pop 0 layer 1
dims 16 16
0.260392 0.0484581 0.100263 0.0795938 -0.20009 0.338226 -0.453028 0.00146913 0.252189 -0.246457 -0.416724 0.0869106 -0.4837 0.483459 -0.0879892 0.344957 
-0.225843 -0.712941 -0.342134 -0.350139 0.0819119 0.16809 -0.0800459 0.271916 -0.40348 -0.119935 -0.387067 -0.042418 0.158284 0.340585 0.262971 -0.0580348 
-0.19218 0.155463 -0.238134 -0.228527 0.0778913 -0.140396 0.324266 0.0146504 0.295816 0.00697418 0.153172 0.253806 0.24586 -0.17462 -0.202371 0.252507 
0.114947 0.25192 -0.0135357 0.340727 0.216638 0.0809015 -0.744361 0.0466135 0.303413 0.199688 -0.266785 -0.303939 -0.0510805 -0.132962 -0.11988 0.167265 
-0.0889039 0.203986 -0.251792 0.192922 -0.117999 0.507071 -0.0499988 -0.348142 0.184709 -0.236356 -0.048364 0.118219 -0.0240539 0.437085 0.181437 0.233558 
0.0295242 -0.231932 0.322536 0.040806 0.446832 -0.0681921 0.0720864 -0.530976 0.0561949 0.438866 -0.181733 0.252337 -0.362434 -0.111087 -0.455569 -0.126156 
0.153642 -0.0669472 0.166326 0.503618 -0.194435 0.0448546 0.150045 0.0761366 -0.0208191 0.409988 0.341732 0.0403981 -0.116009 0.115925 0.553729 0.249283 
-0.0919476 -0.0292769 -0.0151868 0.120403 0.284983 0.408227 0.230288 0.304162 -0.17189 -0.140565 0.0585688 0.094624 -0.0744863 0.0269645 0.308118 -0.0743069 
-0.337999 0.0607475 0.43501 -0.330442 0.271046 -0.0762822 0.173118 -0.235591 0.719187 0.245516 0.0606183 0.330867 -0.0283403 -0.341381 -0.183969 0.153647 
-0.204691 0.0471727 -0.162556 -0.424159 0.166372 0.235079 -0.456837 0.221387 -0.044275 0.0753842 -0.282324 0.128615 -0.31753 0.252003 -0.057191 -0.110017 
-0.0762595 0.271372 -0.0813237 0.402978 -0.423886 0.125445 0.223676 0.119043 0.443426 0.229063 0.687628 0.322035 0.302286 -0.0462123 -0.464148 0.221146 
0.333639 0.177055 0.357607 0.260954 0.000307739 0.000506944 -0.414509 -0.123776 0.205923 -0.0417425 0.145142 0.0837006 0.12368 -0.0644295 0.290274 -0.432815 
0.158682 -0.663739 -0.519651 0.0753289 0.149254 -0.363935 0.280285 -0.18411 0.239635 -0.0277346 0.659525 0.29815 -0.265226 0.220022 0.0694865 -0.258117 
-0.0914005 0.471735 0.0367963 -0.243048 -0.175882 -0.225328 0.397406 0.0470398 0.0698069 -0.0228618 -0.211127 0.337004 -0.121489 0.262768 -0.230686 0.309139 
0.00115165 0.0354833 -0.376234 0.604366 0.160474 0.415914 0.593154 -0.129497 -0.184622 -0.213525 -0.451202 -0.00156163 -0.419986 0.15711 -0.0306544 0.0286738 
-0.102027 -0.129652 -0.341466 -0.260152 0.377856 -0.116063 -0.241706 0.191015 -0.0703046 0.020331 0.0458298 0.0913707 -0.413842 -0.374589 -0.313247 0.499396 
pop 0 layer 2
dims 4 16
-0.147052 0.192347 0.0383632 0.481463 0.275973 0.0887969 -0.137452 0.350881 -0.12037 -0.1157 0.119317 -0.0698706 -0.199241 0.403237 -0.228115 0.00278874 
0.389749 0.0591208 -0.0372904 -0.0507 0.205765 -0.269377 0.0198571 0.156644 0.278368 -0.376673 -0.240253 0.202044 0.439289 -0.147123 -0.0174463 -0.54343 
-0.12619 0.256588 0.227957 0.809798 0.356694 -0.379711 -0.162722 -0.409383 0.323877 -0.263416 0.10176 -0.131825 -0.135775 -0.689603 0.364047 0.388062 
-0.0635837 0.140779 -0.0144998 -0.148384 0.495162 -0.479018 0.326667 -0.0646201 -0.034513 0.024028 0.007395 -0.136823 0.473465 -0.481461 -0.622755 0.225713 
pop 1 layer 0
dims 16 5
-0.247749 -0.307467 0.0617137 0.639941 -0.267073 
0.367427 0.632787 0.110881 0.150439 -0.0221112 
-0.416586 0.362448 -0.195653 0.432401 0.266733 
-0.0343979 0.296318 -0.132154 0.000652211 0.120625 
-0.102946 0.305934 0.0589093 -0.222129 -0.243229 
-0.0910164 -0.0330624 -0.0682435 -0.129195 0.00180628 
0.290675 0.189113 0.0900902 0.200543 0.118797 
0.0239928 0.0199705 0.0120901 -0.483955 -0.326613 
-0.393737 -0.342447 0.191205 -0.0920912 0.311945 
0.0996327 0.0157871 -0.103367 -0.278985 -0.237079 
0.0165 -0.0140793 -0.593898 0.0957295 0.186656 
0.0916091 0.316002 -0.289507 0.188627 -0.0870403 
0.116819 0.216895 -0.191647 -0.0715582 0.120404 
0.189319 0.386897 -0.266501 0.308348 0.032097 
0.108071 0.145466 -0.245894 0.393917 0.101496 
0.158272 -0.335854 -0.19068 -0.258852 -0.769933 
pop 1 layer 1
dims 16 16
0.608336 -0.371613 0.079758 -0.15347 0.015768 0.252366 -0.295688 -0.403626 0.239986 -0.568788 -0.585936 0.277798 -0.363854 0.209486 -0.285298 0.0757298 
0.247332 0.160794 -0.146727 -0.0729838 -0.147453 0.249307 -0.129186 0.64768 -0.248848 0.0523928 -0.558279 -0.111606 0.433004 0.429584 0.451754 -0.0297057 
-0.416756 -0.163444 -0.185289 -0.0155497 -0.202478 -0.282343 0.132903 0.465286 0.393877 0.266612 0.0308111 0.104333 0.0855508 -0.112648 -0.299694 0.178121 
-0.00981537 0.0925759 -0.0771579 0.378855 -0.0867652 0.0862137 -0.765663 0.11015 -0.164026 0.150889 -0.373497 -0.3807 0.0733516 -0.423275 0.262765 0.352237 
0.253207 0.02868 0.0029905 0.0377818 -0.232302 -0.29059 0.182394 -0.112131 0.123257 -0.0117728 -0.22608 0.33278 -0.171483 0.478001 -0.0315688 0.466101 
0.0220083 -0.285703 0.505302 0.275059 -0.0697936 -0.0267418 -0.305482 -0.620678 -0.208493 0.480574 0.121421 -0.0300817 -0.651861 -0.581329 0.0399875 0.0926082 
0.0162284 0.0532713 0.102424 0.18322 -0.157247 -0.237965 -0.346408 -0.215331 -0.308468 -0.11411 0.0168024 0.0879293 -0.344844 0.0568732 0.475006 -0.0153408 
-0.0664069 0.390821 0.125479 0.41701 0.607645 0.252175 0.342843 0.781108 -0.246228 -0.143532 0.140074 -0.388593 0.176422 0.307235 0.0590281 0.198576 
-0.392322 -0.0257402 0.216153 -0.184937 0.352343 0.234972 -0.0841299 -0.208935 0.415519 0.282245 -0.210479 -0.00890782 -0.136629 -0.150067 0.14549 0.0817265 
-0.566726 0.0167003 -0.266234 -0.038363 0.301729 -0.0168732 -0.721351 0.493984 -0.0297089 -0.116892 -0.16459 0.0753421 -0.312085 0.298512 -0.130017 -0.389886 
0.0424866 -0.381379 -0.4908 0.664539 -0.230378 0.397669 0.480487 -0.158567 0.553636 0.303405 0.643235 0.185249 0.323602 0.262683 -0.644054 0.282756 
0.479658 0.165014 0.302931 -0.0158162 0.0905748 -0.130501 -0.309323 0.100202 0.119258 -0.042979 0.0994587 0.281436 0.066822 0.0287672 0.29182 -0.616396 
0.0813637 -0.628252 -0.0972081 -0.0728469 0.0833715 0.196468 0.187346 -0.145341 -0.223699 -0.202743 0.900755 0.202085 -0.0871915 -0.28083 0.386766 -0.554722 
-0.365461 0.734781 0.0683843 -0.183519 -0.146032 -0.0545172 0.33455 0.308738 0.698371 0.142301 -0.170045 0.464772 -0.245537 0.198738 -0.062355 0.543818 
-0.192157 -0.449722 -0.441193 0.154338 0.190827 0.0981017 0.446507 -0.60422 -0.579942 -0.380424 -0.345638 0.105205 -0.490529 -0.112618 0.14512 0.162339 
-0.0699432 -0.334144 -0.0501413 -0.118968 0.209335 0.167771 -0.567434 -0.120175 -0.202245 0.196144 0.349141 -0.140274 -0.119592 -0.111532 -0.236303 0.343975 
pop 1 layer 2
dims 4 16
-0.152087 0.184649 0.209248 0.367885 0.350799 0.0877968 0.151786 0.630142 -0.547354 0.0357616 -0.10541 -0.121681 -0.218587 0.303673 -0.0221877 -0.0342393 
0.290356 0.0191874 -0.361217 -0.418145 0.429319 -0.180521 0.275208 0.442056 0.20009 -0.475223 -0.355408 0.451136 0.419005 -0.158752 0.19612 -0.57627 
-0.144492 0.286729 0.425727 0.710376 0.177212 -0.640848 -0.279354 -0.504622 0.289066 -0.268109 0.12353 -0.201814 -0.379421 -0.582397 0.271668 0.289327 
-0.0890161 0.296913 -0.111204 -0.292521 0.46646 -0.325709 0.26316 -0.080121 -0.235006 0.0302567 0.244432 -0.0522477 0.15672 -0.520557 -0.341822 0.384742 
pop 2 layer 0
dims 16 5
0.0892792 -0.183124 0.0544607 0.433456 -0.0525142 
0.322106 0.63665 0.152677 0.244797 -0.0575506 
-0.523567 0.320118 -0.0453883 0.214983 0.236253 
0.0382616 0.397462 -0.110468 -0.0449105 -0.168776 
0.0257391 0.0700979 -0.133636 -0.143851 0.0267184 
-0.0778417 -0.0954512 -0.389705 0.172574 -0.107922 
0.184187 0.45265 0.0202681 0.190486 0.0336379 
-0.0669496 -0.178422 -0.0830939 -0.368857 -0.253956 
-0.363944 -0.282804 0.2827 -0.0581509 0.0859085 
0.255024 -0.0821513 -0.00996036 -0.357739 -0.183568 
-0.0278795 -0.0117496 -0.464575 0.0927714 0.115938 
0.485393 0.27587 -0.438774 -0.0443083 -0.226315 
-0.00917965 0.14553 -0.0473543 -0.13939 0.14414 
0.305475 0.0368561 -0.240189 0.151863 -0.196004 
-0.0862279 0.125568 -0.124043 0.225456 -0.0387771 
0.187181 -0.109783 -0.0366672 -0.244412 -0.714469 
pop 2 layer 1
dims 16 16
0.855405 -0.498101 0.014286 -0.0430941 0.137739 -0.0625552 -0.333373 -0.501473 0.152766 -0.5771 -0.487657 0.187984 -0.444477 -0.190167 -0.24034 -0.220118 
0.228328 -0.0203065 -0.0547396 0.0626989 0.0304796 0.33434 0.000175336 0.561837 -0.144703 -0.277243 -0.530377 0.240787 0.279501 0.540387 0.412076 0.0297165 
-0.508074 0.0380837 -0.109071 -0.00138746 0.0332637 -0.298191 0.123546 0.37475 0.28129 0.14839 0.0809305 -0.153717 0.0710544 -0.241297 -0.288471 0.0514256 
-0.0370679 -0.311479 0.0804777 0.182057 -0.0695846 -0.0271323 -0.492862 0.128406 -0.244238 0.217078 -0.383722 -0.193164 0.46896 -0.096492 -0.132254 0.342673 
-0.0473968 0.246584 -0.0569702 0.060902 -0.200538 -0.293211 0.0844514 -0.132647 0.0856759 -0.218264 0.065044 0.413916 0.0718445 0.352661 -0.130184 0.461244 
0.140921 -0.260427 0.637157 0.112437 -0.0430031 -0.122173 -0.418414 -0.523254 0.145774 0.250841 0.353881 0.0396014 -0.601052 -0.405515 0.186855 0.219303 
0.165497 0.0854413 -0.0587929 0.0773134 -0.340942 -0.289662 0.0490146 -0.329919 -0.243204 -0.304453 -0.137692 0.111258 -0.165352 0.108754 0.28716 0.145577 
-0.20549 0.67739 -0.0547955 0.262772 0.388625 -0.0813181 0.437379 0.463532 -0.0177705 -0.373655 0.219656 -0.450163 0.275968 -0.0320665 -0.00140218 -0.0941124 
-0.579184 -0.0899512 0.122892 -0.721326 0.313113 0.0580334 -0.0641254 0.112111 0.124385 0.0245368 -0.550667 -0.2266 0.215782 -0.0839957 0.0119403 -0.146321 
-0.347322 -0.108942 -0.177132 -0.220929 0.312901 0.350802 -0.688495 0.432249 0.0623544 -0.0848134 -0.154283 0.0815108 -0.208362 0.166401 -0.318708 -0.366208 
-0.041384 -0.531407 -0.66549 0.326878 -0.45031 0.187341 0.547822 -0.297901 0.424124 0.328561 0.646779 0.312464 -0.0212564 0.455524 -0.472747 0.438111 
0.257682 0.065739 0.0977427 0.184856 -0.347049 -0.269918 -0.433221 -0.0828521 0.197867 -0.166203 0.259549 0.2091 0.0777226 -0.206706 0.162904 -0.728428 
0.0708285 -0.623936 -0.0968794 -0.0472257 -0.0251434 0.181 0.362783 -0.172445 -0.281786 -0.0943638 0.909395 -0.0523107 -0.114022 0.0642649 0.454556 -0.415355 
-0.448993 0.604259 0.207361 -0.130986 -0.337066 0.387458 0.452016 0.208144 0.655091 0.0503941 0.116093 0.646152 -0.0766066 0.0479852 -0.133741 0.534443 
-0.000593201 -0.159887 -0.151323 0.19614 0.280288 -0.0853515 0.617262 -0.473074 -0.436912 -0.0201055 -0.648354 0.042714 -0.318717 -0.0826605 0.184259 0.0300886 
-0.149257 -0.2817 0.0885312 0.0551906 0.188018 0.13035 -0.794333 -0.232119 -0.0976411 0.15538 0.257966 -0.168061 0.00922214 -0.020171 -0.507799 0.411447 
pop 2 layer 2
dims 4 16
-0.263429 0.175407 0.176532 0.239947 0.391876 0.12197 0.0428942 0.62701 -0.408277 0.0306023 -0.161017 -0.206677 -0.162136 0.399866 -0.094897 0.109728 
0.373852 -0.0279081 -0.224232 -0.331762 0.24556 -0.158064 0.20958 0.424231 0.157792 -0.36947 -0.325 0.217318 0.395417 -0.00390145 0.205345 -0.254569 
-0.344963 0.183911 0.580841 0.604648 0.246035 -0.702639 -0.26049 -0.314044 0.312356 -0.141335 0.0672444 0.0553829 -0.455365 -0.698784 0.147413 0.0342073 
-0.148132 0.207549 -0.105185 -0.0714089 0.229504 -0.228345 0.226994 -0.0651241 -0.064825 0.0213779 0.0561485 -0.0272108 -0.0581208 -0.389514 -0.514975 0.572313 
pop 3 layer 0
dims 16 5
0.0165643 -0.243006 -0.043591 0.328762 -0.0177951 
0.253951 0.0168178 0.309317 0.177977 -0.210759 
-0.114262 0.208136 -0.142804 0.574676 0.386164 
-0.207713 0.476462 0.274575 0.0523517 0.00452106 
-0.111769 0.0489889 -0.223658 -0.101474 0.135841 
-0.119739 0.403692 -0.0457107 -0.546395 -0.314313 
0.202899 0.162002 -0.18673 0.317925 0.15885 
-0.0656286 -0.172557 -0.188024 -0.29897 -0.253038 
-0.519321 -0.251708 0.0936968 0.0228863 0.443451 
0.252382 0.297351 0.187385 -0.262384 -0.531884 
-0.207304 -0.138111 -0.697348 0.694569 0.148829 
-0.0765134 0.165482 -0.223207 0.133586 0.0537725 
-0.213894 -0.0564355 -0.107634 0.068591 0.172553 
-0.0564917 0.805972 -0.359391 -0.0332589 -0.0212093 
0.0803805 0.213596 -0.348263 0.118193 -0.160119 
0.0407192 -0.340297 -0.163077 -0.0351595 -0.829351 
pop 3 layer 1
dims 16 16
0.0898334 -0.0334861 0.356473 -0.0212096 -0.040177 0.434053 -0.336103 -0.29703 0.10551 -0.324109 -0.514183 0.365531 -0.262954 0.583238 -0.356012 0.425776 
-0.269109 -0.678452 -0.198334 -0.20645 -0.144952 0.0435751 -0.341297 0.339814 -0.349975 -0.173305 -0.468979 -0.0521894 0.221557 0.410533 0.479754 -0.270984 
-0.318718 -0.192446 -0.325641 -0.110715 0.121188 -0.149602 -0.0502111 0.283538 0.632707 0.432133 0.212954 0.0174539 0.0278692 -0.256258 -0.348822 0.216877 
0.0770056 0.34674 -0.0287028 0.363574 0.00912583 -0.337327 -0.562003 0.0165694 0.231946 0.14715 -0.485014 -0.641029 -0.210361 0.135998 -0.196864 0.433058 
-0.18235 0.220482 -0.408986 0.431356 0.149361 0.279487 0.0768362 -0.480615 0.185946 -0.33666 0.0790748 0.324692 0.0953779 0.546263 0.142943 0.566456 
0.115902 -0.120786 0.185914 0.128046 0.358102 -0.127515 -0.188769 -0.304486 0.0984007 0.331529 -0.141055 0.336725 -0.253799 -0.13484 -0.252719 -0.171098 
0.275909 0.0183499 0.0650439 0.232044 -0.312699 -0.0375331 0.185327 -0.281568 -0.0721576 0.320312 0.4653 0.13461 -0.281205 0.218253 0.746929 -0.100809 
-0.00527996 -0.159616 0.267987 0.249673 0.452408 0.198488 0.198642 0.285878 0.119145 -0.196705 0.167855 0.305967 -0.0979439 0.0231666 0.439537 0.157655 
-0.169741 0.0587785 0.118991 -0.496713 0.239296 -0.258741 0.125736 0.0198681 0.567063 0.0891833 0.0952599 0.293204 -0.0889949 -0.0862271 -0.00335456 0.0487126 
0.00355378 0.213563 -0.234364 -0.199391 0.553458 0.2476 -0.547981 0.303943 -0.067665 0.216358 -0.398776 0.137314 -0.191982 0.369935 -0.113656 -0.0160814 
-0.00813565 0.0437038 -0.242338 0.317192 -0.420072 0.0118261 0.508591 -0.024916 0.36641 0.182899 0.549982 0.338138 0.463877 0.0494129 -0.291964 0.348425 
0.518305 0.276335 0.215264 0.25587 0.291896 -0.127295 -0.605769 0.026685 0.162302 -0.270616 0.441127 0.300062 -0.1891 -0.200764 0.261129 -0.553476 
0.00490703 -0.447231 -0.40248 0.161505 0.101911 -0.447388 0.186538 -0.01319 0.381937 -0.111216 0.66185 0.420628 -0.231294 0.0646322 0.475184 -0.136335 
0.0503737 0.625395 0.187502 -0.369645 -0.224781 -0.216281 0.542888 -0.161035 0.152955 -0.172732 -0.439145 0.211166 -0.101929 0.201788 -0.283784 0.334413 
0.096033 0.166504 -0.352554 0.845086 0.027436 0.556503 0.633909 -0.0500387 -0.592232 -0.332523 -0.218562 0.0444376 -0.358085 -0.249979 -0.0725278 -0.126791 
0.0695464 -0.279811 -0.338125 -0.348235 0.330575 0.0562992 -0.196123 0.107549 -0.059495 0.357804 0.140071 0.254579 -0.360965 0.0980514 -0.346939 0.368227 
pop 3 layer 2
dims 4 16
-0.150494 0.20749 -0.0775633 0.338911 0.61875 0.0985041 -0.106589 0.114516 -0.362139 0.120631 -0.0294689 -0.324072 -0.255996 0.129948 0.0149589 -0.00557635 
0.161416 -0.112589 -0.266376 -0.278953 0.462845 -0.0792398 0.0966418 0.0144567 0.288125 -0.427561 -0.0493277 0.188092 0.577242 -0.138557 -0.0797118 -0.352017 
-0.136613 0.289203 0.022165 0.721937 -0.105368 -0.278393 0.142582 -0.624384 0.326513 0.0148145 -0.171445 0.153836 -0.168994 -0.501633 0.184041 0.498411 
-0.143295 -0.0525655 -0.0774132 -0.087112 0.271234 -0.695841 0.184113 -0.208454 0.122207 -0.286467 0.147479 0.0287205 -0.00473624 -0.438856 -0.462897 0.679552 
pop 4 layer 0
dims 16 5
-0.0204254 -0.255189 0.0720956 0.384217 -0.229393 
0.303817 0.487339 0.120027 0.117687 -0.148849 
-0.4962 0.378745 -0.0259926 0.278633 0.384301 
0.0283738 0.398686 0.00454433 0.0990976 -0.150491 
-0.025401 0.105874 -0.0933751 -0.196299 -0.0754068 
-0.262301 -0.114201 -0.337433 0.172917 -0.0472309 
0.310008 0.288918 -0.0524603 0.188479 0.111789 
0.0387805 -0.100673 -0.0676675 -0.52437 -0.338496 
-0.290579 -0.259124 0.348677 -0.00469426 0.180515 
0.259016 0.0106304 -0.102163 -0.354294 -0.247487 
-0.101015 0.101888 -0.577717 0.103149 0.187515 
0.470325 0.222577 -0.359999 -0.00458032 -0.271558 
-0.0769246 0.14829 -0.0829557 -0.308896 0.223535 
0.289298 0.235889 -0.202986 0.292044 -0.152532 
-0.0749308 0.115828 -0.053057 0.134765 -0.0749819 
0.243279 -0.173226 0.00656487 -0.219494 -0.722116 
pop 4 layer 1
dims 16 16
0.738609 -0.518066 -0.0363455 -0.0675974 0.0851884 0.128641 -0.388175 -0.604318 0.304828 -0.689431 -0.576027 0.329294 -0.469802 -0.0213214 -0.172569 -0.10561 
0.186206 0.0513931 -0.0591609 0.0151044 -0.0842494 0.348521 -0.0906935 0.537367 -0.223464 -0.190551 -0.579177 0.0318193 0.401795 0.459438 0.433617 -0.067769 
-0.571376 0.00032282 -0.113311 0.0256571 -0.0712538 -0.337241 0.209797 0.391537 0.458507 0.309109 -0.046854 -0.0526852 0.139391 -0.120515 -0.171132 0.137949 
-0.0484223 -0.113779 -0.100604 -0.0110164 -0.281684 -0.0236448 -0.398083 0.0950082 -0.313183 0.153841 -0.408589 -0.239237 0.276901 -0.205122 0.101072 0.402169 
0.0274386 0.254539 0.0523042 0.260721 -0.156467 -0.304132 -0.0590964 -0.180548 0.158641 -0.154481 -0.120503 0.431773 0.053629 0.613559 -0.265463 0.402864 
0.0109176 -0.273832 0.576545 0.0879759 0.0260326 -0.0727391 -0.386712 -0.42838 0.0805503 0.402987 0.365642 -0.0902451 -0.794712 -0.46273 0.0108523 0.231709 
0.0985563 0.0219357 0.0148233 0.233026 -0.365318 -0.139299 -0.0690213 -0.242519 -0.275042 -0.257078 0.0114683 0.151415 -0.330352 -0.00659525 0.362307 -0.0840149 
-0.260012 0.460421 0.109177 0.15305 0.472655 0.112756 0.26622 0.68575 -0.202411 -0.322092 0.195842 -0.398933 0.223401 0.0421385 0.0411153 -0.118891 
-0.403357 -0.0421981 0.143156 -0.555446 0.369994 0.14431 -0.0246206 -0.0690854 0.401069 0.0403593 -0.491328 -0.261474 0.0443103 -0.231768 -0.0323424 -0.0100305 
-0.567841 -0.0751346 -0.139166 -0.252134 0.248278 0.391546 -0.912336 0.588952 0.0092047 -0.20953 -0.0423654 0.0449774 -0.205377 0.26275 -0.356642 -0.355511 
-0.0650613 -0.460607 -0.626368 0.36279 -0.452694 0.041417 0.637912 -0.258017 0.566242 0.440406 0.724935 0.31299 0.186986 0.320044 -0.625358 0.4389 
0.312164 0.0753952 0.182445 0.120594 -0.105973 -0.150553 -0.44157 -0.168178 0.280077 -0.222565 0.370185 0.219744 0.22864 -0.0850989 0.308957 -0.622551 
0.19061 -0.759448 -0.102139 -0.0469869 0.043477 0.168255 0.2783 -0.0589426 -0.146823 -0.124686 0.941536 0.0787084 -0.118757 -0.0777481 0.403544 -0.594219 
-0.517563 0.512344 0.161617 -0.10292 -0.397519 0.216136 0.398071 0.265215 0.543642 0.0442058 -0.065493 0.476953 -0.0359367 0.167027 -0.0418668 0.534658 
-0.0560367 -0.300343 -0.197641 0.234334 0.0245292 0.208005 0.518838 -0.568919 -0.580371 -0.0652904 -0.481177 -0.0217833 -0.584109 -0.123825 0.155246 -0.0762544 
-0.153089 -0.256511 0.0209426 -0.0975266 0.228958 0.0898569 -0.704912 -0.0684153 -0.0476766 0.208681 0.383595 -0.0146272 -0.154829 -0.0910705 -0.441894 0.563532 
pop 4 layer 2
dims 4 16
-0.199006 0.1625 0.162176 0.393327 0.410184 0.25702 0.0928851 0.625492 -0.454982 -0.0547912 -0.177594 -0.116523 -0.245003 0.331518 -0.16872 0.110454 
0.335206 0.000683293 -0.355897 -0.33581 0.289543 -0.148697 0.179166 0.457892 0.069816 -0.485961 -0.346498 0.311326 0.516835 -0.0897712 0.0976956 -0.447098 
-0.301786 0.311035 0.414241 0.795751 0.218402 -0.734482 -0.293639 -0.449933 0.406167 -0.108224 0.019762 -0.00894528 -0.401764 -0.74929 0.060864 0.180367 
-0.0320846 0.191824 -0.121243 -0.0790853 0.331493 -0.2605 0.319478 -0.11359 -0.274314 0.00157064 0.120417 0.11942 0.0114922 -0.498518 -0.526224 0.631908 
pop 5 layer 0
dims 16 5
-0.19048 -0.374469 -0.0220925 0.534049 -0.119071 
0.0573666 0.340979 0.164998 0.161778 -0.316793 
-0.153893 0.0987792 0.0176281 0.331422 0.451787 
0.0777227 0.372965 -0.0766131 -0.00293733 0.132396 
-0.166493 0.00310072 -0.192705 -0.0765729 -0.0277166 
-0.0903639 -0.0538637 -0.252349 -0.159998 -0.25609 
0.379594 0.407499 0.0450542 0.0121239 0.0594853 
-0.0497204 -0.0551173 -0.241919 -0.254769 -0.314283 
-0.602422 -0.506149 0.249123 -0.0378152 0.133461 
0.213918 0.197381 -0.0861155 -0.415673 -0.169944 
-0.0868708 -0.212039 -0.609612 0.212627 0.15539 
0.0362209 0.303896 -0.113479 0.170956 -0.0204438 
0.0703931 -0.0490562 0.0146028 -0.183098 0.201876 
0.0488256 0.52928 -0.518004 0.379911 0.14565 
0.0786426 0.349346 -0.189941 0.492253 -0.0587303 
0.416484 -0.315989 -0.00583228 0.0400735 -0.743894 
pop 5 layer 1
dims 16 16
0.640287 -0.389656 0.00685999 -0.0909826 -0.27211 0.0900359 -0.435236 -0.674804 0.0832669 -0.432671 -0.426196 0.260966 -0.495684 0.273708 -0.370796 -0.267192 
0.249722 0.0273143 -0.310919 0.00174471 -0.0306379 0.302422 -0.22904 0.665973 -0.192754 -0.232076 -0.740924 -0.152164 0.451629 0.526971 0.431831 -0.161903 
-0.396094 -0.0670137 -0.325729 -0.205522 -0.287274 -0.085204 0.11478 0.252951 0.507177 0.219981 -0.0252095 -0.148617 0.332701 -0.0574906 -0.447864 0.0574572 
-0.39549 -0.0177081 -0.130757 0.135033 0.0886036 -0.0874032 -0.842178 0.0781717 -0.175636 0.240485 -0.161576 -0.413772 0.348593 -0.175276 -0.0559963 0.0983516 
-0.18569 0.25323 0.00195365 0.346965 0.114997 -0.0909778 -0.243807 -0.00446933 0.356174 0.242344 -0.232344 0.363982 0.0525785 0.492585 -0.224782 0.478089 
0.072415 -0.21823 0.249207 0.114005 -0.161438 -0.0917271 -0.10959 -0.540711 -0.126629 0.563303 0.216303 0.0762314 -0.896761 -0.879803 -0.00359027 -0.0694653 
0.250479 -0.202322 -0.146608 0.258206 -0.500484 -0.127519 -0.135472 -0.132156 -0.315091 -0.25107 0.156979 0.262185 -0.461684 -0.0409915 0.357564 0.242196 
-0.489537 0.24345 0.587705 0.3664 0.415482 0.399361 0.337597 0.516031 -0.25393 -0.0185335 0.101197 -0.465666 0.199693 0.0765831 0.0968031 0.0124146 
-0.541762 -0.115644 -0.0945963 -0.332712 0.327687 0.349478 -0.293596 -0.0189052 0.548011 0.420907 -0.150924 0.00946032 0.0789023 -0.178472 -0.087327 0.095095 
-0.352511 -0.22088 -0.250442 -0.235437 0.516264 0.203494 -0.713944 0.634306 -0.379776 0.04476 -0.236732 -0.00262216 -0.0961358 0.27563 -0.185123 -0.335408 
0.0926427 -0.236186 -0.495362 0.545763 -0.276908 0.219474 0.535745 -0.144041 0.575165 0.293174 0.795891 0.211451 0.3283 0.473842 -0.507443 0.481297 
0.383326 0.334525 0.217613 0.262039 -0.155936 0.182413 -0.334608 -0.0578649 0.250374 -0.0218295 0.405051 0.425588 0.246121 -0.148496 0.463513 -0.893217 
0.0914054 -0.723085 -0.319723 -0.0586102 -0.012944 0.392404 0.281956 -0.442227 0.0493788 -0.313289 0.813107 0.169463 -0.137219 -0.0418589 0.437421 -0.488087 
-0.493956 0.507422 0.277206 -0.312735 -0.489004 0.139659 0.472007 0.278887 0.371451 0.0236813 -0.216793 0.701463 -0.132868 0.101702 -0.011248 0.382861 
-0.25002 -0.484252 -0.41635 0.474483 0.19646 0.367736 0.494435 -0.505428 -0.555476 -0.463766 -0.31538 -0.0253321 -0.501351 -0.207524 0.0992362 -0.00517591 
0.128962 -0.507045 0.12883 -0.153724 0.449246 0.184083 -0.732613 0.0747344 0.157891 0.248921 0.109461 -0.0592899 -0.182828 -0.218792 -0.0904259 0.450689 
pop 5 layer 2
dims 4 16
0.139618 0.38817 -0.0718191 0.502335 0.304226 0.262234 0.0450899 0.544 -0.171026 -0.102037 -0.305922 -0.119339 -0.03486 0.156312 -0.0738799 0.011871 
0.225875 -0.0941397 0.122813 -0.500382 0.500842 -0.278888 0.128886 -0.0209453 0.127255 -0.432305 -0.247527 0.0480664 0.646646 -0.237104 0.0269694 -0.37779 
-0.293804 0.266094 0.308939 0.608233 -0.00367058 -0.657413 -0.0320536 -0.695889 0.164554 -0.105856 0.251727 0.0342642 -0.169114 -0.608027 0.0609573 0.41429 
-0.296099 0.280671 -0.0265853 -0.120476 0.393942 -0.592379 0.388935 -0.0867347 0.0959945 -0.156206 0.00302652 -0.278356 0.309271 -0.660734 -0.498263 0.45707 
pop 6 layer 0
dims 16 5
-0.147291 -0.361492 -0.109814 0.3086 0.168498 
0.271811 0.24347 0.145855 0.338774 -0.0402652 
-0.387581 0.249522 -0.0109863 0.490871 0.315121 
0.128424 0.122354 -0.174977 -0.0979184 -0.0798047 
0.0406257 0.0120344 -0.101975 -0.26178 0.186287 
-0.146289 0.216419 0.0168864 -0.393925 -0.303166 
0.208848 0.217738 -0.0920244 -0.0455533 0.0143227 
0.0642012 0.0122637 -0.0229449 -0.25015 -0.324496 
-0.177854 -0.238389 0.0927504 0.0371624 0.341954 
0.318092 0.277282 0.0131997 -0.151908 -0.370009 
0.0217363 -0.224582 -0.412278 0.529199 -0.0365159 
-0.109117 0.34077 -0.302109 0.0460416 -0.10042 
-0.214546 -0.1087 0.0808587 -0.231257 0.148604 
0.00827504 0.702125 -0.209749 0.028181 0.186654 
0.0440347 0.101867 -0.133713 0.262868 -0.139274 
0.0471328 -0.335329 -0.317225 0.0389197 -0.936226 
pop 6 layer 1
dims 16 16
0.168643 0.0389416 0.293051 0.0165154 -0.122851 0.344547 -0.413059 -0.287434 -0.0568623 -0.313589 -0.290405 0.227858 -0.369459 0.578488 -0.471484 0.626198 
-0.110675 -0.460375 -0.425738 -0.191562 -0.13559 0.170139 -0.313391 0.3655 -0.338141 0.176168 -0.415155 -0.0554191 0.286694 0.241906 0.508259 0.0250309 
-0.234533 -0.0489764 -0.240036 0.0870056 0.0105417 -0.1832 0.0366133 0.017528 0.512739 0.374092 0.372662 0.0851779 0.0691635 -0.165428 -0.163527 0.332853 
-0.0783199 0.407179 0.063059 0.192729 0.0213836 -0.285852 -0.455945 -0.16791 0.237864 0.234087 -0.244541 -0.507031 -0.123625 -0.0892529 -0.104878 0.0475337 
0.087092 0.166015 -0.627322 0.297764 0.197676 0.208434 0.218652 -0.303213 0.159149 -0.305158 0.0011452 0.22741 0.436059 0.600695 0.233547 0.366269 
0.0429999 -0.214532 0.35038 0.0901389 0.315224 -0.0751561 -0.10035 -0.441223 -0.0630663 0.414206 -0.292265 0.135973 -0.505462 -0.270372 -0.262787 -0.151017 
0.0469586 -0.0994466 0.126581 0.361456 -0.33037 0.00865572 0.166258 -0.0535488 0.0164033 0.361366 0.301545 0.125617 -0.140461 0.142501 0.712438 0.0320553 
-0.107035 -0.193444 0.13938 0.287671 0.320317 0.334805 0.252233 0.252373 0.199615 -0.132052 0.10122 0.0801325 0.0264371 0.232094 0.447518 0.137353 
-0.154142 0.0563277 -0.0174292 -0.25163 0.350601 -0.270023 0.241136 -0.0660131 0.745807 0.156205 0.119275 0.0841354 0.0215671 -0.0519128 0.164346 -0.034128 
-0.030463 0.109495 -0.401655 -0.174297 0.61455 0.390668 -0.312925 0.33512 0.0827458 0.122924 -0.204285 0.0718903 -0.37375 0.463871 -0.172312 0.0642112 
-0.0672942 0.263263 -0.259689 0.362153 -0.478244 0.0118203 0.288253 0.0280709 0.328451 0.397759 0.607016 0.160972 0.297524 0.0591514 -0.546847 0.421214 
0.370968 0.365609 0.327573 0.127329 0.0939799 -0.173927 -0.676639 0.0527055 0.242252 0.0439406 0.146987 0.335368 -0.0485701 0.00291637 0.418743 -0.392818 
0.0943336 -0.219981 -0.334558 0.17892 0.238605 -0.358793 0.389434 -0.324033 0.241158 -0.147153 0.758359 0.417832 0.0733861 0.0117423 0.371956 -0.469642 
-0.0620426 0.519793 0.146754 -0.484747 -0.272179 -0.241889 0.721396 0.0332053 0.242685 0.0232839 -0.325936 0.410192 -0.22185 0.0861937 -0.320519 0.330924 
0.0725285 0.18224 -0.268974 0.778078 0.195088 0.357128 0.687921 -0.157685 -0.251856 -0.282297 -0.466811 -0.00530227 -0.581737 -0.116174 0.0928017 -0.0614076 
0.0505283 -0.292165 -0.284278 -0.284833 0.485891 -0.0354271 -0.36616 0.179833 -0.025172 0.403641 0.364109 0.0110555 -0.338497 0.148927 -0.25725 0.521329 
pop 6 layer 2
dims 4 16
-0.331481 0.0867203 0.0210916 0.320864 0.524977 0.186443 0.00804507 0.270423 -0.380707 0.0492139 0.0724426 -0.417697 -0.201092 0.0319769 -0.0335312 -0.252577 
0.0324749 -0.114516 -0.328022 0.0697632 0.614631 -0.22399 -0.095123 0.0422354 0.222908 -0.415473 0.0260423 0.197263 0.59201 -0.0897166 0.161411 -0.407916 
-0.284538 0.130655 0.171801 0.63858 -0.0787847 -0.681501 0.112638 -0.612991 0.375648 0.0365057 -0.0151483 0.128918 -0.643451 -0.435146 0.181029 0.160966 
0.0329994 0.0022982 0.0362851 0.0263787 0.386377 -0.563821 0.377926 -0.145558 -0.142561 -0.168873 0.0392393 0.0405171 0.109664 -0.596607 -0.403395 0.520875 
pop 7 layer 0
dims 16 5
0.110153 -0.297234 -0.135758 0.168409 -0.0412847 
0.197817 0.170514 0.167383 0.262373 -0.106026 
-0.364366 0.300875 -0.277824 0.528205 0.347497 
0.145376 0.337388 0.0832845 0.0376934 -0.0753192 
-0.03182 0.285367 -0.0357666 -0.330434 -0.086803 
-0.0124437 0.0226023 -0.266848 -0.334621 -0.206876 
0.144837 0.226056 -0.135011 0.150719 0.0105719 
0.00785558 -0.0218589 -0.0637525 -0.139016 0.0872756 
-0.307791 -0.1699 0.0116698 0.0286783 0.378997 
0.261241 0.0318241 0.0867842 -0.0677761 -0.570526 
-0.187744 -0.341654 -0.686813 0.663374 0.220858 
-0.220687 0.209495 -0.304894 -0.000276977 -0.175649 
-0.187674 0.0206536 -0.104789 0.0146755 -0.0636573 
-0.0431432 0.878541 -0.155857 0.084402 -0.00507476 
0.126904 0.225726 0.0528393 0.34215 0.0106227 
-0.0570074 -0.273445 -0.243638 -0.115278 -0.938212 
pop 7 layer 1
dims 16 16
0.134347 -0.0453736 0.288108 0.0693691 -0.0420742 0.306798 -0.478003 -0.136905 0.145781 -0.260697 -0.406439 0.332277 -0.382127 0.554568 -0.391185 0.457488 
-0.119998 -0.606552 -0.42757 -0.338186 -0.150688 0.160766 -0.0459134 0.460342 -0.414008 0.0445989 -0.227795 -0.125627 0.185304 0.290374 0.458712 -0.144638 
-0.126431 0.140507 -0.336392 -0.0902464 -0.00701726 -0.0684224 0.083373 0.209601 0.194515 0.262879 0.16041 0.204757 0.161154 -0.143187 -0.217367 0.232727 
0.187146 0.185745 0.172472 0.293536 0.241849 -0.1369 -0.745521 -0.0762817 0.348394 0.316357 -0.352288 -0.390991 -0.187929 -0.129517 -0.127901 0.104983 
-0.0209395 0.236373 -0.310647 0.150222 -0.0274564 0.341151 0.0364799 -0.41213 0.200827 -0.229468 -0.0602839 0.243199 0.0889146 0.667216 0.243806 0.398707 
0.00738894 -0.147271 0.31133 -0.0131092 0.266551 -0.189291 -0.115327 -0.538456 -0.0669038 0.36729 -0.224864 0.249543 -0.281909 -0.206186 -0.497558 -0.215762 
0.131122 -0.0106142 0.20708 0.480289 -0.22808 -0.0330929 0.185547 -0.136732 0.00606496 0.394473 0.455934 0.151934 -0.23369 0.136807 0.723778 0.0718449 
-0.14708 -0.085673 0.00991419 0.240589 0.352649 0.511474 0.264701 0.45781 0.0162232 -0.20242 0.146437 0.0437356 -0.0760962 -0.0603001 0.505624 0.142996 
-0.21476 0.121162 0.296522 -0.243368 0.312668 -0.090036 0.21533 -0.233993 0.70895 0.173819 0.0253136 0.225429 -0.0695007 -0.261193 -0.0320796 0.170885 
0.0142863 0.112214 -0.387427 -0.229998 0.509192 0.317125 -0.452393 0.221768 -0.0147718 0.201648 -0.24156 0.0377388 -0.244513 0.417202 -0.115386 -0.170834 
-0.0324773 0.256861 -0.180112 0.537729 -0.322145 0.121142 0.293586 0.141157 0.408909 0.379115 0.690733 0.186133 0.31026 0.0568421 -0.404717 0.566308 
0.319942 0.141633 0.275477 0.313545 -0.0537209 -0.0536165 -0.603183 -0.133698 0.167469 -0.0710938 0.230864 0.190905 0.129993 -0.132018 0.23296 -0.420734 
0.279958 -0.648312 -0.645089 -0.062769 0.174121 -0.341818 0.404113 -0.311837 0.25912 -0.270065 0.724779 0.394511 -0.263376 0.259991 0.250946 -0.408039 
-0.181503 0.441791 0.160846 -0.265237 -0.219711 -0.222514 0.390193 0.0444154 0.103727 0.0263526 -0.0809596 0.546288 -0.211424 0.299178 -0.209045 0.359265 
0.0262222 0.0855565 -0.484867 0.612261 0.0889397 0.400302 0.696726 -0.0156082 -0.42307 -0.236357 -0.388719 -0.11392 -0.461575 0.12976 -0.0521637 -0.0712716 
0.0355543 -0.246367 -0.3284 -0.290024 0.380262 0.0524627 -0.304872 0.141688 0.0123745 0.159586 0.162619 0.176504 -0.335146 -0.105283 -0.27988 0.521477 
pop 7 layer 2
dims 4 16
-0.103964 0.287717 0.256876 0.491887 0.350357 0.163381 -0.0548122 0.306361 -0.281022 -0.0874229 -0.0552588 -0.218498 -0.291388 0.387549 0.00724887 -0.019392 
0.379324 -0.0739455 -0.164119 -0.207139 0.204555 -0.236845 0.173294 0.0914719 0.30123 -0.467216 -0.194733 0.329051 0.383415 -0.157897 0.112329 -0.494097 
-0.107915 0.160452 0.395889 0.913404 0.250017 -0.499289 -0.177178 -0.634139 0.416016 -0.23362 0.140024 -0.0686539 -0.121975 -0.848806 0.189378 0.468039 
-0.0542112 0.147325 -0.0427738 -0.0360133 0.603629 -0.45257 0.245158 0.00201292 -0.120127 0.092819 0.219036 -0.181987 0.355343 -0.631262 -0.539368 0.289142 
pop 8 layer 0
dims 16 5
-0.0664935 -0.219029 0.000979339 0.627054 -0.203515 
0.26463 0.502052 0.0971393 0.128885 -0.210059 
-0.410423 0.420315 -0.0430097 0.405105 0.411985 
-0.0695717 0.313606 -0.091428 0.0837411 -0.0581584 
-0.0297073 0.30456 -0.0674775 -0.207852 -0.182754 
-0.170282 -0.104458 -0.203488 -0.157683 -0.130846 
0.320935 0.215544 -0.0141906 0.199241 0.237035 
0.0321351 -0.113759 -0.0586701 -0.545272 -0.418952 
-0.509251 -0.268247 0.24681 -0.103832 0.282065 
0.0672166 0.107377 -0.255495 -0.363067 -0.206738 
-0.00639625 -0.0105812 -0.660118 0.15225 0.134602 
0.281024 0.343955 -0.19801 0.12707 -0.124547 
0.00877343 0.225957 -0.200592 -0.0690043 0.198956 
0.143273 0.338547 -0.236245 0.295174 0.0853592 
0.0257428 0.21272 -0.169619 0.351255 0.0419781 
0.211038 -0.380484 -0.128105 -0.243544 -0.82798 
pop 8 layer 1
dims 16 16
0.760949 -0.387939 0.055489 -0.0634669 0.0143942 0.19546 -0.445211 -0.691993 0.326564 -0.615404 -0.559083 0.340783 -0.405677 0.0688982 -0.372673 -0.0920197 
0.259331 0.0236828 -0.204098 -0.0127491 -0.0308711 0.138776 -0.0800308 0.57156 -0.334145 -0.138557 -0.644375 -0.0789568 0.411944 0.529039 0.4252 -0.0996882 
-0.522875 -0.0756867 -0.254747 -0.0713884 -0.132995 -0.232799 0.152919 0.433414 0.487985 0.31167 0.0186513 -0.0110392 0.0804359 -0.131069 -0.241721 0.150343 
-0.0386745 0.0785123 -0.0282236 0.192018 -0.15873 0.0849218 -0.674967 -0.0130697 -0.301677 0.110908 -0.348137 -0.32075 0.231224 -0.220447 0.0353644 0.299236 
0.0386823 0.223257 -0.0343586 0.160746 -0.196672 -0.229467 0.0537791 -0.139869 0.223092 0.0200177 -0.162016 0.407826 -0.0778742 0.587946 -0.198529 0.597126 
0.109528 -0.370484 0.602275 0.142627 -0.0521862 -0.0497921 -0.144872 -0.527458 -0.182001 0.540912 0.133739 -0.0772566 -0.81973 -0.63881 -0.0257555 0.0654565 
0.0532702 -0.0472024 0.100674 0.223141 -0.359127 -0.127196 -0.128037 -0.113851 -0.161775 -0.246128 0.00840247 0.205725 -0.219128 -0.0931716 0.453132 0.0880287 
-0.320088 0.44567 0.180661 0.266319 0.509576 0.197813 0.422838 0.664281 -0.232129 -0.19696 0.16422 -0.372296 0.127328 0.19964 0.11239 -0.00924378 
-0.491076 -0.0992792 0.130528 -0.283446 0.465247 0.140011 -0.0767814 -0.0751875 0.645942 0.324694 -0.253177 -0.100201 -0.108999 -0.172492 0.0829855 0.0357708 
-0.413101 -0.0703618 -0.342463 -0.222858 0.342207 0.281527 -0.981726 0.59741 -0.0756127 -0.163535 0.0162678 -0.0838172 -0.315618 0.255361 -0.320445 -0.386011 
-0.0482133 -0.38396 -0.633032 0.654044 -0.221252 0.224653 0.506007 -0.150445 0.575915 0.293895 0.685089 0.297033 0.241011 0.251204 -0.51932 0.403587 
0.528807 0.112099 0.264245 0.150324 0.0400326 0.016092 -0.382643 -0.0374295 0.122185 -0.168592 0.368353 0.339289 0.232673 -0.118787 0.350966 -0.760248 
0.18617 -0.717101 -0.235274 0.0349715 -0.121589 0.176424 0.288636 -0.299526 -0.0815778 -0.162297 1.03342 0.200131 -0.125401 -0.125796 0.38884 -0.484917 
-0.524411 0.683628 0.14871 -0.203585 -0.464453 0.044688 0.377824 0.286171 0.476292 0.141914 -0.0794969 0.546591 -0.191744 0.334508 -0.0443557 0.483373 
-0.201019 -0.469892 -0.360704 0.28759 0.128255 0.270632 0.583849 -0.689768 -0.496083 -0.293245 -0.404381 0.125004 -0.592119 -0.17106 0.0980859 0.0882449 
-0.0485604 -0.357229 -0.00737653 -0.148123 0.444146 0.109415 -0.817929 -0.0297693 -0.0330975 0.258677 0.449616 -0.188053 -0.217092 -0.0538931 -0.398252 0.534918 
pop 8 layer 2
dims 4 16
-0.0765019 0.232766 0.107676 0.375107 0.414538 0.271666 0.204957 0.672171 -0.503176 -0.0200141 -0.0693299 -0.195376 -0.361321 0.359079 -0.149779 0.0314502 
0.352228 -0.0453968 -0.418683 -0.455515 0.245541 -0.203144 0.304879 0.26897 0.236 -0.627519 -0.3924 0.309145 0.567126 -0.155226 0.159644 -0.644124 
-0.216361 0.254616 0.476834 0.964461 0.255122 -0.736729 -0.235851 -0.566278 0.394628 -0.207887 0.163601 -0.138931 -0.364952 -0.80206 0.162918 0.221967 
-0.069374 0.31282 -0.112511 -0.178352 0.471374 -0.37594 0.264273 0.0199701 -0.183453 0.00672105 0.14501 0.0040333 0.103028 -0.604856 -0.396994 0.621135 
pop 9 layer 0
dims 16 5
-0.200712 -0.358257 0.00965111 0.550984 -0.0361516 
0.307305 0.0535512 0.138363 0.468047 -0.17507 
-0.304302 0.313947 -0.111621 0.405624 0.395663 
-0.00851563 0.464714 -0.0545535 -0.0123266 0.0416416 
-0.0621542 0.110155 -0.267442 -0.232033 0.0886353 
-0.188775 0.137287 -0.31998 -0.371701 -0.532829 
0.139181 0.39784 -0.13405 0.206184 -0.0297521 
0.189013 -0.129092 0.0140728 -0.288506 0.0204625 
-0.337027 -0.34308 0.212412 0.0585279 0.253477 
0.156896 0.199849 0.178505 -0.23852 -0.54026 
-0.322582 -0.184346 -0.554781 0.604693 0.14462 
-0.0771048 0.32229 -0.323863 0.0618117 0.101634 
0.0209769 -0.124735 -0.0891281 -0.339562 0.211624 
0.0161443 0.750584 -0.203197 -0.028268 -0.120196 
0.160734 0.242646 -0.14062 0.28071 -0.110005 
0.0121963 -0.352219 -0.291742 -0.0578048 -0.768064 
pop 9 layer 1
dims 16 16
0.22238 0.0201482 0.259186 0.0271792 -0.100193 0.256729 -0.239358 -0.156273 0.219117 -0.199797 -0.318652 0.303612 -0.368826 0.384328 -0.265205 0.52525 
-0.210463 -0.595528 -0.375413 -0.3223 -0.12563 0.167457 0.00168856 0.258617 -0.334532 0.162359 -0.460603 -0.133277 0.0319771 0.350778 0.380306 -0.19651 
-0.118685 0.0521784 -0.357135 -0.0459151 -0.474113 -0.0531502 -0.0668688 0.377134 0.149718 0.087491 0.252354 0.295211 0.0976029 -0.239899 -0.114202 0.305435 
0.1502 0.189934 0.254282 0.304593 0.205706 -0.20958 -0.728296 -0.16461 0.17522 0.340132 -0.305039 -0.236451 -0.121913 -0.00745323 -0.0813752 -0.0366874 
-0.0528481 0.196052 -0.303209 0.230715 -0.178599 0.248897 0.135733 -0.514208 0.21867 -0.23385 0.0312658 0.185198 -0.0140595 0.499694 0.202377 0.398048 
-0.0804847 -0.277227 0.210941 0.0653312 0.0829934 -0.117398 0.0409717 -0.539035 -0.0356209 0.202425 -0.228769 0.283322 -0.250492 -0.354587 -0.49908 -0.272153 
0.160456 0.146311 0.138614 0.516516 -0.32265 0.0422511 0.119204 -0.215917 -0.100907 0.31362 0.426194 0.178747 -0.174275 0.112782 0.672072 0.0430007 
-0.311467 -0.0967862 -0.0023105 0.191203 0.411564 0.493818 0.187908 0.391112 0.0443918 -0.153515 0.0392628 0.0940858 -0.253181 -0.257723 0.33027 0.0284251 
-0.436681 0.0105854 0.311845 -0.204651 0.295536 0.0469704 0.216472 -0.286823 0.684897 0.225056 -0.148408 0.251746 -0.108047 -0.17043 -0.174771 0.0315168 
0.0628197 0.0720488 -0.302041 -0.164303 0.503402 0.206814 -0.344841 0.143334 0.0221124 0.247108 -0.185859 0.0643426 -0.282366 0.247817 -0.17206 -0.0787572 
-0.0845172 0.220635 -0.257686 0.540457 -0.313149 0.23584 0.342836 0.143901 0.407133 0.389353 0.67806 0.0830599 0.364274 0.138486 -0.302933 0.723337 
0.3282 0.115291 0.277093 0.318804 0.0102424 0.0395027 -0.479574 0.00374441 0.0674507 -0.163752 0.16563 0.330156 0.0647313 -0.0202921 0.183589 -0.429345 
0.185842 -0.569534 -0.595021 -0.235913 0.323591 -0.317363 0.361058 -0.367798 0.330086 -0.173287 0.748465 0.214953 -0.307429 0.323634 0.255705 -0.287453 
-0.337779 0.478609 0.1954 -0.128734 -0.0584163 -0.21051 0.374134 -0.0937392 0.160586 -0.113939 0.0342137 0.56508 -0.16584 0.521953 -0.20779 0.174805 
0.0539549 -0.0607314 -0.289285 0.534105 0.228251 0.488476 0.602565 -0.0905466 -0.249817 -0.1138 -0.361913 -0.0729713 -0.317803 0.124916 -0.182437 -0.0148179 
-0.0136052 -0.350852 -0.21869 -0.294005 0.36359 -0.00317148 -0.351612 0.0748872 0.053798 0.108581 0.166655 -0.0387508 -0.278242 -0.0823049 -0.155841 0.559151 
pop 9 layer 2
dims 4 16
-0.0598244 0.508714 0.0641117 0.409719 0.408399 0.200155 -0.0759368 0.35335 -0.167672 0.0183628 0.0170994 -0.188306 -0.275257 0.246558 0.119663 0.00640829 
0.38491 -0.0643204 -0.0492543 -0.0954607 0.131612 -0.313185 0.0232859 -0.00861766 0.179024 -0.361943 -0.198258 0.182091 0.337386 -0.108107 0.119516 -0.467786 
0.0170735 0.142235 0.283106 1.03082 0.290145 -0.25225 -0.0985107 -0.474056 0.3448 -0.470936 0.0107804 -0.04407 -0.308342 -0.744446 0.142255 0.356102 
-0.0914858 0.0438146 0.0343653 -0.137592 0.694741 -0.42537 0.177884 -0.00247319 -0.041252 -0.0266792 0.0426614 -0.24976 0.49801 -0.612038 -0.703103 0.328854 
vWeights_end
generator 3635880019 564204590 1766049473 2408660009 1373125114 3251329412 568794159 1963084519 2581406067 3806829040 558966570 689121031 2387716651 2527225338 1770316257 4228144030 2838374865 2429857 4001142132 2552839548 2233798886 3757804940 1587645341 122761173 1952961176 2728047777 1222166052 3748481086 1128512702 3410583688 2731384193 1366852644 3066050202 263412741 2004780810 2038541171 4145502984 3561272005 3360855504 2941178269 2054881972 1637963536 3967512930 3241124012 2756435981 4031310352 72564466 3672083033 380846337 3306543084 3384619566 322799494 1606068211 2516192989 4199182506 1942752845 1665930340 1362585370 2416925579 2863127753 1507777061 724576814 143715819 3683234108 3032337679 173737987 3377871610 4216621570 3626469195 1544157167 403466976 3710679750 3456128127 4358515 1777016565 3147795387 2097995318 2514003208 824484088 309188651 4204684523 3927947365 1614905092 3820233125 2207010402 3351908572 51090568 2301132409 4079822349 304512234 3446738525 1309145522 1605564945 3912801370 1201024169 1246785614 1769546374 1454640182 4118408304 419621261 2407048231 229267643 2291914830 755457144 4183058371 1353597209 3444143769 3278737 4236442360 1281966013 1550053447 2154143839 1082832206 2122082274 649817954 2107949462 3551584322 586062426 328813747 1078873438 1849579815 2096319256 415548022 3150024485 4275472173 4178329874 2205469589 3836235500 1162979117 3515310846 1421299359 1201570131 3199317105 4158588083 3327085676 4038034948 1277760900 4157154745 1011178330 4018563978 4107200937 2100188146 1276436737 1832347338 4197464878 1472643643 263340961 1514536118 3523433501 383592146 2153902489 2928779270 1919263091 4059340043 2197829207 3907323963 603888091 926787885 1961618303 2967412128 1567853698 1916091104 2631080792 262692058 3470946591 3253595444 2664646209 2940611929 1471220375 1678199425 1209991529 1615692788 2395606276 3413490443 1848921052 3607373326 970490897 3506079471 2801683731 3480734824 2556384207 634775918 2468490358 270833909 1197401696 4272032522 199210087 3093498741 1318718394 1385389065 2100083118 3775362840 1291119413 1370135061 2174605349 4087865357 478299511 155493911 1960381021 934454719 3845770106 434352384 713398009 1545036653 3968060183 2333434092 3719171909 3134701765 1663441633 649814743 3931803950 3249518276 1224748123 3093500751 3897585434 2234362307 938043699 1772955106 2676912886 3867139394 292090088 2926696907 262986262 2340935114 3463091743 3174464621 809780188 754029870 1799497844 3120401326 2366565924 4093015148 628428106 1713456548 195746117 206213951 3615719498 1764832210 169214085 3566022235 755310416 3962710581 1894318316 1807624484 1348965506 3456850847 2261785639 149473157 1178997923 967453110 1439410930 3001680007 2969489378 4101309148 2564556532 2636126137 1267681542 1174362310 4116995778 4058228731 1640338547 1333902506 3270543755 44152043 3522686909 4021005354 2285554528 2871609392 1920732779 126056317 4179187922 1450214930 3056423584 755649847 3682468863 2385258015 1654342031 370608824 1355929578 2213511223 1998429632 1381593211 4040869215 4234983806 1528078673 1409672867 1353228300 1368147739 2228401751 4003876428 245655204 4211544931 3968417078 1222292199 1543890182 2130384398 416567042 26622970 2589064270 4279591575 3746220328 2965119001 3847536741 2645871271 1362329441 1467278308 324128362 1843974063 3830086768 1073438711 1910424838 1993916361 3949572121 301216340 2940249798 927392034 2877998745 1318244700 3771609403 2165341526 2129709797 3291606176 663038370 1692276980 3593915987 3254177967 331948087 2542835864 1744339518 1945957272 2777630744 34337496 3238655895 2207042707 388411506 3106654685 2018245200 190376345 585931351 205423808 258636634 238847394 3071914429 45295444 926651072 3396016199 3926348744 4177661095 2981524773 2086059299 764669783 646183865 2220125280 3972346108 2890181020 1797876032 2971055391 2635741741 1469677472 3094734421 2832949199 956702296 729809910 630344236 3894852230 2418783604 614143845 2567412372 2685559921 3125797529 445005284 3458713842 3487139646 2811178852 287038964 2680715903 3792820056 2765101680 535260341 168822142 357132609 1330123452 1169459307 3707363714 2544745558 1951641743 1223519548 3462093508 154502346 848834821 4033423241 338373957 695731326 1339230413 1656428917 341908420 1132967987 3770943265 1140231712 4124033089 2103085026 4012862463 662999600 1092929647 2626500277 333605821 1800547533 2976060899 1962332579 186892033 344302142 2355370308 3044945292 490479641 1362046754 617832822 526481767 3520642083 2832148106 1497897720 4222341496 523808108 3384787728 2041683284 3344897108 1591473100 1730937528 629468656 3432114167 3691349195 838123559 1878748040 3006327182 3940876407 2001911081 1072847287 868525820 2358428185 2453677978 3560093574 1342828808 4033797994 575121273 2252546179 1957357801 2454958917 3515216547 1373548622 2595019013 2787078056 4072632595 3825340683 2152034093 478327482 4126421547 3012839151 2280238402 2633108722 2734959014 724340535 3304049284 1479663865 1363144968 288329732 2104369800 678926312 558775116 3720977263 1368212293 1586478713 2288705898 1251735823 2035997540 4093495743 2408589011 3614778920 1580586132 2849117714 2319760606 2044809941 3493568718 2631268525 706389287 3676764807 600575066 301104926 2904988402 1556315035 3506061042 2038579790 67000007 1770377308 2856373195 686708732 331679523 3956753444 2131851286 1277464559 1212212400 1635002076 3527470051 2399648689 2571674653 1979469305 3866333767 3271144769 3012773239 1394656184 1499659663 1379156305 1550265670 2798565178 1639305785 860625946 1198882589 2664031787 3427854441 2089689302 2523038295 4133853895 2542019383 2322541935 3157563519 671067111 304789535 4275728925 10281402 1991847910 1787292874 325663996 2433261683 1059499980 4273018736 1561603767 842230799 1388452510 1017072645 737901434 2092255261 2321181094 892265697 649518478 1418242521 83230452 3440067519 3705789709 1099472059 1157849319 1209985441 4175955285 2820438715 1376485079 4011650600 1446293173 2511455445 3654412912 3154428050 3749388217 3618301022 1468503244 373607254 3509345282 935222444 2138666113 1116791130 1240824637 1042192012 2414036567 3235040545 2878189691 2836675745 4080810112 661066553 2803509180 3654294401 1459666481 2202611207 276191922 582820815 1938335975 53381875 2065619198 678635555 1754606212 3151347064 1651373007 2165257480 3428971446 1174764177 3548838519 3602706828 1352337789 802377955 621549773 1014221357 4169937410 2051585651 4180280525 463966333 1792300793 1365012563 3136305579 1730145871 3868920063 1990317446 2414891433 3539422681 1847477075 1915399629 813777567 90722883 208102930 1980101067 695746457 2059002661 881866976 2791247967 4023083148 1511702671 364242309 3841682697 83665322 395022033 3067386053
