sName lunar_lander
version 1
nEpochs 100
nPopSize 100
nTop 10
act 1
populationStrategy 2
randomInjectionRatio 0.35
nLayers 4
vSize 5 16 16 4 
vBiases_start
pop 0 layer 0
dims 16 1
-0.204118 
0.129239 
-0.522779 
-0.386319 
0.0295768 
-0.706246 
0.113816 
0.133431 
0.36381 
0.353061 
0.466312 
-0.385021 
-0.467704 
-0.305044 
-0.279246 
0.489762 
pop 0 layer 1
dims 16 1
-0.429403 
-0.405236 
-1.09573 
0.569845 
0.0285761 
0.375007 
0.98797 
0.91092 
0.824513 
0.686597 
0.209921 
0.712831 
0.505348 
0.522373 
-0.367142 
-0.206451 
pop 0 layer 2
dims 4 1
-0.659052 
0.794922 
-0.125063 
-0.16564 
pop 1 layer 0
dims 16 1
-0.173125 
0.0886319 
-0.633801 
-0.201505 
-0.178676 
-0.762316 
0.138307 
-0.0482787 
0.11796 
0.375956 
0.317397 
-0.305175 
-0.322107 
-0.306538 
-0.32396 
0.422547 
pop 1 layer 1
dims 16 1
-0.573971 
-0.384926 
-1.01573 
0.45197 
-0.00260584 
0.238616 
1.03219 
0.819026 
0.717075 
0.632825 
0.173937 
0.833631 
0.395365 
0.438793 
-0.259682 
-0.0566324 
pop 1 layer 2
dims 4 1
-0.495633 
0.600804 
-0.133409 
-0.184091 
pop 2 layer 0
dims 16 1
-0.318549 
0.34646 
-0.474901 
-0.46291 
-0.0886805 
-0.613603 
0.0503062 
0.156911 
0.5022 
0.245476 
0.551013 
-0.26782 
-0.681049 
-0.271546 
-0.206892 
0.661846 
pop 2 layer 1
dims 16 1
-0.515989 
-0.75055 
-1.23639 
0.74902 
-0.0631656 
0.461127 
0.963839 
0.616192 
0.861811 
0.728526 
0.252993 
0.697099 
0.578967 
0.440133 
-0.465765 
-0.0509018 
pop 2 layer 2
dims 4 1
-0.576732 
0.938491 
-0.162238 
-0.220151 
pop 3 layer 0
dims 16 1
-0.182519 
0.134182 
-0.608921 
-0.301647 
-0.00537771 
-0.764636 
0.0707547 
0.296241 
0.260852 
0.247695 
0.551797 
-0.340669 
-0.487186 
-0.396674 
-0.197467 
0.208057 
pop 3 layer 1
dims 16 1
-0.300419 
-0.278085 
-0.980776 
0.25476 
-0.212351 
0.210457 
0.993248 
0.735533 
0.699821 
0.772353 
0.260433 
0.553478 
0.570329 
0.402618 
-0.341093 
-0.193502 
pop 3 layer 2
dims 4 1
-0.537086 
0.698473 
-0.200109 
-0.0727292 
pop 4 layer 0
dims 16 1
-0.0588808 
0.527122 
-0.424772 
-0.122237 
-0.0186625 
-0.682818 
0.0257 
0.402449 
0.226517 
-0.0782728 
0.403661 
-0.976759 
-0.405355 
-0.143392 
-0.0962639 
0.402007 
pop 4 layer 1
dims 16 1
-0.488861 
-0.485131 
-0.733194 
0.156821 
-0.0254953 
0.333449 
0.58852 
0.302035 
0.580633 
0.526313 
0.12771 
0.400958 
0.377781 
-0.0228127 
-0.345136 
0.272801 
pop 4 layer 2
dims 4 1
-0.552859 
0.335869 
-0.520058 
-0.0477593 
pop 5 layer 0
dims 16 1
-0.0431815 
0.622648 
-0.48531 
0.00197811 
-0.119489 
-0.691706 
-0.0147612 
0.431058 
0.30764 
-0.0577579 
0.52806 
-0.904399 
-0.572644 
-0.150937 
-0.199646 
0.550954 
pop 5 layer 1
dims 16 1
-0.57254 
-0.414279 
-0.898249 
0.154259 
-0.109547 
0.372871 
0.54589 
0.29374 
0.653721 
0.541631 
0.249574 
0.287859 
0.473535 
-0.018688 
-0.240156 
0.317699 
pop 5 layer 2
dims 4 1
-0.76087 
0.589132 
-0.365971 
-0.0694835 
pop 6 layer 0
dims 16 1
-0.248524 
0.651365 
-0.563793 
-0.239572 
-0.183366 
-0.912457 
-0.0867307 
0.42749 
0.562362 
0.055378 
0.569411 
-0.87122 
-0.887541 
-0.394241 
-0.423759 
1.07423 
pop 6 layer 1
dims 16 1
-0.539454 
-0.733028 
-1.46684 
0.911792 
-0.0764744 
0.424953 
0.82535 
0.725161 
0.894739 
0.803815 
0.178163 
0.729807 
0.66868 
0.413648 
-0.607723 
0.168227 
pop 6 layer 2
dims 4 1
-1.18481 
1.07605 
-0.603436 
-0.0603417 
pop 7 layer 0
dims 16 1
-0.133278 
0.753575 
-0.376785 
0.0855901 
-0.111002 
-0.65397 
-0.102711 
0.405454 
0.202724 
-0.0896616 
0.507721 
-0.570256 
-0.913839 
0.00933379 
-0.243654 
0.431432 
pop 7 layer 1
dims 16 1
-0.284468 
-0.24463 
-0.967389 
0.219072 
-0.441475 
0.443065 
0.641445 
0.322885 
0.63001 
0.534609 
-0.033707 
0.177777 
0.172809 
0.0936338 
-0.302473 
0.468743 
pop 7 layer 2
dims 4 1
-0.627029 
0.358247 
-0.452985 
-0.195894 
pop 8 layer 0
dims 16 1
0.00850002 
0.695271 
-0.441004 
0.268594 
-0.0944124 
-0.823317 
-0.164279 
0.425659 
0.40462 
-0.167386 
0.403765 
-0.944437 
-0.727017 
-0.265034 
-0.29364 
0.647302 
pop 8 layer 1
dims 16 1
-0.608799 
-0.482379 
-1.04542 
0.190942 
-0.187347 
0.173128 
0.404433 
0.213651 
0.676565 
0.605896 
0.300486 
0.287103 
0.205314 
-0.0638342 
-0.423066 
0.464371 
pop 8 layer 2
dims 4 1
-0.697258 
0.405526 
-0.432034 
-0.167103 
pop 9 layer 0
dims 16 1
0.0172149 
0.669021 
-0.460812 
-0.0663027 
-0.134271 
-0.918777 
-0.0242103 
0.348718 
0.462005 
-0.0873052 
0.614488 
-0.955377 
-0.82675 
-0.144606 
-0.411953 
0.648067 
pop 9 layer 1
dims 16 1
-0.626887 
-0.462126 
-1.129 
0.2686 
-0.129928 
0.290919 
0.505332 
0.424765 
0.846024 
0.624526 
0.361022 
0.492283 
0.52101 
0.0294665 
-0.263879 
0.413395 
pop 9 layer 2
dims 4 1
-0.847661 
0.583439 
-0.390692 
-0.254591 
vBiases_end
vWeights_start
pop 0 layer 0
dims 16 5
-0.0936928 -0.523704 -0.198543 1.03796 0.154018 
0.253324 0.553461 -0.0952458 0.467749 -0.605013 
-0.809923 0.292742 -0.22819 0.222822 0.25426 
-0.140122 0.130195 0.0406628 -0.0395246 0.196274 
-0.477728 -0.344565 -0.694522 -0.5404 -0.0577954 
-0.557446 -0.245614 0.0622734 -0.321485 -0.320651 
0.375142 0.940483 0.730491 -0.0243104 0.452613 
0.345054 0.307643 -0.246236 -0.545907 0.412933 
-0.843554 -0.712729 -0.144869 -0.159709 0.291329 
-0.0309918 0.487129 -0.0899722 0.157042 -0.0877922 
0.268338 -0.145012 -1.12245 0.308675 -0.283209 
-0.474545 0.692294 -0.416819 -0.394612 -0.183004 
-0.923187 0.0855455 0.120399 -0.233123 -0.0265417 
-0.240324 1.09952 -0.381826 0.28261 0.0175706 
-0.235486 0.247619 -0.0767269 0.398846 -0.549411 
0.573792 -0.860079 -0.216205 0.0533424 -2.17412 
pop 0 layer 1
dims 16 16
0.621473 -0.974653 0.376681 0.781171 -0.29105 0.232755 -1.50566 -1.03068 0.764025 -0.952815 -0.738097 0.659341 -1.17652 0.0970528 -0.655782 0.326144 
-0.200564 0.314329 -0.0606705 0.0330598 -0.344937 0.222054 -0.844888 0.948598 -0.169493 -0.16344 -1.82536 -0.260785 0.533792 0.61923 0.558366 -1.05823 
-0.523408 -0.110261 -0.409984 -0.00136007 -0.646283 -0.405467 0.367205 0.759239 0.833591 0.434809 0.398938 0.180605 0.352442 0.0171765 -0.112012 0.12688 
-0.046725 0.242942 -0.22347 -0.113818 -0.208814 0.276465 -1.63453 -0.333299 -0.402093 1.18591 -0.0169133 -0.385024 0.218249 -0.318139 0.553668 0.690878 
-0.421922 -0.111509 0.287036 0.378843 -0.0179235 -0.277025 -0.45834 -0.525215 0.0478925 0.223421 0.0798181 0.102883 -0.530769 1.06724 -0.39154 1.03064 
-0.679863 0.0248002 1.26066 -0.40353 -0.0149505 0.0370868 0.175991 -0.921436 -0.826079 1.40381 -0.234138 0.0306265 -1.13304 -1.18641 -0.235426 -0.613118 
-0.18983 0.132924 0.177973 0.391852 -0.239856 -0.936104 0.412311 -0.790532 -0.637503 -0.220766 0.223643 0.315084 0.0052552 0.539325 0.821978 0.420307 
-0.652679 0.513636 0.509352 0.527537 0.745433 1.1278 0.771179 0.878919 0.00490196 0.145699 0.593671 0.362058 -0.0970933 -0.66802 0.368062 0.383668 
-0.543871 -0.253126 0.314245 -0.446375 0.626376 0.253936 0.0945016 0.038128 1.35564 0.424688 0.66617 0.073857 -0.324566 -0.562196 0.314756 0.0342629 
0.0856305 -0.507805 -0.863281 -0.388376 1.32039 0.42032 -1.46467 0.52686 0.238149 -0.293702 0.53256 -0.0861989 -0.709731 0.471289 -0.669501 -0.954265 
0.366557 -0.37256 -0.804201 1.00026 -0.382459 -0.205594 0.406313 0.175806 0.623638 0.174509 1.47658 0.16956 1.01541 0.622971 -1.34188 0.639936 
0.778773 0.686415 0.87024 0.632531 -0.193574 -0.130425 -1.35779 0.325502 0.0791721 0.00427505 0.676988 0.776277 0.254868 -0.298715 0.29102 -1.28189 
0.726772 -1.21144 -1.01585 0.734524 -0.471325 0.392314 1.45557 -0.526982 0.40931 -0.0112329 1.18933 0.582117 -0.106529 -0.327776 1.1353 0.085196 
-1.20148 1.14433 -0.012481 -0.637444 -0.354448 -0.11104 0.8274 0.601208 0.326529 -0.269697 -0.813544 0.942176 -0.193973 0.0334614 0.27593 1.13976 
-0.755375 -0.417747 -0.852234 1.24553 0.229526 0.831403 0.0266534 -0.501326 -1.48587 -0.309356 -0.766385 -0.148231 -0.807273 0.0669379 -1.0769 0.35314 
-0.0649484 -0.669087 0.17217 0.00197427 1.078 0.489097 -1.98251 0.360924 0.523147 0.297325 0.800501 -0.109017 -0.749507 -0.483724 -0.458465 0.80336 
pop 0 layer 2
dims 4 16
-0.271355 0.49665 -0.279329 0.915999 0.807971 0.213545 0.545875 0.219323 -0.431788 -0.0315152 0.0978803 0.263523 0.0286278 0.24155 -0.0276847 0.523557 
0.421321 0.0633483 0.154607 -0.1984 0.454797 -0.557287 0.660959 0.13209 0.594356 -0.271255 -0.801247 0.156669 0.528103 -0.368434 0.557952 -0.997697 
-0.0748269 0.318795 0.482196 0.9142 -0.227612 -0.429128 -0.249484 -1.04598 0.215278 0.408811 -0.190225 -0.396425 -0.0291955 -0.682504 0.212206 0.126356 
-0.0892917 -0.134955 0.359065 -0.492395 0.707422 -0.796287 0.442616 -0.405025 -0.265258 -0.425092 0.334326 -0.01346 0.348791 -0.705458 -0.508634 0.558143 
pop 1 layer 0
dims 16 5
-0.203722 -0.508193 -0.0916218 0.914392 0.0723749 
0.359228 0.471291 0.0658681 0.437365 -0.570372 
-0.590649 0.362897 -0.197185 0.376815 0.226531 
-0.299406 0.244973 0.0663037 0.0219047 0.259041 
-0.449447 -0.144712 -0.656812 -0.64745 -0.109467 
-0.346626 -0.456394 0.147493 -0.311906 -0.226687 
0.319388 0.86349 0.707241 -0.126728 0.402376 
0.339878 0.389462 -0.107209 -0.319825 0.519639 
-0.761284 -0.657509 -0.0468227 -0.249946 0.0973513 
-0.129472 0.623878 -0.0522616 0.124417 -0.0567555 
0.424207 -0.0796632 -0.882482 0.285171 -0.299003 
-0.473092 0.395976 -0.410518 -0.403122 -0.0714618 
-0.738529 0.191574 0.189226 -0.146704 0.164015 
-0.0768565 1.08654 -0.0663724 0.349384 -0.0556709 
-0.239047 0.281314 -0.0291435 0.19346 -0.532796 
0.468135 -0.577033 -0.211888 0.165703 -2.0303 
pop 1 layer 1
dims 16 16
0.739325 -0.876362 0.330853 0.74939 -0.244515 0.0663315 -1.31869 -0.903712 0.704071 -0.851704 -0.711313 0.421122 -1.13035 0.155223 -0.643626 0.431747 
-0.127005 0.133956 -0.00419578 0.0492397 -0.333608 0.32387 -0.639438 0.773693 -0.163635 -0.277541 -1.82016 -0.0972946 0.46147 0.545235 0.488718 -0.976465 
-0.581484 -0.225338 -0.443803 -0.0349234 -0.669504 -0.323979 0.29546 0.625254 0.733306 0.52233 0.398018 0.12732 0.57429 0.124913 0.0186298 0.00322377 
0.0616867 0.287609 -0.182748 -0.267562 -0.313849 0.357848 -1.45731 -0.0326286 -0.379525 0.966525 0.0126753 -0.333099 0.249258 -0.435921 0.48257 0.805392 
-0.469928 -0.129786 0.23488 0.290285 -0.0609702 -0.123862 -0.497711 -0.444215 -0.0401034 0.0633647 0.107522 0.0487354 -0.279309 0.983721 -0.279892 0.8269 
-0.596172 -0.0104466 1.27122 -0.214932 -0.118269 0.202567 0.0688577 -0.676546 -0.821785 1.33709 -0.3105 0.10826 -0.973157 -1.06781 -0.2182 -0.659187 
-0.236779 0.13541 0.124788 0.320224 -0.103308 -0.833939 0.3498 -0.724988 -0.580291 -0.16026 0.101932 0.34508 0.00759223 0.564137 0.82184 0.450481 
-0.662803 0.749699 0.581725 0.480066 0.657807 0.898667 0.659107 1.03587 -0.0469871 0.0400716 0.561804 0.324167 0.0581002 -0.509466 0.285277 0.508875 
-0.529793 -0.318674 0.260059 -0.285862 0.616149 0.0985765 0.0397779 0.198275 1.28834 0.566411 0.759145 0.110094 -0.277811 -0.369388 0.356424 0.016549 
0.117167 -0.28666 -0.737328 -0.193391 1.32043 0.246238 -1.45221 0.438279 0.121712 -0.146316 0.458112 -0.154371 -0.790336 0.430672 -0.696131 -0.941571 
0.514988 -0.505081 -0.551104 0.862371 -0.223253 -0.0120757 0.363689 0.216424 0.588384 0.132746 1.45407 0.124774 0.795845 0.630892 -1.44176 0.649583 
0.77416 0.629115 0.771993 0.497704 -0.174349 -0.25777 -1.24308 0.259837 0.0832663 -0.025122 0.723743 0.701586 0.211533 -0.352442 0.192927 -1.17266 
0.60941 -1.33081 -1.07681 0.821314 -0.353892 0.196893 1.48408 -0.380635 0.22362 -0.14583 1.12565 0.360685 -0.111066 -0.219202 0.96922 0.0658657 
-1.22858 1.00745 0.0498537 -0.455681 -0.257304 -0.139453 0.717585 0.421991 0.34593 -0.147152 -0.747596 0.766911 -0.348156 -0.0768897 0.128395 1.15925 
-0.738091 -0.253802 -0.738423 1.10405 0.0790207 0.868516 -0.0445439 -0.575564 -1.45206 -0.310271 -0.823904 -0.082283 -0.492094 -0.157758 -0.95726 0.381529 
-0.3129 -0.726965 -0.0053274 0.144641 0.969576 0.358735 -1.64655 0.296982 0.423774 0.302307 0.497604 -0.174216 -0.728578 -0.483955 -0.380567 0.579579 
pop 1 layer 2
dims 4 16
-0.209509 0.356355 -0.383499 0.734758 0.629219 0.172476 0.341159 0.167879 -0.294496 0.117076 0.0132458 0.405957 0.0872513 0.221688 -0.00349774 0.490216 
0.602449 0.225676 0.0779533 -0.130739 0.612912 -0.421111 0.523096 0.0537507 0.492085 -0.112915 -0.710016 0.148509 0.504093 -0.24229 0.585665 -0.903348 
-0.206162 0.2881 0.433765 0.896178 -0.108846 -0.458853 -0.421135 -0.868537 0.0901871 0.261217 -0.171396 -0.295576 -0.0366404 -0.754105 0.0841294 0.165019 
-0.0943637 -0.0298756 0.245478 -0.256342 0.618193 -0.688394 0.421289 -0.457656 -0.140959 -0.327197 0.308677 -0.0879102 0.176528 -0.557686 -0.444147 0.432028 
pop 2 layer 0
dims 16 5
-0.0838899 -0.522119 0.0514268 0.878039 0.195549 
0.373397 0.820437 -0.08344 0.569511 -0.462172 
-0.914293 0.410344 -0.272275 0.225109 0.242926 
-0.393005 0.279664 0.374858 0.0160322 0.314393 
-0.364752 -0.342232 -0.56617 -0.598674 -0.26732 
-0.764908 -0.0176509 -0.226361 -0.53155 -0.244001 
0.428848 0.933059 1.0978 -0.000290214 0.397128 
0.299721 0.363879 -0.239242 -0.628637 0.296177 
-1.04822 -0.62716 -0.137518 0.0470104 0.319178 
-0.0689573 0.573841 -0.10483 0.38066 0.00796886 
0.276443 -0.19128 -1.23245 0.288186 -0.383821 
-0.457011 0.71016 -0.573596 -0.458976 -0.237994 
-1.01456 -0.108785 0.125227 -0.077215 -0.0494177 
-0.0727108 1.19164 -0.651994 0.382262 -0.070825 
-0.253277 0.106993 -0.0467097 0.306327 -0.500429 
0.784686 -0.938714 -0.32662 -0.0861282 -2.3665 
pop 2 layer 1
dims 16 16
0.824726 -1.12293 0.487008 0.79879 -0.343805 0.254671 -1.47939 -1.16497 0.826253 -0.940057 -0.948841 0.800231 -1.32278 0.023212 -0.744595 0.44242 
-0.115067 0.321135 -0.0513895 0.0780833 -0.373752 0.28351 -1.08693 1.05175 0.047981 -0.252114 -1.933 -0.123398 0.508938 0.812683 0.501105 -1.11956 
-0.53504 -0.337171 -0.285432 0.164997 -0.860058 -0.311934 0.547995 0.752939 0.907329 0.398626 0.340819 0.387011 0.415523 -0.0779913 -0.16664 0.355532 
-0.177591 0.397835 -0.28987 -0.111466 -0.149727 0.346485 -1.64339 -0.436026 -0.589482 1.19029 -0.0141146 -0.471362 0.353339 -0.426258 0.426777 0.725243 
-0.560356 -0.112408 0.202432 0.462304 0.199509 -0.290206 -0.616742 -0.677946 0.0681091 0.109525 0.121592 0.0551617 -0.274506 1.30695 -0.317828 1.17848 
-0.894146 -0.0239641 1.31769 -0.638534 0.0298727 0.164556 0.243298 -1.08814 -1.0517 1.57619 -0.407092 -0.147511 -1.30155 -1.3337 -0.405257 -0.90093 
-0.308224 -0.00565727 0.0932098 0.39383 -0.432363 -1.03913 0.52269 -0.785737 -0.571986 -0.393222 0.310886 0.271925 0.127093 0.521461 0.938304 0.418845 
-0.718078 0.56776 0.40723 0.698524 0.843 1.29017 0.717689 0.941174 0.116863 0.0529308 0.715062 0.36116 -0.183688 -0.933178 0.27555 0.482468 
-0.608131 -0.223941 0.162852 -0.556182 0.960613 0.136888 0.0109256 0.0406088 1.41892 0.579931 0.902977 0.00492345 -0.346039 -0.581615 0.389071 -0.0181095 
0.280831 -0.434544 -1.08799 -0.402479 1.32714 0.489185 -1.69878 0.711238 0.246939 -0.452205 0.660679 -0.0212755 -0.824855 0.595291 -0.823189 -0.918417 
0.269113 -0.662276 -0.673146 1.15489 -0.327703 -0.000545377 0.439573 0.380788 0.426278 0.2477 1.52664 0.0662312 0.992844 0.659259 -1.55399 0.712817 
0.897426 0.851643 0.939604 0.599447 -0.107407 -0.409137 -1.34046 0.202602 0.142733 0.0423158 0.594919 0.843332 0.202787 -0.314586 -0.0449481 -1.31667 
0.850735 -1.36595 -1.25103 0.778803 -0.474197 0.376472 1.67451 -0.548245 0.422599 -0.0408121 1.2779 0.512954 -0.230279 -0.414072 1.0677 -0.094959 
-1.48386 1.11945 0.0671218 -1.01063 -0.23079 -0.0317844 1.05567 0.609308 0.488142 -0.322434 -0.900369 1.03829 -0.0707729 -0.10451 0.339032 1.29765 
-0.81617 -0.410425 -0.800192 1.17758 0.132072 0.762592 0.0900425 -0.610454 -1.47236 -0.186433 -0.981422 -0.123743 -1.0256 0.0607771 -1.04933 0.447183 
-0.0782199 -0.828834 0.0252337 0.00788534 1.21947 0.616665 -2.11681 0.564241 0.549624 0.33135 0.862965 -0.146834 -1.03803 -0.41885 -0.477729 0.703284 
pop 2 layer 2
dims 4 16
-0.296963 0.668848 -0.0872512 0.855813 0.734101 0.270422 0.479615 -0.116733 -0.485922 0.0548014 0.19266 0.426038 0.0779661 0.196201 0.0731542 0.658457 
0.631092 -0.0185604 0.0741684 -0.376092 0.451326 -0.601649 0.738571 0.356707 0.640359 -0.137338 -0.913023 -0.018755 0.584843 -0.466893 0.675396 -1.11449 
-0.0538964 0.446288 0.559505 1.05107 -0.180777 -0.376404 -0.255669 -1.23186 0.0941049 0.389685 -0.0610628 -0.357321 -0.167195 -0.796161 0.277804 0.147131 
-0.158903 -0.190967 0.182262 -0.580454 0.847818 -0.766898 0.529221 -0.323719 -0.281551 -0.369886 0.364302 -0.133673 0.306316 -0.685172 -0.612651 0.597374 
pop 3 layer 0
dims 16 5
-0.306488 -0.504889 -0.150541 0.672371 0.168454 
0.143513 0.454686 -0.154767 0.267392 -0.617264 
-0.835233 0.098848 -0.154941 0.296592 0.154451 
-0.213495 0.117039 -0.0178366 0.0601436 0.152549 
-0.441214 -0.298891 -0.60298 -0.545585 -0.144013 
-0.496616 -0.220519 0.12322 -0.39978 -0.13337 
0.24824 1.11744 0.669072 0.0722933 0.392202 
0.305775 0.212383 -0.180598 -0.624345 0.409557 
-0.891127 -0.756773 -0.139281 -0.204703 0.290962 
-0.065535 0.412485 -0.147772 0.0503986 0.0243782 
0.249264 -0.0601996 -0.957065 0.271564 -0.192958 
-0.312606 0.597177 -0.370424 -0.39686 -0.0972436 
-0.725428 0.0836792 -0.0526232 -0.109557 -0.177416 
-0.256991 1.07249 -0.379355 0.397142 -0.00452803 
-0.263927 0.336582 -0.0497673 0.408482 -0.488229 
0.686144 -0.641735 -0.20021 0.189151 -1.99218 
pop 3 layer 1
dims 16 16
0.654849 -0.972046 0.480377 0.733119 -0.252735 0.238509 -1.29612 -0.91467 0.667438 -0.74843 -0.636659 0.521425 -1.27723 0.180574 -0.590521 0.184887 
-0.105101 0.160135 0.0491111 0.111381 -0.268789 0.267562 -0.673757 0.870792 -0.117092 -0.0344618 -1.57369 -0.280259 0.510595 0.6139 0.447831 -0.940345 
-0.513133 -0.0343571 -0.371874 -0.13351 -0.67747 -0.261896 0.342338 0.562154 0.721729 0.410403 0.472064 0.043315 0.546988 0.0507479 -0.145569 0.116716 
-0.178646 0.327665 -0.210333 -0.146531 -0.141401 0.280099 -1.30454 -0.243623 -0.491387 1.06057 -0.0610189 -0.253259 0.0615296 -0.348703 0.305211 0.639908 
-0.338491 -0.246829 0.20831 0.279129 -0.0062945 -0.303685 -0.453689 -0.630936 0.193273 0.131417 0.0544304 0.105203 -0.398859 0.855963 -0.44846 0.946685 
-0.441638 -0.15676 1.04099 -0.316033 0.0203668 -0.0105065 0.0124146 -0.769087 -0.723504 1.1649 -0.170253 -0.00638315 -0.938184 -1.0542 -0.324311 -0.599778 
-0.0943923 0.102565 0.0942439 0.419647 -0.237582 -0.588394 0.446663 -0.714812 -0.508307 -0.187923 0.236946 0.475839 -0.147743 0.61791 0.83554 0.445866 
-0.667413 0.550302 0.400862 0.592765 0.811513 0.995086 0.565942 0.762781 0.0484777 0.24651 0.64223 0.19072 -0.0531759 -0.517639 0.130627 0.244107 
-0.522673 -0.0493855 0.413912 -0.454477 0.54517 0.306829 0.000942014 -0.0255676 1.30984 0.470657 0.712404 -0.0184579 -0.322867 -0.411398 0.305325 0.203586 
0.0564824 -0.397758 -0.73439 -0.369201 1.17224 0.434398 -1.32759 0.361262 0.300257 -0.0414516 0.361461 -0.21559 -0.697114 0.479579 -0.390997 -0.815945 
0.264651 -0.245 -0.610083 0.677622 -0.226018 -0.241072 0.255982 0.222591 0.578994 0.218506 1.37941 0.0841678 0.777082 0.554174 -1.12382 0.528826 
0.567636 0.589576 0.781902 0.443361 -0.0722789 -0.0597763 -1.26156 0.390844 0.0535378 -0.00556865 0.335097 0.581449 0.147195 -0.295632 0.337433 -1.19666 
0.729355 -1.01048 -0.845153 0.672774 -0.645619 0.306341 1.4021 -0.511886 0.55597 -0.0344527 1.10357 0.490766 -0.193421 -0.450882 1.1039 0.170997 
-1.15719 1.12843 -0.0433336 -0.559664 -0.266735 -0.116068 0.552834 0.594059 0.498536 -0.323776 -0.770501 0.858473 -0.121168 -0.0354096 0.519573 1.03056 
-0.759579 -0.388575 -0.76067 1.13875 0.235639 0.570907 0.0813 -0.384036 -1.47166 -0.329101 -0.814428 -0.334272 -0.79197 -0.101456 -0.880305 0.218617 
-0.0355291 -0.626938 0.245242 -0.0331793 0.960082 0.299802 -1.735 0.368136 0.340327 0.180287 0.779133 -0.0854519 -0.777524 -0.313957 -0.406358 0.849224 
pop 3 layer 2
dims 4 16
-0.113994 0.375635 -0.103535 0.864568 0.614603 0.145512 0.569754 0.237496 -0.287236 -0.0339791 0.276101 0.103037 0.0559745 0.291042 -0.0241704 0.461107 
0.425926 0.0709062 0.0204968 -0.219964 0.369293 -0.529909 0.635547 0.209422 0.608099 -0.409641 -0.737765 0.139673 0.537609 -0.408496 0.609407 -0.882056 
-0.191691 0.508985 0.664495 0.854707 -0.0959584 -0.393589 -0.154326 -0.930292 0.207096 0.554302 -0.0738903 -0.206865 -0.140979 -0.469441 0.42274 0.132873 
0.025755 -0.0552269 0.315745 -0.531335 0.603628 -0.785345 0.3032 -0.319367 -0.331623 -0.276285 0.141535 0.084987 0.433888 -0.686442 -0.373681 0.376119 
pop 4 layer 0
dims 16 5
-0.538926 -0.549967 -0.106569 0.79389 0.0154812 
0.16005 0.499796 0.00700065 0.5361 -0.128651 
-0.561511 0.774335 -0.277204 0.777341 -0.236455 
-0.0325296 0.356605 0.0651395 -0.414141 0.191897 
0.197892 -0.828029 -0.660115 -0.552755 -0.072315 
-1.22693 -0.215929 -0.236602 -0.655073 -0.242637 
0.647478 0.661084 1.04231 -0.0251077 0.337486 
0.376369 0.599015 0.112911 -0.991906 0.0892072 
-1.01789 -0.893913 -0.201912 -0.0114368 0.40353 
-0.0545405 0.360739 -0.111026 0.151523 0.145259 
0.310363 -0.370683 -0.649607 0.744262 -0.604202 
-0.0109131 0.841771 -0.390763 -0.74339 -0.158234 
-0.533061 -0.812675 0.558938 -0.198769 -0.39535 
0.0438989 0.979216 -0.539523 0.175523 -0.653631 
-0.379755 -0.210815 0.223732 0.669787 -0.544444 
0.600414 -1.09721 -0.230998 -0.127758 -2.04034 
pop 4 layer 1
dims 16 16
0.46645 -1.10889 -0.0861462 0.18405 -0.223281 0.0539675 -1.02975 -0.691541 0.375314 -0.728993 -0.615751 0.00861288 -1.13217 -0.370607 -0.183107 0.32594 
-0.522953 0.392819 -0.564404 -0.0769479 -0.148002 0.0525685 -0.748055 0.718518 0.305096 -0.548024 -1.2268 -0.139722 0.500449 0.284482 0.396898 -0.751819 
-0.289924 0.0236133 0.200259 -0.0816083 -0.797714 0.0931735 0.299042 0.81314 0.141288 0.412903 0.262312 0.391161 -0.254499 0.266428 -0.0998061 -0.334503 
-0.35075 0.213567 -0.734588 0.0259667 -0.0476018 0.382508 -1.0127 0.0102314 -0.21052 0.386471 0.273792 -0.418195 -0.0794251 -0.0843959 0.267674 0.256748 
-0.214961 0.00697466 -0.175182 0.447386 0.0679376 -0.102703 -0.424009 -0.395023 -0.32717 0.226028 0.0664645 0.0446752 0.0989599 0.930219 -0.0614428 0.800433 
-0.779668 0.167786 0.933606 -0.322514 0.0344499 0.0955739 0.00214966 -0.552983 -0.568809 0.80278 -0.331429 0.0333141 -0.649997 -0.837882 -0.284477 -0.439103 
-0.19231 -0.0801102 -0.113382 0.0906381 -0.558062 -0.618692 0.598002 -0.848784 -0.41304 0.137476 0.0338683 0.0878191 -0.176388 0.73122 0.19445 0.417317 
-0.401035 0.522801 0.344924 0.709833 0.205587 0.940841 0.305396 0.33418 0.515412 -0.0686094 0.320185 0.214498 -0.324206 -0.713131 0.178854 0.1807 
-0.567891 -0.416441 0.225562 -0.161508 0.412019 0.114766 0.375612 0.186437 1.41802 0.463674 0.305143 -0.0538207 -0.0148064 -0.542048 0.374575 -0.0957415 
0.407443 -0.407341 -0.742799 -0.0942944 0.348016 0.105257 -0.735577 0.0238196 0.417751 -0.157234 0.44194 -0.403771 -0.501939 0.605506 -0.554651 -0.317939 
0.361937 -0.312045 -0.867119 0.695828 -0.183481 0.23864 -0.0170003 0.482785 0.556157 0.243582 1.10272 -0.240896 0.861967 0.392596 -1.15686 0.510592 
0.638358 0.50116 0.456297 0.629239 -0.265672 -0.505415 -1.2391 0.207665 -0.473858 0.106441 0.485808 0.689065 0.0662966 -0.295377 0.357804 -0.825574 
0.631977 -0.831485 -0.72987 0.857842 -0.0385793 0.368874 0.971166 -0.327284 0.338284 -0.253017 0.358059 0.000328879 0.342012 -0.571081 0.87743 0.0421055 
-0.954397 0.36638 0.155031 -0.507254 -0.439726 -0.0256571 0.796139 0.45931 0.335949 -0.399464 -0.461511 0.852308 -0.392858 -0.0826213 0.0206206 0.865996 
-0.678797 -0.264093 -0.235651 0.939481 -0.0988832 0.43515 0.026065 -0.741176 -1.11021 -0.245845 -0.639718 -0.333124 -0.885152 -0.137859 -0.640586 0.179122 
-0.0297776 0.0905353 -0.246798 0.0568876 0.961828 0.646172 -1.40532 0.17973 0.256979 0.67057 0.540316 -0.0252608 -0.705342 0.134378 0.0247373 0.531804 
pop 4 layer 2
dims 4 16
-0.19703 0.536856 -0.505159 0.290802 0.536677 0.459798 0.323397 0.309034 -0.459497 0.241414 0.13665 0.286786 -0.147165 -0.041639 -0.00933604 0.596523 
0.50494 0.216378 0.134435 -0.472295 0.268209 -0.354193 -0.0261352 0.118398 0.210261 -0.17678 -0.560575 0.0701627 0.257736 0.0265029 0.445016 -0.890602 
0.569615 0.142944 0.601892 0.205022 -0.403904 -0.438621 -0.469355 -1.09115 0.440259 0.155632 0.600796 -0.473666 -0.0459146 -0.605663 0.549379 0.032226 
-0.38036 -0.507846 -0.0280598 -0.109368 0.665332 -0.287892 0.182602 0.311583 -0.229115 -0.47246 0.281018 -0.523455 0.224931 -0.427434 -0.62938 -0.207975 
pop 5 layer 0
dims 16 5
-0.487445 -0.472074 -0.185842 0.827876 0.0665099 
0.135999 0.490419 -0.173615 0.624191 -0.222918 
-0.617442 0.81694 -0.355081 0.899341 -0.229238 
-0.106273 0.484997 0.123461 -0.638787 0.35168 
0.161495 -0.831358 -0.798779 -0.551665 -0.065629 
-1.37787 -0.170206 -0.310378 -0.551799 -0.424783 
0.481165 0.653072 1.35182 -0.0466044 0.349862 
0.34866 0.742994 0.112154 -0.963801 0.121816 
-1.04694 -1.00322 -0.185851 -0.0810329 0.290734 
-0.280073 0.48595 -0.128864 0.264818 0.211364 
0.252225 -0.567032 -0.782005 0.80881 -0.575497 
0.039313 0.741885 -0.470543 -0.678751 -0.255126 
-0.643594 -0.809619 0.590233 -0.233756 -0.419183 
0.084306 1.07459 -0.618143 0.331396 -0.664705 
-0.489013 -0.16953 0.128036 0.844351 -0.481959 
0.652063 -1.2299 -0.204563 -0.15741 -2.34491 
pop 5 layer 1
dims 16 16
0.688008 -1.15006 0.0645805 0.133069 -0.23893 0.014816 -1.00269 -0.569444 0.467269 -0.558571 -0.678782 0.145625 -1.13789 -0.340786 -0.384135 0.378654 
-0.440285 0.223274 -0.652591 -0.188712 -0.15884 0.172596 -0.911504 0.607208 0.283623 -0.738987 -1.42651 -0.242547 0.511502 0.422474 0.425094 -0.765268 
-0.333758 -0.202541 0.0267087 0.0514302 -0.892758 0.167681 0.399788 0.77954 0.287704 0.529239 0.340272 0.356594 -0.240298 0.198272 -0.17937 -0.182871 
-0.505064 0.371381 -0.639147 -0.0205536 -0.134586 0.524823 -1.18969 -0.240855 -0.405191 0.568245 0.336358 -0.382855 0.0560615 -0.192266 0.322437 0.386262 
-0.360957 -0.071545 0.00585296 0.506056 0.10831 -0.217419 -0.549896 -0.332766 -0.434913 0.171427 0.0550855 0.179853 0.0952993 0.888562 -0.179475 0.78052 
-0.663882 0.2585 1.07299 -0.397983 0.129362 0.128118 -0.0887544 -0.708401 -0.741462 0.912608 -0.467746 -0.0222512 -0.760871 -0.891945 -0.0896305 -0.477366 
-0.103981 -0.173584 -0.151621 0.136562 -0.466546 -0.653427 0.73669 -0.762961 -0.186257 0.0282552 0.0415243 0.155201 -0.166201 0.874078 0.457588 0.305097 
-0.532777 0.441841 0.368359 0.639034 0.107568 0.979875 0.312418 0.40803 0.611927 -0.0712939 0.333867 0.210483 -0.330777 -0.926 0.302895 0.226061 
-0.610722 -0.49912 0.24276 -0.188918 0.543698 0.246238 0.434894 0.0687845 1.37115 0.38164 0.40026 -0.032309 -0.110333 -0.454412 0.148954 -0.0281922 
0.263625 -0.571143 -0.894182 -0.216078 0.551938 0.212582 -0.948569 0.245836 0.379486 0.0131663 0.385814 -0.52712 -0.514556 0.513305 -0.612694 -0.337181 
0.393693 -0.142504 -0.888341 0.719022 -0.202103 0.163966 0.111667 0.489899 0.460975 0.288292 1.11574 -0.15124 1.00756 0.380838 -1.38656 0.580524 
0.764049 0.408831 0.705193 0.667558 -0.392812 -0.394322 -1.16054 0.354312 -0.467633 0.13613 0.461853 0.816047 0.176234 -0.221464 0.22168 -0.798592 
0.720665 -0.912101 -0.67682 0.805299 -0.141042 0.28579 1.08627 -0.250754 0.388504 -0.26666 0.549661 0.0180259 0.139676 -0.391208 0.98198 -0.108024 
-1.10306 0.582298 0.19998 -0.696185 -0.370967 -0.0226545 0.932638 0.412695 0.430675 -0.398069 -0.335441 0.84463 -0.39619 0.0623158 0.0831806 0.871414 
-0.808981 -0.27385 -0.282114 1.04235 -0.0569432 0.368084 0.0149573 -0.683465 -1.26949 -0.19334 -0.635633 -0.308019 -1.07662 -0.158972 -0.771246 0.121641 
0.0205728 0.0235261 -0.222319 0.0422182 1.08016 0.65985 -1.56956 0.230062 0.241964 0.747256 0.658208 -0.127585 -0.80467 0.00937162 -0.0239783 0.337961 
pop 5 layer 2
dims 4 16
-0.161296 0.429821 -0.361415 0.409171 0.439451 0.506641 0.507992 0.260948 -0.461379 0.171825 0.0321335 0.508846 -0.194483 -0.132026 0.10994 0.651565 
0.685271 0.196821 0.176221 -0.387376 0.276897 -0.232552 0.0923107 -0.0437649 0.203818 -0.125306 -0.616494 -0.0588015 0.261713 0.131898 0.416472 -0.864909 
0.507619 0.146888 0.70229 0.198331 -0.0487202 -0.5058 -0.523977 -1.10115 0.237589 0.212549 0.440453 -0.656863 0.01848 -0.590422 0.496488 0.199957 
-0.539167 -0.415579 -0.035043 -0.0674246 0.686589 -0.383447 0.222062 0.255218 -0.251878 -0.569357 0.272867 -0.481682 0.181427 -0.539246 -0.644973 -0.117441 
pop 6 layer 0
dims 16 5
-0.459781 -0.439792 -0.158741 1.05031 0.11122 
0.238633 0.861437 -0.0777694 0.519268 -0.495965 
-1.12917 0.967422 -0.412129 1.10924 -0.139668 
-0.375074 0.744686 0.41351 -0.45955 0.319615 
0.0155279 -1.01111 -1.03292 -0.457275 -0.0838083 
-1.7148 -0.0064657 -0.49038 -0.618626 -0.406623 
0.782448 1.15386 1.67615 0.0269793 0.634669 
0.451257 1.26423 -0.210387 -0.960699 0.0698296 
-1.13986 -1.43993 -0.232386 0.0128365 0.437228 
-0.0187131 0.558571 0.125861 0.526662 0.354586 
0.336129 -0.531191 -1.23331 1.18759 -1.10611 
0.0451719 0.765464 -0.644543 -0.698419 -0.13193 
-1.28078 -0.879349 0.739652 0.0167714 -0.0808107 
-0.0509912 1.23515 -0.793424 0.563378 -0.733807 
-0.353363 -0.442872 0.0890904 0.881229 -0.698617 
0.875639 -1.55879 -0.281169 0.0500738 -2.9236 
pop 6 layer 1
dims 16 16
0.991039 -1.42109 0.535337 0.677776 -0.358422 0.288152 -1.51595 -1.35078 0.982458 -0.8318 -0.936063 0.996846 -1.58969 -0.0821517 -0.897715 0.51761 
-0.163393 0.384957 -0.123801 0.0669389 -0.485766 0.330602 -1.22706 1.14533 0.0691339 -0.0749352 -2.02014 -0.166944 0.633652 0.721803 0.465594 -1.2623 
-0.659918 -0.447586 -0.323663 0.0662688 -0.990828 -0.314068 0.503685 0.876585 0.866 0.579197 0.404763 0.362932 0.551589 -0.0735906 -0.248319 0.302137 
-0.281047 0.512879 -0.436583 -0.145995 -0.382858 0.423422 -1.74053 -0.295275 -0.704766 1.12832 -0.0469516 -0.350625 0.441774 -0.337433 0.204372 0.732988 
-0.523858 -0.0766424 0.248447 0.568689 0.21109 -0.426167 -0.711869 -0.941057 0.0871706 0.360544 0.158659 0.266147 -0.149415 1.34282 -0.476861 1.18257 
-1.05855 0.167993 1.58037 -0.777966 0.228856 0.282511 0.259944 -1.19952 -1.15431 1.73899 -0.564123 0.000798291 -1.22551 -1.55479 -0.507848 -0.937582 
-0.442749 -0.0635554 0.0091886 0.303526 -0.669572 -1.07196 0.79546 -0.911346 -0.602556 -0.294191 0.297239 0.362519 0.1928 0.710034 1.01521 0.407008 
-0.774738 0.656991 0.353975 0.980936 0.775094 1.57841 0.695177 1.1916 0.304638 0.0911036 0.676523 0.347764 -0.366665 -0.968601 0.243207 0.384618 
-0.708784 -0.387165 0.133607 -0.563391 1.16385 0.104396 0.0458593 0.00195073 1.6231 0.57925 1.1017 -0.193301 -0.290598 -0.540447 0.581103 0.0465224 
0.42223 -0.495457 -1.00989 -0.510901 1.28175 0.519441 -1.69057 0.78643 0.384148 -0.39972 0.63683 -0.271563 -0.974413 0.564929 -0.948083 -0.916404 
0.339072 -0.803729 -0.681808 1.3217 -0.409195 -0.0293093 0.519855 0.578813 0.581496 0.307877 1.59904 0.230582 1.1279 0.544944 -1.82279 0.457589 
1.03556 0.854203 1.02963 0.643001 -0.157067 -0.420159 -1.72072 0.300101 0.0968869 -0.0806924 0.501224 0.945546 0.475669 -0.427655 -0.226278 -1.53978 
0.907066 -1.59214 -1.23023 0.885507 -0.404544 0.263409 1.85067 -0.539687 0.483836 -0.00888458 1.2576 0.366361 -0.105436 -0.506178 1.13066 -0.0702013 
-1.64099 1.37074 0.138826 -1.06875 -0.278429 -0.0107176 1.20021 0.693921 0.489011 -0.418573 -0.968397 1.25071 -0.10069 -0.231436 0.480335 1.35403 
-1.0487 -0.474246 -0.813663 1.17856 0.126997 0.680245 0.131793 -0.486389 -1.60957 -0.186499 -1.07291 -0.197793 -1.30619 0.0263691 -1.1905 0.515148 
-0.137918 -0.853137 -0.0155193 -0.0478633 1.33658 0.656388 -2.30495 0.556424 0.654975 0.440255 0.861121 -0.143835 -1.22819 -0.499264 -0.362107 0.64333 
pop 6 layer 2
dims 4 16
-0.774478 1.17059 0.026227 0.834345 0.73022 0.600663 0.911861 0.28543 -0.964306 0.376581 -0.0198565 0.303217 -0.0772956 0.375057 -0.074154 0.686091 
0.961805 0.481176 0.131312 -0.627907 0.416231 -0.583355 0.377292 0.139014 0.527116 -0.249038 -1.20155 0.249094 0.529928 -0.106046 0.286117 -1.5763 
0.202813 0.0316015 1.34494 0.961899 -0.251738 -0.496319 -0.287242 -1.69447 0.199602 0.640355 0.31411 -0.686811 0.221546 -1.12695 0.496754 0.408764 
-0.757637 -0.32191 -0.0331008 -0.214647 1.22609 -0.880101 0.496834 0.109117 -0.620886 -0.579698 0.645113 -0.395758 0.370126 -0.617089 -0.925228 0.632372 
pop 7 layer 0
dims 16 5
-0.590264 -0.369244 -0.278117 0.751998 0.149001 
0.00683031 0.47819 -0.101468 0.518315 -0.287632 
-0.702458 0.793672 -0.318309 0.965358 -0.082069 
-0.143188 0.327081 0.127688 -0.708819 0.291981 
0.264571 -0.734336 -0.623038 -0.496114 0.120174 
-1.35481 -0.275262 -0.409204 -0.473008 -0.288634 
0.33057 0.610705 1.28406 0.00623303 0.457579 
0.246641 0.7286 0.173251 -0.880528 0.23346 
-0.934629 -1.10661 -0.244176 -0.0280591 0.240358 
-0.565737 0.455789 -0.2144 0.25181 0.138376 
0.263388 -0.4798 -0.658552 0.60401 -0.478619 
-0.113109 0.639693 -0.390131 -0.711508 -0.11673 
-0.66414 -0.577599 0.459561 -0.131322 -0.557984 
-0.00733778 1.06404 -0.267686 0.253831 -0.48481 
-0.368736 -0.0809861 0.263679 0.696424 -0.507181 
0.691723 -1.03829 0.00319912 -0.160182 -2.04822 
pop 7 layer 1
dims 16 16
0.613776 -1.04771 0.245221 0.581203 -0.196283 0.10583 -0.671766 -0.87233 0.607766 -0.488298 -0.681799 0.203492 -0.658969 -0.252936 -0.613703 0.137067 
-0.287635 0.402783 0.00179725 -0.00786943 -0.0233515 0.442384 -0.860104 0.826439 0.211061 -0.812362 -1.10383 -0.323282 0.483243 0.570164 0.33718 -0.847006 
-0.306542 -0.017449 -0.213524 -0.00350219 -0.857376 -0.0278519 0.356659 1.03726 0.750257 0.522672 0.41 0.105252 -0.326841 0.0688731 -0.419692 -0.199033 
-0.465684 0.28844 -0.352565 0.0527003 -0.110044 0.242592 -1.14864 -0.00943352 -0.205239 0.427439 0.225464 -0.164243 0.45381 -0.117755 0.188842 0.0673261 
-0.419395 -0.199575 0.133691 0.457534 -0.0673306 -0.266177 -0.628153 -0.408325 -0.0337768 -0.0272314 0.15656 0.105829 -0.101217 0.477486 0.0981351 0.961309 
-0.71539 0.0712579 0.754926 -0.654086 -0.254858 -0.000674594 0.0212645 -0.825698 -0.748992 1.07285 -0.282785 0.129259 -0.778019 -0.664335 0.0643089 -0.826318 
-0.117834 -0.179601 -0.154735 0.0149556 -0.576751 -0.706093 0.663034 -0.541257 -0.677007 0.213562 0.083709 0.333869 0.143485 0.483884 0.580829 -0.0223108 
-0.670093 0.397077 0.419152 0.630829 0.106644 0.626716 0.1196 0.462309 0.309926 0.20019 0.092534 0.375172 -0.324099 -0.654691 0.366478 0.172727 
-0.456783 -0.176339 -0.102779 -0.208755 0.360873 0.162086 0.323751 -0.0704943 1.23302 0.222506 0.539381 0.401132 -0.0658305 -0.165493 0.0285161 -0.0839808 
0.269399 -0.74421 -0.873979 0.0523455 0.383072 0.0725759 -1.09093 0.191483 0.316946 0.024363 0.664186 -0.174503 -0.748486 0.169508 -0.71506 -0.499534 
0.195949 -0.448213 -0.833462 0.563015 -0.364675 0.014661 0.437241 0.334274 0.321712 0.288544 0.957004 -0.0137044 0.809149 0.203844 -1.3591 0.562258 
0.387385 0.517881 0.738743 0.350663 -0.368359 -0.236071 -1.11152 0.506141 -0.18683 0.163736 0.272862 0.528344 0.349098 -0.427432 0.333681 -0.965592 
0.162689 -0.728921 -0.54815 0.56912 -0.113004 0.0510343 0.981273 -0.419588 0.363925 -0.0558279 0.553407 0.0608718 0.027689 -0.117537 0.568176 0.0914266 
-0.931257 0.802207 -0.10143 -0.39286 -0.0920975 0.00833447 0.766544 0.359255 0.448843 -0.217324 -0.443158 0.790573 -0.450308 -0.130257 0.272441 0.619277 
-0.981128 -0.388917 -0.690986 0.752982 0.225308 0.361359 0.054641 -0.405486 -0.955025 -0.229888 -0.478827 -0.158218 -1.03521 -0.0460739 -0.923002 0.31194 
-0.1987 -0.461082 0.234838 -0.0897589 0.921344 0.682202 -1.14683 0.569243 0.735109 0.502046 0.504695 -0.0511975 -0.801843 -0.220616 -0.173437 0.258766 
pop 7 layer 2
dims 4 16
-0.120922 0.406565 -0.190787 0.350618 0.374321 0.397376 0.482206 0.107506 -0.412863 -0.0010842 -0.115538 0.477973 -0.414313 0.000707274 0.0123868 0.52584 
0.400565 0.102439 0.134209 -0.431105 0.245579 -0.236934 -0.00163529 0.0547332 0.222356 -0.161892 -0.71936 0.141807 0.119629 -0.0422345 0.296968 -0.759034 
0.711103 0.163531 0.551129 0.188262 0.0195807 -0.359866 -0.539846 -1.03941 0.212637 0.138025 0.509907 -0.391051 0.125063 -0.513631 0.541212 0.0631222 
-0.454433 -0.345691 0.154358 -0.0785191 0.752855 -0.466364 -0.00228287 0.348996 -0.212271 -0.438927 0.12529 -0.562581 0.224964 -0.648269 -0.45276 0.00738959 
pop 8 layer 0
dims 16 5
-0.445558 -0.304212 -0.0484034 0.79158 0.219033 
-0.0264204 0.567033 0.0146091 0.501703 -0.21812 
-0.453854 0.860065 -0.40448 0.861358 -0.310886 
-0.256736 0.548579 0.220494 -0.365596 0.524899 
0.185101 -0.801035 -0.703166 -0.483533 -0.15788 
-1.35993 -0.0727628 -0.330629 -0.436232 -0.31671 
0.389318 0.764828 1.16154 -0.0291639 0.397362 
0.320902 0.867385 -0.015074 -0.94602 0.329386 
-0.859212 -1.19551 -0.185708 -0.0137144 0.390171 
-0.33293 0.351964 0.0779796 0.099942 0.295595 
0.091517 -0.222052 -0.813962 0.798938 -0.912006 
0.190289 0.637703 -0.273189 -0.580276 -0.353897 
-0.846096 -0.676934 0.321522 -0.0224701 -0.239279 
-0.000482728 1.02461 -0.535796 0.437325 -0.625991 
-0.496656 -0.375818 0.144158 0.79976 -0.584692 
0.645314 -1.41248 -0.0902756 -0.0540924 -2.32701 
pop 8 layer 1
dims 16 16
0.684718 -1.08551 0.0579688 0.532814 -0.50298 -0.00686172 -1.16768 -0.561878 0.818468 -0.71624 -0.833063 0.114473 -0.929919 -0.396259 -0.632166 0.0145542 
-0.161215 0.247212 -0.779291 -0.231599 -0.210051 0.327169 -0.807526 0.587546 0.236705 -0.439257 -1.52762 -0.309796 0.367282 0.306859 0.427163 -0.847609 
-0.175548 -0.316991 -0.175795 -0.0268305 -0.888455 0.00217977 0.302368 0.964204 0.541432 0.169598 0.633719 0.517748 -0.138115 0.161127 -0.179362 0.0713917 
-0.326545 0.530362 -0.535661 -0.158261 -0.387507 0.424548 -1.50361 -0.0922158 -0.307493 0.538528 0.101272 -0.338271 0.19262 -0.223835 0.24189 0.3176 
-0.436747 -0.00977383 -0.0480009 0.401688 0.0972289 -0.159657 -0.417863 -0.207079 -0.423996 0.027604 0.0752216 0.384688 -0.0550636 0.862484 -0.225808 1.13019 
-0.750176 0.0772755 1.13245 -0.341096 0.147241 0.163363 0.199925 -0.736918 -0.663698 1.26777 -0.351369 -0.0166278 -0.791342 -0.936946 -0.102671 -0.632091 
-0.282913 -0.172415 -0.253438 0.316169 -0.47548 -0.727398 0.703957 -0.451652 -0.246479 -0.0716774 0.100592 0.300029 0.242446 0.616193 0.555405 0.115669 
-0.220824 0.429726 0.510788 0.62988 0.231351 0.828638 0.394244 0.375139 0.444073 -0.0804782 0.290572 0.395794 -0.470224 -0.972006 0.271793 0.272401 
-0.4442 -0.275437 -0.0439997 -0.394665 0.624208 0.215141 0.282461 0.00138616 1.16266 0.301726 0.496973 0.0695925 -0.0132253 -0.384714 0.106629 -0.0388973 
0.148781 -0.359128 -0.799749 -0.476024 0.456967 0.303293 -1.1282 0.439527 0.0122837 0.0152631 0.465858 -0.448552 -0.40188 0.677844 -0.641095 -0.493707 
0.24213 -0.308209 -0.825512 0.499684 -0.0356075 0.23631 0.37667 0.351459 0.137333 0.491791 0.997353 -0.363123 0.979512 0.288263 -1.51887 0.485006 
0.571196 0.393555 0.541343 0.53174 -0.357432 -0.302979 -1.03361 0.354378 -0.282504 0.102678 0.217678 0.792079 0.209265 -0.201522 0.122956 -1.17569 
0.826273 -0.86052 -0.73101 1.0052 -0.254522 0.336865 1.13387 -0.402563 0.411972 -0.245238 0.590388 -0.0400153 0.112603 -0.201581 0.894959 -0.045865 
-0.967405 0.566934 0.396082 -0.900758 -0.399416 0.0161898 0.866426 0.596036 0.425046 -0.403029 -0.147825 0.891009 -0.284706 -0.0406859 0.440719 0.956083 
-0.979794 -0.346138 -0.487012 0.771236 0.0183586 0.36322 -0.156218 -0.746917 -1.26096 -0.29082 -0.550718 -0.281605 -1.04422 -0.162615 -0.828128 0.121399 
0.0159875 -0.217664 -0.0317049 0.0529662 1.37382 0.749308 -1.4251 0.221804 0.240355 0.505264 0.585907 -0.276636 -0.772057 0.0332544 -0.0661646 0.35703 
pop 8 layer 2
dims 4 16
-0.183537 0.565497 -0.231948 0.186441 0.49698 0.540594 0.68578 0.178927 -0.602368 0.140417 0.236797 0.531263 -0.226154 -0.105429 -0.00320477 0.63299 
0.786977 0.405705 0.321211 -0.280269 0.504626 -0.226962 0.176043 0.0385148 0.293654 -0.0450352 -0.72808 -0.0111385 0.438838 0.224699 0.563925 -0.907529 
0.280796 0.129014 0.464007 0.22148 -0.0480444 -0.257846 -0.348371 -0.973557 0.319909 0.318037 0.293826 -0.835222 0.023195 -0.51849 0.436808 0.227505 
-0.663914 -0.387766 -0.182997 -0.0683549 0.810004 -0.588026 0.0588002 0.310022 -0.296201 -0.412184 0.134269 -0.215137 0.318773 -0.4262 -0.744596 -0.077107 
pop 9 layer 0
dims 16 5
-0.483456 -0.381372 -0.126928 0.862509 0.148158 
0.103784 0.793028 -0.0502905 0.617868 -0.322336 
-0.628133 0.955264 -0.414648 1.02838 -0.312665 
-0.211819 0.518969 0.216618 -0.467926 0.373416 
0.224254 -0.862772 -0.836163 -0.529463 -0.0773295 
-1.43495 -0.153779 -0.422838 -0.538565 -0.320449 
0.523369 0.815848 1.44572 -0.0815628 0.413768 
0.408148 0.838225 0.0427486 -0.987104 0.152981 
-1.01701 -1.14996 -0.202446 -0.102985 0.333618 
-0.169982 0.604141 0.0492593 0.278325 0.309049 
0.128318 -0.442824 -1.01822 0.844839 -0.794097 
0.146168 0.70697 -0.465689 -0.747838 -0.299264 
-0.939077 -0.842642 0.4475 -0.0908948 -0.270912 
0.00444168 1.01603 -0.678491 0.368115 -0.781665 
-0.470511 -0.438082 0.113612 0.816933 -0.48319 
0.718721 -1.40348 -0.198615 -0.185811 -2.49708 
pop 9 layer 1
dims 16 16
0.846887 -1.21547 0.00499909 0.421759 -0.454409 0.0320033 -1.0241 -0.690002 0.771064 -0.848276 -0.76718 0.184611 -1.1582 -0.31252 -0.584981 0.282742 
-0.357147 0.264942 -0.536411 -0.139539 -0.289844 0.325691 -0.812845 0.623546 0.318109 -0.66081 -1.52544 -0.191779 0.510183 0.358286 0.466405 -0.873109 
-0.35647 -0.297249 -0.165528 -0.0332074 -1.01607 0.0366952 0.299167 1.01677 0.351021 0.353245 0.508204 0.458755 -0.224783 0.187483 -0.138793 -0.0416897 
-0.379962 0.394343 -0.50035 -0.081587 -0.290483 0.616659 -1.40861 -0.124821 -0.50153 0.709655 0.286039 -0.335683 0.135687 -0.304934 0.331182 0.510804 
-0.386179 -0.0546033 0.00947154 0.568653 0.135585 -0.21877 -0.569034 -0.404206 -0.436891 0.102478 0.127461 0.381679 0.0486261 0.899636 -0.355222 1.15539 
-0.775443 0.233131 1.20936 -0.399664 -0.000830861 0.210219 0.0411988 -0.853893 -0.815936 1.28978 -0.475993 0.108679 -0.801422 -0.950998 -0.199754 -0.676964 
-0.227834 -0.205381 -0.156226 0.33779 -0.525507 -0.692556 0.816673 -0.646484 -0.343036 -0.0123425 -0.0296573 0.237861 0.0602781 0.804694 0.648977 0.186107 
-0.408891 0.546732 0.514737 0.795427 0.289601 1.05861 0.373198 0.530192 0.63383 -0.0940848 0.329053 0.377045 -0.434904 -0.90315 0.30733 0.293925 
-0.44237 -0.489453 0.106577 -0.235601 0.732249 0.2631 0.224586 0.10636 1.32542 0.406309 0.533252 0.0106496 -0.0219469 -0.358385 0.13548 0.187132 
0.322794 -0.415298 -0.971059 -0.350533 0.651807 0.269619 -1.18034 0.372845 0.207313 -0.00615254 0.495695 -0.455147 -0.620975 0.567447 -0.611127 -0.495284 
0.398546 -0.278287 -0.925697 0.741375 -0.049739 0.131572 0.317788 0.398235 0.319781 0.349865 1.01887 -0.173652 1.26859 0.384952 -1.52009 0.68779 
0.671393 0.399266 0.801135 0.630724 -0.356188 -0.425202 -1.19945 0.445523 -0.350663 0.296782 0.421896 0.996387 0.269427 -0.29764 0.21202 -1.09542 
0.707559 -0.792016 -0.648337 0.889629 -0.249612 0.428501 1.26939 -0.36202 0.442977 -0.0657272 0.712126 0.0265878 0.11419 -0.329933 0.987686 0.0789526 
-1.1305 0.775702 0.265741 -0.868907 -0.260288 0.0109661 0.775225 0.44232 0.626989 -0.379237 -0.341333 0.839525 -0.416196 0.0122571 0.224459 1.0003 
-1.02667 -0.385491 -0.511709 0.945027 0.028685 0.398132 -0.131058 -0.735347 -1.40721 -0.306967 -0.708004 -0.248577 -1.16957 -0.0303425 -0.946996 0.256593 
-0.00136518 -0.142033 -0.155214 0.0694645 1.37745 0.755648 -1.63177 0.277262 0.313389 0.624682 0.651557 -0.20117 -0.929028 -0.0956166 -0.104389 0.30146 
pop 9 layer 2
dims 4 16
-0.231226 0.608129 -0.303544 0.296981 0.514535 0.602433 0.706141 0.25009 -0.5287 0.221371 0.0399653 0.473663 -0.234924 -0.0679776 -0.216127 0.695684 
0.765878 0.369708 0.249919 -0.380717 0.372066 -0.278658 0.140871 -0.0679027 0.31024 -0.0897374 -0.624229 -0.0500498 0.378351 0.157228 0.375247 -0.97458 
0.368263 0.0610601 0.653567 0.273659 -0.154894 -0.505873 -0.551385 -1.12348 0.250721 0.387805 0.328628 -0.807991 0.0332113 -0.761751 0.586096 0.214687 
-0.506288 -0.507432 -0.0942359 -0.0631595 0.814378 -0.594314 0.219233 0.351528 -0.310146 -0.480612 0.296386 -0.329677 0.287537 -0.682005 -0.827077 0.00645774 
vWeights_end
generator 1580331051 2062648641 189501744 4049260447 490481616 2779063592 3846742975 1101319016 4187509023 2823962541 2695624700 2004956004 158496994 425826155 3501968940 3670728472 4081758565 530435419 1619427816 1074035366 843351291 1199400002 463898685 793632630 67957798 3599765211 2283919288 646502297 2848600305 930102550 3821552885 1957541281 403517752 2509504890 571309736 1131593720 1810303251 527059528 991977902 181787660 4127735818 2170048627 1828370986 2653016404 171080347 1480518667 1084341272 1536026386 2977966854 304244168 238521273 3319406669 616820790 390820712 2261730604 2423195912 993181880 1716162239 2736070645 4223182511 3797656842 1901137774 1275498600 2034016298 4064520339 3805215042 2315804591 969067691 3866786645 1541789067 202848812 1104568756 2097202338 1562028497 13928370 2196652212 517732882 2687577044 131185457 263892920 921729651 2204910114 366970455 251582842 1754186938 812156822 2238459336 3278725967 2266231916 4187715704 414169258 1601384100 3079930522 4214006767 1208235242 1841610284 600763351 1769978256 4054758056 2148735073 4261448287 2948281094 2915812310 3453606490 4126876743 179801511 3235797210 1741011707 367118965 361453595 2278312739 402250723 2927233622 3731846215 2703687728 3938160681 3271661783 1561114792 1079132588 664561038 2206065724 1802346669 598670196 824219542 735845302 818500001 2043073915 2864976005 4039773481 4138659077 3255832806 3749955565 4133426153 1998594422 3428614657 3865256340 2512368166 1130049180 4141315862 3936425145 98500666 1941491454 741899667 4083527759 774067633 734770668 505614813 2415810079 2097332927 161328929 3377041838 999977755 1818586218 1873195361 3702637576 405499278 575323169 3969680346 2298320638 3008247242 956364211 3025552904 695696081 2132814929 2589209113 1348742250 3896753076 1197636594 2754736540 3640676457 564379628 2820786274 2987064838 3078968749 2218217099 805267344 696757764 2614346628 202885302 819141407 3208712465 1104690566 1782092300 1896790937 2977320055 535149311 3641820478 4047796385 3759317295 1315331173 250172397 3670916269 3892997800 2849674745 1963723445 2999673840 3149216566 1378526363 1503678552 1389779247 517731956 567034205 1981564866 2978181548 2199458378 3905003465 3021264720 3224295113 2752999923 2188957331 3071772322 721753380 3977908581 2430982916 498731054 3038384477 1205462005 3077995557 494261390 1273527319 1499789525 3291644540 3074146897 3557391418 2552104902 1045794603 4141211974 1745890331 4091310905 1016080296 1955541449 53419269 2897456132 2098074616 2688298924 3546461973 3464345919 834380609 507815312 2745110345 196977631 725001817 2555268465 713013487 188799116 2376710599 543487237 2030403930 1325907811 832332543 4159428580 2428311496 1202659400 1599603860 1896681654 3648721311 1773788587 813938356 211096197 3107060391 3853826271 574834046 1639983254 295537848 293892446 1504732209 2688924124 1341565233 1419801359 3752392768 1564250146 308011624 3128769343 46685046 2482382179 3649369431 2108457970 922178976 3691410602 534096287 1634090279 1844884641 1525758812 99668499 2599194973 1725627054 3593701446 3476158870 4194676270 1201358453 79578606 776467633 1534462818 862111299 3289259914 1084784167 1537651903 3611137543 1649064157 2223156810 626125739 3577271889 2909735759 3364410532 1854039253 3274199870 4141067722 574350727 842123294 310603902 679871311 2663875654 3582416867 3618486800 3604306390 2232343381 3840334455 1120315296 3678023823 3866493866 2268332356 3576009149 3647282567 2360654831 3823425003 3604193764 3245364515 4169823734 2106692004 4113152579 3947660681 3302749853 1323991876 4031490106 1524707110 1977403172 2596180882 3072336256 72734665 2081476818 2436262121 4025202606 1135594435 983708826 1074950806 2880709085 1626632926 2018881461 338407444 1864056766 4266041808 720201470 2007672558 2425835881 1433693411 798588259 2908400827 240173567 3985300797 4197915581 1646624965 866466245 1573985343 3653594539 3008802315 3648991565 1587429647 3105361158 2690271491 4267334653 616077439 3869085942 307134392 1519586449 923461992 58384426 332255345 2721142316 3536602667 3436746529 1870943699 3797604449 3122037197 1802360641 1316112961 1366907965 4289404629 1550050148 3367682276 2912519900 2571326307 3824642978 3402751541 1249220710 158480121 2919324447 128361099 459036925 502634314 2774350753 1699500081 3168122510 2855147540 508025128 2990554341 770513411 394459720 1331049159 1881381136 1789214545 948299736 29624419 959069381 64280875 550942485 2024280671 2772765994 2152289427 2325089531 1605375293 1616224969 3495359086 409333119 3614322327 2767894629 1687998188 2694936558 1207539940 1359954798 619253134 636369462 3859217005 2104146430 654462924 4131346306 2208502338 2238500806 2484264048 1419930499 1310368895 1720485187 3409405157 3775115356 4205761049 2630072904 2657119689 3007893168 1238932467 1208353343 3706500046 649519926 3749707987 2684540973 1618661040 284492267 1068747813 3126956193 1256397963 3908374184 1052939948 2052693423 3875928405 4231088725 623381222 3115148033 3914370921 3441058349 708870270 462598158 3762244225 4030780483 3278223878 179142623 1253451489 1655614142 3133505709 3075663324 499218458 1367732281 3043617501 1566518687 2346814749 1995192365 1814355714 3393877745 1564427808 2499685846 1199513424 3469529025 846782724 805756859 2853865587 3282311068 266738197 832530691 1539804617 2517282229 1634169199 2310990794 3794947020 3200488114 146762721 2174912625 3476560100 641177664 3288159230 3858756841 1785612688 4150591087 4100965649 2134890894 214964403 1704170680 1253410004 3872016143 3734411374 149220900 246604730 2161711121 3756520180 404296439 3536326686 2937798472 876228683 3059367690 3653348537 290637704 1446929137 52893330 365415724 4111364596 1628836682 2053629850 3991527129 4269537988 1082129274 546390597 110127504 1676138695 2188878416 3051377359 3968231402 2361217457 1500912867 3079523157 2283199191 1351350589 2174014399 1752995544 737696683 13532280 1766947758 1678751790 2876698023 4294704133 3497381684 4099853343 2487474412 3056979093 128902410 3317808518 509281997 1743745696 1625371940 1310977845 1321621270 3860140194 4276856128 3903013775 1928209430 4110939205 2213544041 2152728169 1915101652 2820855785 3209771346 1252290316 425633357 3047254832 3484790392 2445824298 2216255891 1635676473 3269930450 535624113 932189458 264207943 1979921961 1212462258 2504171998 782305177 2292761657 1339490720 1222645672 3953011787 1721539484 639521686 1202380999 2257398283 452466219 555155206 2562819897 3707421782 2597558111 319668951 360492849 3655123731 2567599589 2552090400 464557436 1851807166 519274489 1471751770 3048161847 45832328 2424982364 1473365960 1317826367 4025611300 201247561 3602870202 2751522557 1873612698 4055296577
