sName lunar_lander
version 1
nEpochs 1000
nPopSize 100
nTop 10
act 1
populationStrategy 2
randomInjectionRatio 0.35
nLayers 4
vSize 5 16 16 4 
vBiases_start
pop 0 layer 0
dims 16 1
-0.223849 
0.303781 
-0.351022 
-0.259951 
-0.147328 
-0.153011 
-0.152429 
0.199547 
-0.0255091 
0.0135529 
0.163169 
-0.164663 
-0.311746 
-0.254371 
-0.0497227 
0.435248 
pop 0 layer 1
dims 16 1
-0.145632 
-0.198519 
-0.808434 
0.407254 
-0.0281285 
0.355373 
0.507197 
0.261672 
0.547398 
0.301443 
0.108662 
0.332083 
0.437927 
0.136854 
-0.570079 
0.329878 
pop 0 layer 2
dims 4 1
-0.390137 
0.126649 
0.241066 
0.09468 
pop 1 layer 0
dims 16 1
-0.250962 
0.243322 
-0.298847 
-0.23308 
0.148908 
-0.137363 
0.0335698 
0.142374 
-0.253941 
0.1509 
0.186808 
-0.303106 
-0.205455 
0.0789631 
-0.190681 
0.378121 
pop 1 layer 1
dims 16 1
-0.366176 
0.0160569 
-0.345038 
0.252087 
0.13293 
0.164241 
0.32703 
0.583637 
0.270131 
-0.0502951 
0.358927 
0.429252 
0.230804 
0.0888117 
-0.150851 
-0.180408 
pop 1 layer 2
dims 4 1
-0.259979 
0.0639805 
0.0293065 
0.146108 
pop 2 layer 0
dims 16 1
-0.216229 
0.334241 
-0.40968 
-0.375515 
0.0182722 
-0.2472 
-0.043927 
-0.0402226 
-0.0674657 
0.0249243 
0.121694 
-0.100118 
-0.224693 
-0.0547398 
-0.296497 
0.332241 
pop 2 layer 1
dims 16 1
-0.130522 
-0.470012 
-0.157049 
0.32771 
-0.0134227 
0.11652 
0.400682 
0.482256 
0.232317 
0.489023 
0.348132 
0.690558 
0.202632 
0.00504595 
-0.324729 
-0.0480703 
pop 2 layer 2
dims 4 1
-0.375856 
-0.180707 
0.04059 
-0.00923046 
pop 3 layer 0
dims 16 1
-0.210012 
0.288393 
-0.369598 
-0.214116 
0.0406176 
-0.162749 
-0.00748099 
0.123769 
-0.0870721 
0.159816 
0.133419 
-0.228411 
-0.323585 
-0.0603154 
-0.202577 
0.359091 
pop 3 layer 1
dims 16 1
-0.268281 
-0.0839674 
-0.379297 
0.163795 
0.126581 
0.0234479 
0.414987 
0.564665 
0.205395 
0.239942 
0.236578 
0.588885 
0.109828 
0.124755 
-0.266328 
-0.15402 
pop 3 layer 2
dims 4 1
-0.28101 
0.0260937 
0.0212542 
-0.048715 
pop 4 layer 0
dims 16 1
-0.475435 
0.217178 
-0.37651 
-0.347423 
0.116252 
0.015828 
-0.275181 
-0.0691939 
0.100616 
0.108297 
-0.0182327 
-0.372182 
-0.284783 
-0.244731 
-0.160455 
0.303837 
pop 4 layer 1
dims 16 1
0.0399591 
-0.33084 
-0.461425 
0.207131 
0.140497 
0.209028 
0.41274 
0.461805 
0.361146 
0.705194 
0.107244 
0.644224 
0.275435 
-0.100384 
-0.536112 
-0.389565 
pop 4 layer 2
dims 4 1
-0.48506 
0.282831 
-0.00653782 
-0.116177 
pop 5 layer 0
dims 16 1
-0.416092 
0.251034 
-0.381828 
-0.261444 
-0.0665889 
-0.178167 
0.018605 
-0.13895 
-0.109508 
0.103878 
0.167281 
-0.235846 
-0.474547 
-0.272777 
-0.129666 
0.46794 
pop 5 layer 1
dims 16 1
0.00773408 
-0.412096 
-0.335733 
0.061156 
0.103804 
0.00861671 
0.21508 
0.353056 
0.300328 
0.468136 
0.129062 
0.595808 
0.154297 
0.0940843 
-0.352949 
-0.244609 
pop 5 layer 2
dims 4 1
-0.374012 
0.120292 
0.0329104 
-0.0320113 
pop 6 layer 0
dims 16 1
-0.287375 
0.204033 
-0.242351 
-0.293397 
0.0303133 
-0.13266 
-0.00151736 
0.0527003 
-0.0978109 
0.138099 
0.0222871 
-0.201286 
-0.355371 
0.169593 
-0.185086 
0.207973 
pop 6 layer 1
dims 16 1
-0.256892 
-0.0932215 
-0.337015 
0.302627 
0.122117 
0.014868 
0.374302 
0.595087 
0.168624 
0.391419 
0.285917 
0.427474 
-0.0479996 
0.0755342 
-0.238608 
-0.22654 
pop 6 layer 2
dims 4 1
-0.413345 
0.144096 
0.0140597 
-0.00530727 
pop 7 layer 0
dims 16 1
-0.242072 
-0.0696686 
-0.566988 
-0.223354 
0.117026 
-0.183496 
-0.0845383 
-0.0907915 
0.0984376 
0.298674 
0.0128057 
-0.210375 
-0.41156 
-0.196905 
-0.256244 
0.304445 
pop 7 layer 1
dims 16 1
-0.13264 
-0.394339 
-0.492161 
0.201954 
0.10767 
0.0803759 
0.289272 
0.490473 
0.331272 
0.489699 
0.0960783 
0.664521 
0.250715 
0.143486 
-0.45001 
-0.295331 
pop 7 layer 2
dims 4 1
-0.491711 
0.0736375 
0.175152 
0.0204451 
pop 8 layer 0
dims 16 1
-0.30106 
0.285981 
-0.331818 
-0.248245 
-0.0996367 
-0.17916 
-0.0268664 
0.0457096 
-0.104796 
0.154809 
0.1743 
-0.119299 
-0.313425 
-0.209595 
-0.20913 
0.490782 
pop 8 layer 1
dims 16 1
-0.213317 
-0.344989 
-0.62358 
0.244314 
0.10677 
0.165663 
0.288277 
0.499537 
0.242989 
0.210149 
0.205015 
0.557846 
0.296568 
0.0871466 
-0.305351 
-0.357382 
pop 8 layer 2
dims 4 1
-0.444239 
-0.0397089 
-0.00651355 
-0.00311744 
pop 9 layer 0
dims 16 1
-0.0878423 
0.267307 
-0.413643 
0.0211234 
-0.13685 
-0.0968588 
0.135031 
0.069726 
-0.136618 
0.0556639 
0.21678 
-0.309453 
-0.252154 
-0.0462884 
-0.272697 
0.223864 
pop 9 layer 1
dims 16 1
-0.225491 
-0.216603 
-0.313371 
0.279816 
0.157822 
0.0033563 
0.39983 
0.593286 
0.211075 
0.0967687 
0.0754581 
0.524868 
0.0140617 
-0.0206605 
-0.162921 
-0.132159 
pop 9 layer 2
dims 4 1
-0.337724 
-0.178287 
-0.12793 
-0.094993 
vBiases_end
vWeights_start
pop 0 layer 0
dims 16 5
0.021396 -0.409659 0.0905404 0.562158 -0.0557298 
0.240436 0.149119 -0.0143376 0.0327516 -0.264717 
-0.335667 0.580145 -0.181062 0.378475 0.254957 
-0.0751025 0.252484 -0.0367372 0.00997697 0.0357133 
-0.271355 0.0840189 -0.167881 -0.193904 -0.224972 
-0.24117 -0.0668762 -0.0897481 -0.00249367 -0.257935 
0.0331572 0.212042 -0.0162928 0.261216 0.287055 
0.183377 0.0658193 -0.0684878 -0.266855 0.0358035 
-0.48567 -0.148635 0.164575 0.0474835 0.162645 
0.334176 0.298147 -0.178709 -0.280139 -0.258643 
-0.0443637 -0.0437362 -0.552384 0.439932 -0.0671996 
0.0263754 0.328725 -0.250812 0.155655 -0.29578 
0.0407095 -0.0742244 -0.121552 -0.0372485 0.304323 
-0.238604 0.673091 -0.492795 0.373729 -0.0587098 
-0.128635 0.232317 -0.556079 0.276838 0.0334338 
0.346556 -0.419722 -0.211302 -0.114653 -1.05061 
pop 0 layer 1
dims 16 16
0.638191 -0.354004 -0.0397008 0.379647 0.0719205 0.36175 -1.11556 -0.88617 0.524139 -0.58267 -0.606852 0.42127 -0.630496 0.17133 -0.259544 0.00130621 
0.0828318 0.0837618 -0.161252 0.00819512 -0.182372 0.288801 -0.42114 0.308767 -0.0449544 0.0375298 -1.52961 -0.276436 0.188013 0.293831 0.303592 -0.368395 
-0.419927 -0.27088 -0.180968 -0.395858 -0.504285 0.0534719 -0.0856928 0.571462 0.57254 0.382307 0.16876 -0.102282 0.201216 0.162079 -0.170872 -0.071864 
-0.0520492 0.290876 0.152651 0.19526 0.279265 0.131387 -0.537402 -0.240293 0.0158702 0.225313 -0.201608 -0.227129 0.200773 -0.115828 0.0840205 0.533491 
-0.439036 -0.0360496 -0.0595523 0.236372 -0.168043 -0.13861 -0.286418 -0.137943 0.0814842 0.375632 -0.183438 0.00986209 -0.225968 0.769632 0.0357297 0.394019 
-0.554891 0.100309 0.632782 -0.163175 -0.195082 -0.116007 -0.0794242 -0.496904 -0.429397 0.96553 -0.167915 0.12593 -0.567794 -0.997308 -0.114473 -0.369746 
-0.140169 0.079743 0.268218 -0.111455 -0.168179 -0.297775 0.393086 -0.58195 -0.575432 -0.31043 0.205611 0.23371 -0.460028 0.239643 0.20009 0.0956044 
-0.563597 0.574969 0.239903 0.00727914 0.234697 0.442632 0.46884 0.660003 0.139038 -0.0255496 0.217233 0.217186 -0.0693141 -0.150017 0.320078 0.165491 
-0.706253 0.130899 -0.209158 -0.104408 0.321778 -0.0446466 0.202079 0.0823398 1.25987 0.176905 0.513347 0.0783573 0.208946 -0.704724 0.306484 0.238127 
0.0224987 -0.353364 -0.580458 -0.103248 0.787016 0.37225 -0.867101 0.608488 0.161556 -0.0622482 0.465372 0.196039 -0.464848 0.404047 -0.32804 -0.76362 
0.109362 -0.283192 -0.677927 0.668169 -0.380218 0.0268756 0.28614 0.265076 0.235054 0.261696 0.919126 0.245647 0.233908 0.358048 -0.470836 0.724269 
0.387757 0.30773 0.565411 0.559498 -0.0685441 0.107034 -0.463265 -0.274576 -0.0765091 -0.097477 0.33313 0.0409477 -0.0395231 0.0160988 -0.0412579 -0.803804 
0.413638 -0.477801 -0.582405 0.861462 -0.604231 0.282598 0.854119 -0.541714 0.0614582 0.255061 0.949185 0.833468 -0.171349 0.0208625 0.600323 -0.378957 
-0.806172 0.755308 0.147551 -0.301742 -0.124066 -0.23007 0.489438 0.263493 0.340877 -0.284826 -0.614176 0.79047 -0.320184 0.171918 0.333013 0.754186 
-0.480708 -0.38253 -0.491892 0.597344 0.0548369 0.347751 0.315925 -0.396871 -0.889344 0.0253364 -0.577954 -0.282842 -0.269875 0.32909 -0.671742 0.252743 
0.0427674 -0.36768 -0.261732 -0.199932 0.835148 0.382678 -1.07264 0.155211 0.320106 0.244786 0.264055 0.124728 -0.42352 -0.52173 -0.359638 0.759216 
pop 0 layer 2
dims 4 16
-0.107608 0.261818 0.233547 0.536955 0.506035 0.156784 0.0903476 0.411189 -0.398393 0.0122057 -0.0591275 -0.187585 -0.218298 0.484785 -0.0631383 -0.0155588 
0.264389 -0.104601 -0.356991 -0.312683 0.302835 -0.183283 0.268915 0.103533 0.344206 -0.60863 -0.330953 0.399527 0.705253 -0.214022 0.0427372 -0.516741 
-0.250702 0.254211 0.53437 1.03253 0.0745661 -0.55833 -0.135313 -0.648086 0.443222 -0.123541 0.0293402 0.0272877 -0.113339 -0.758803 0.118107 0.453031 
-0.0350364 0.276378 0.0235244 -0.171116 0.502746 -0.444182 0.292233 0.00701964 -0.0567397 -0.0226467 0.231232 -0.0572863 0.161264 -0.674704 -0.524569 0.513622 
pop 1 layer 0
dims 16 5
-0.0644531 -0.251838 0.0352691 0.447456 0.0674107 
0.39729 0.192937 0.135123 0.242002 -0.226971 
-0.287557 0.346361 -0.180171 0.638582 0.390044 
-0.0168588 0.365046 -0.107288 0.0172803 0.00644011 
-0.133966 0.0793088 -0.18991 -0.243427 0.135063 
-0.0873983 0.170264 -0.184057 -0.349164 -0.332875 
0.233176 0.276108 -0.228853 0.240309 0.0104984 
0.0840349 -0.0732579 -0.0558092 -0.207529 -0.0642846 
-0.416329 -0.230959 0.144908 0.185604 0.312529 
0.231942 0.233397 0.0556645 -0.210951 -0.495524 
-0.141998 -0.284442 -0.604302 0.613762 0.20986 
-0.0965704 0.305224 -0.336755 0.0471208 -0.00206763 
-0.175794 -0.142782 0.00701722 -0.0831876 0.25853 
0.0118843 0.776748 -0.322517 0.0741529 -0.0115919 
0.0269357 0.217273 -0.0917646 0.272711 -0.0471324 
0.123511 -0.353378 -0.230094 -0.126202 -0.980117 
pop 1 layer 1
dims 16 16
0.188557 -0.039682 0.337756 0.0333647 -0.143317 0.244428 -0.486625 -0.367794 0.0220808 -0.422254 -0.457087 0.371487 -0.443548 0.517163 -0.404459 0.487843 
-0.00883681 -0.558228 -0.275966 -0.244363 -0.105677 0.0208159 -0.292876 0.394148 -0.445878 -0.128842 -0.377009 -0.108375 0.344244 0.267813 0.409197 -0.12274 
-0.288934 -0.0817988 -0.372283 -0.0919542 -0.0155959 -0.185253 0.00966433 0.19279 0.486596 0.366051 0.218878 0.0695524 0.12275 -0.182146 -0.279501 0.345167 
0.0940521 0.254801 -0.014733 0.352961 0.078308 -0.340273 -0.723122 -0.0326764 0.152228 0.367575 -0.3376 -0.648966 -0.204796 -0.0920329 -0.246743 0.262544 
-0.108041 0.220286 -0.553228 0.351413 0.109634 0.237129 0.0976103 -0.366151 0.174647 -0.37848 -0.0219669 0.304146 0.14637 0.679827 0.205938 0.50157 
0.053628 -0.118239 0.261787 0.163651 0.266808 -0.152207 -0.113943 -0.449619 -0.0404634 0.493685 -0.202972 0.217935 -0.34874 -0.271028 -0.362757 -0.287309 
0.143762 -0.0649386 0.148106 0.347374 -0.290026 -0.0303155 0.216757 -0.14549 -0.0368125 0.355826 0.412649 0.129841 -0.16957 0.182443 0.803086 0.117865 
-0.0518065 -0.195887 0.15676 0.320649 0.374655 0.289584 0.279691 0.344468 0.115563 -0.23173 0.176122 0.177066 0.0274225 0.104084 0.494486 0.159227 
-0.218897 0.0788105 0.0398349 -0.386576 0.329208 -0.179727 0.191715 -0.0114806 0.766397 0.223036 0.0900123 0.218502 -0.0329842 -0.100012 0.105732 0.10012 
0.0498654 0.20796 -0.489753 -0.104674 0.644108 0.317666 -0.421399 0.379944 0.00950623 0.142522 -0.240454 0.0608992 -0.386279 0.496642 -0.0949451 -0.0488619 
-0.0691167 0.163456 -0.195221 0.419746 -0.513416 0.115232 0.309576 0.0918061 0.276733 0.124625 0.614846 0.259813 0.447095 0.102812 -0.449184 0.398626 
0.361403 0.313535 0.289296 0.332141 0.216509 -0.0745169 -0.575071 -0.0783302 0.230469 -0.137401 0.389508 0.387846 -0.0516293 -0.0837784 0.276387 -0.504658 
0.132461 -0.482186 -0.639467 -0.00897487 0.278652 -0.441878 0.375049 -0.200507 0.349312 -0.16093 0.651579 0.419176 -0.111611 0.0276603 0.407788 -0.410533 
-0.0914664 0.643144 0.204511 -0.356343 -0.284503 -0.201893 0.544945 -0.0976535 0.230093 -0.115937 -0.203074 0.33034 -0.283727 0.286229 -0.292826 0.470855 
0.0679342 0.130576 -0.393812 0.883477 0.0715758 0.428278 0.592444 -0.0705289 -0.490541 -0.316561 -0.394629 -0.00550946 -0.416646 -0.0201372 0.0254268 -0.0463009 
0.015152 -0.300229 -0.311143 -0.295486 0.391681 -0.0177733 -0.234117 0.22382 -0.0789513 0.303278 0.276229 0.0506565 -0.455739 0.045548 -0.308173 0.462188 
pop 1 layer 2
dims 4 16
-0.114435 0.167046 0.104377 0.453745 0.566394 0.162593 -0.00305885 0.215928 -0.27086 0.0500927 0.029537 -0.409807 -0.202141 0.196298 0.0203076 -0.118439 
0.047065 -0.095945 -0.216715 -0.0230519 0.588925 -0.058394 0.0407997 0.118903 0.247469 -0.55146 -0.0155308 0.148359 0.648501 -0.204534 0.164127 -0.406593 
-0.150596 0.255664 0.182192 0.715776 -0.0566226 -0.38879 0.118754 -0.630372 0.385572 0.00768878 -0.00580636 0.130419 -0.256746 -0.546509 0.208269 0.38892 
-0.0488413 -0.0596101 -0.0751911 -0.0316159 0.356916 -0.607824 0.391219 -0.160477 0.1138 -0.157759 0.12945 -0.0227056 -0.00473288 -0.480469 -0.41234 0.58391 
pop 2 layer 0
dims 16 5
-0.136327 -0.325072 0.0256672 0.603255 -0.156511 
0.254569 0.313117 0.0164089 0.121123 -0.326069 
-0.212011 0.369774 0.0390441 0.289677 0.44756 
0.0750686 0.288767 -0.0587132 0.0806795 0.0443165 
-0.0943975 0.0530247 -0.184826 -0.178975 -0.214538 
-0.234886 -0.103654 -0.135263 -0.203474 -0.162107 
0.361348 0.233525 0.0548928 0.173147 0.235198 
0.0711494 -0.0731745 -0.103122 -0.475264 -0.388338 
-0.557185 -0.362674 0.213705 -0.0494636 0.159892 
0.126813 0.223542 -0.0682965 -0.423549 -0.233669 
-0.065925 -0.0738633 -0.595885 0.40361 0.0643384 
0.145827 0.414296 -0.21318 0.196389 -0.117227 
0.124052 0.159259 -0.103042 -0.045858 0.33495 
0.0264876 0.552994 -0.481732 0.224653 0.159622 
-0.0179213 0.264625 -0.291981 0.377778 -0.0729616 
0.331803 -0.451147 -0.112829 -0.163829 -0.748217 
pop 2 layer 1
dims 16 16
0.722382 -0.472328 0.0439165 -0.115293 -0.0928408 0.0545308 -0.570729 -0.647937 0.241427 -0.638289 -0.55983 0.300211 -0.479148 0.225943 -0.341227 -0.218684 
0.187261 -0.095052 -0.325959 -0.11004 -0.00396635 0.344069 -0.185902 0.686251 -0.3223 -0.174791 -0.77213 -0.138409 0.468414 0.496922 0.519759 -0.270554 
-0.484548 -0.037473 -0.465703 -0.160353 -0.17238 -0.155066 0.15186 0.334138 0.615194 0.161448 -0.0365504 0.079197 0.180372 -0.0292093 -0.29471 0.167791 
-0.155002 0.0303511 0.000604787 0.199543 0.13004 -0.05477 -0.867896 0.15025 -0.336026 0.157864 -0.325952 -0.476211 0.209593 -0.140534 -0.0246285 0.120862 
-0.00420134 0.252048 -0.0563745 0.376896 -0.013651 -0.108781 -0.167527 -0.172372 0.322107 0.115318 -0.187972 0.386322 -0.0423322 0.556342 -0.210547 0.601893 
0.0199228 -0.351202 0.4597 0.0252049 -0.0388593 -0.164534 -0.0338332 -0.607952 -0.161189 0.454808 0.342174 0.0621942 -0.859515 -0.997241 -0.189424 -0.181342 
0.242628 -0.0418074 -0.00503963 0.189379 -0.40085 -0.10821 -0.240665 -0.13601 -0.284485 -0.334418 0.119953 0.117469 -0.277258 -0.0320466 0.472838 0.154112 
-0.380298 0.490582 0.54053 0.332135 0.558639 0.154671 0.31753 0.693067 -0.0898781 -0.0740251 0.29166 -0.400538 0.27757 0.091759 0.225358 0.0367289 
-0.51026 -0.174783 -0.181129 -0.337092 0.506103 0.321951 -0.163534 -0.0764115 0.708448 0.446876 0.00822144 -0.0240121 -0.0459965 -0.244091 0.00140777 0.0215955 
-0.426426 -0.175814 -0.305671 -0.235987 0.514192 0.368049 -0.91232 0.652164 -0.258763 -0.119105 -0.254916 -0.0920712 -0.276105 0.257192 -0.230739 -0.295494 
-0.0509712 -0.297303 -0.647285 0.572968 -0.333079 0.288133 0.413073 0.00377999 0.549983 0.369643 0.776155 0.366052 0.458053 0.397358 -0.449874 0.537204 
0.610747 0.352609 0.366176 0.225901 -0.0169483 0.0766806 -0.393967 -0.110682 0.141493 -0.1424 0.220835 0.460978 0.119667 -0.104349 0.443838 -0.733304 
0.242284 -0.624818 -0.421612 -0.0348626 -0.0065244 0.311343 0.206163 -0.520792 -0.0209741 -0.216664 0.955431 0.25626 -0.0695246 -0.019905 0.344527 -0.449552 
-0.527595 0.565541 0.178402 -0.405533 -0.403599 0.0849719 0.542935 0.31224 0.443075 0.0819223 -0.195699 0.627781 -0.147087 0.189578 0.0260825 0.554996 
-0.306444 -0.473489 -0.384019 0.5761 0.195935 0.327406 0.594147 -0.574741 -0.618856 -0.282351 -0.353307 0.0198745 -0.628757 -0.197862 0.0554999 0.0775663 
-0.0509287 -0.433863 0.11765 -0.126303 0.392258 0.193082 -0.728375 0.00345406 0.00748716 0.11069 0.223196 0.066017 -0.32495 -0.00309402 -0.308152 0.635156 
pop 2 layer 2
dims 4 16
0.254794 0.35464 0.146078 0.554408 0.320962 0.222533 0.166248 0.368733 -0.176669 0.00490087 -0.139163 -0.194138 -0.145439 0.259684 -0.18109 -0.156225 
0.378232 0.0547302 0.103613 -0.269889 0.541296 -0.211933 0.368019 0.141029 0.280454 -0.54336 -0.157372 0.147226 0.75556 -0.18739 -0.00137776 -0.350245 
-0.351599 0.430778 0.280088 0.822062 -0.0661578 -0.559269 0.0734306 -0.795657 0.184928 -0.142861 0.140124 -0.0146211 -0.168007 -0.816499 0.232925 0.314244 
-0.132657 0.383268 -0.0475798 -0.162231 0.454032 -0.678735 0.421047 -0.0795402 0.205848 -0.217501 0.109218 -0.171433 0.118721 -0.801499 -0.575865 0.420297 
pop 3 layer 0
dims 16 5
-0.0700192 -0.195843 -0.00926915 0.440429 0.163908 
0.356755 0.337759 0.0477856 0.117948 -0.27486 
-0.101034 0.468379 -0.362421 0.47265 0.334353 
-0.146285 0.400379 -0.0311455 0.160704 -0.105537 
-0.197943 0.133708 -0.229914 -0.240792 0.0104389 
0.000961428 0.0502611 -0.164534 -0.216337 -0.26861 
0.237463 0.394037 -0.0120825 0.155985 0.0341309 
0.0513948 -0.0101746 -0.0687851 -0.233259 -0.178107 
-0.476026 -0.264894 0.269477 -0.062445 0.216504 
0.113609 0.330763 -0.00115578 -0.0842607 -0.41239 
-0.176069 -0.0906137 -0.613866 0.502866 0.0842944 
0.058207 0.401337 -0.293235 0.180448 -0.0533739 
-0.0400428 0.00425819 -0.132621 -0.0347077 0.381389 
0.0339887 0.770591 -0.384143 0.109025 0.0492986 
-0.102384 0.143311 -0.161146 0.244747 0.0253032 
0.177613 -0.330966 -0.0202725 -0.028395 -1.12675 
pop 3 layer 1
dims 16 16
0.331909 -0.240649 0.253606 0.20463 -0.250059 0.189781 -0.438865 -0.462664 -0.0512219 -0.221166 -0.502775 0.258478 -0.515864 0.537569 -0.445662 0.567768 
-0.116023 -0.489095 -0.281208 -0.254081 -0.0563606 0.180217 -0.36738 0.514805 -0.360752 0.0258316 -0.529052 0.0918157 0.241688 0.438323 0.573598 -0.11482 
-0.335728 -0.201776 -0.367245 -0.293321 -0.0200807 -0.363239 0.377718 0.291897 0.483784 0.362113 0.138088 0.0997479 0.135445 -0.112243 -0.182091 0.197678 
0.095035 0.14688 -0.167231 0.315569 -0.00221325 -0.224093 -0.684389 -0.046334 0.0101002 0.114202 -0.408717 -0.523019 -0.0268742 -0.22507 -0.0966314 0.293329 
0.0527705 0.0309672 -0.399507 0.0931618 0.0558326 0.224099 0.107787 -0.523893 0.378706 -0.167881 -0.0110075 0.167404 0.0463976 0.652435 0.0931026 0.408692 
-0.0617308 -0.13587 0.268675 0.17497 0.111683 -0.290291 -0.0350648 -0.562808 -0.181973 0.508768 -0.285637 0.209558 -0.448729 -0.408381 -0.448836 -0.30871 
0.0685867 -0.129469 0.12715 0.239755 -0.358504 -0.174307 0.120536 -0.0994689 -0.121588 0.186511 0.497158 0.127344 -0.189696 0.120146 0.760143 0.102613 
0.0437037 -0.0371624 0.0291318 0.319449 0.42921 0.224237 0.163374 0.533459 0.218593 -0.337523 0.315311 0.353522 0.108284 0.0409689 0.28013 0.296993 
-0.181919 -0.028371 0.19497 -0.324818 0.359083 -0.102209 0.052589 0.0548263 0.795412 0.24606 0.269795 0.108464 0.0134596 0.0824941 0.16095 0.158024 
-0.277565 -0.0255352 -0.57797 0.0325134 0.459438 0.230846 -0.438894 0.259782 -0.0328747 -0.0356153 -0.190012 0.131799 -0.510238 0.399049 -0.0605195 -0.146062 
-0.0501473 0.0250709 -0.257215 0.490885 -0.360691 0.100548 0.186732 0.204141 0.403108 0.167896 0.677082 0.270126 0.395602 -0.0405977 -0.622096 0.49517 
0.306984 0.326578 0.325218 0.23608 0.335908 -0.116975 -0.531143 0.0734853 0.164235 -0.134711 0.376621 0.377401 -0.317602 -0.0500139 0.3712 -0.591368 
0.19035 -0.606197 -0.684356 0.0442393 0.122534 -0.347106 0.365052 -0.244412 0.273486 -0.352907 0.65668 0.343692 -0.0114666 -0.0745038 0.48348 -0.523236 
-0.154127 0.589971 0.146944 -0.362417 -0.277586 -0.259632 0.742261 -0.109608 0.165715 -0.168758 -0.370463 0.429239 -0.0690648 0.343772 -0.0865302 0.609297 
0.0675489 -0.0969149 -0.431755 1.02027 0.251835 0.314692 0.603253 -0.0499896 -0.50077 -0.249883 -0.4711 0.114598 -0.696562 -0.026395 0.0898866 0.0340013 
0.0420298 -0.304737 -0.166737 -0.14296 0.47003 0.0105123 -0.44146 0.176377 -0.126504 0.383877 0.266613 0.0595461 -0.471204 0.15078 -0.40872 0.454636 
pop 3 layer 2
dims 4 16
0.03965 0.320832 -0.0749862 0.464765 0.452875 0.32217 0.00415017 0.250525 -0.345054 -0.057034 -0.128272 -0.341318 -0.205135 0.212713 0.0229492 -0.0565998 
0.128832 -0.052075 -0.139856 -0.136015 0.519371 -0.0408462 0.207412 0.244409 0.211174 -0.46184 -0.174907 0.0633769 0.665449 -0.172332 0.0442822 -0.565299 
-0.228459 0.249026 0.285373 0.8372 0.00773922 -0.619587 0.135965 -0.712803 0.323645 -0.0133151 -0.035091 -0.0257987 -0.205824 -0.606129 0.131553 0.168171 
-0.163803 0.0505956 0.0176168 -0.0669921 0.452236 -0.606339 0.387396 -0.129956 0.119838 -0.216797 0.0814573 -0.101406 0.0206231 -0.563456 -0.491788 0.635688 
pop 4 layer 0
dims 16 5
0.0812828 -0.165966 0.151954 0.640904 0.0306212 
0.66802 0.123732 -0.17448 0.0482083 -0.387058 
-0.273819 0.484078 -0.0739538 0.552848 0.469483 
0.0295804 0.186049 -0.0204172 0.189019 0.00324197 
-0.166483 0.268223 -0.385433 -0.353008 -0.0629287 
-0.283113 0.0847953 0.0421108 0.187581 -0.179124 
0.143462 0.0762105 0.165599 -0.0232446 0.425656 
0.183478 0.259793 0.0886874 -0.254907 -0.157863 
-0.448473 -0.361917 0.356984 0.0661372 0.102859 
0.177449 0.262866 -0.0785143 -0.0920821 0.059088 
-0.0274464 -0.0364907 -0.385866 0.442235 -0.0889362 
0.177192 0.25012 -0.242927 0.0337286 -0.229343 
0.0309466 -0.0571313 -0.188921 0.0230129 0.456847 
0.141507 0.743242 -0.694346 0.141035 0.124033 
0.00926055 0.311202 -0.232819 0.314791 0.00576203 
0.30188 -0.0900734 -0.0668621 -0.2261 -0.988111 
pop 4 layer 1
dims 16 16
0.649758 -0.408732 0.0178137 0.180758 -0.286736 0.182195 -0.529466 -0.57103 0.259349 -0.379602 -0.563487 0.309259 -0.543052 0.490838 -0.584287 0.248324 
0.0223578 0.145614 -0.272021 -0.0242489 0.0615837 0.280353 -0.134542 0.522632 -0.556795 -0.145697 -0.826083 0.106781 0.309921 0.410963 0.717516 -0.356877 
-0.477618 -0.169468 -0.486388 -0.127883 -0.335016 -0.0634878 0.293436 0.340407 0.529414 0.187435 0.0131526 0.154313 0.220664 -0.137063 -0.107495 0.0566161 
0.0426261 0.0119829 -0.140573 0.108397 -0.23971 0.00881478 -0.937758 0.0732783 -0.237816 0.205487 -0.100102 -0.286488 -0.217722 -0.480143 -0.0631585 0.220161 
-0.0825847 0.19647 -0.284437 0.622471 0.0783135 -0.106151 -0.38731 -0.574069 0.08791 0.00966669 0.133012 0.199194 -0.373911 0.71642 -0.179534 0.27734 
0.0268005 0.0217386 0.768759 -0.175803 0.171111 0.0271608 -0.00591078 -0.708713 -0.318109 0.48734 -0.0895671 0.189757 -0.518915 -1.13565 -0.273301 -0.487814 
0.197719 -0.0206447 0.157167 0.0487643 -0.228679 -0.189667 -0.102272 -0.224069 -0.166121 -0.0611403 0.133668 -0.0490285 -0.329583 0.230632 0.346501 0.0814781 
-0.433045 -0.0773786 0.0823596 0.532163 0.362531 0.256419 0.415686 0.490572 0.047233 -0.194372 0.385032 0.317525 -0.0817079 -0.106418 0.0676747 0.279521 
-0.425024 -0.14899 0.174893 -0.401368 0.683794 -0.030199 0.0652489 0.123127 0.533896 0.47971 0.113279 0.179418 -0.190607 -0.151282 0.0369506 0.180799 
-0.38324 -0.282106 -0.572963 -0.19067 0.564462 0.173818 -0.869821 0.50939 -0.0350164 -0.0634758 -0.403917 -0.0331426 -0.464134 0.430037 -0.218891 -0.127902 
-0.214217 -0.239368 -0.63737 0.468977 -0.448394 0.0892254 0.0946554 0.0754252 0.582672 0.349286 0.894363 0.409558 0.445111 0.183833 -0.63716 0.631917 
0.397316 0.161541 0.5161 0.355833 0.112696 -0.102621 -0.399034 0.00556022 0.289291 -0.0517286 0.156268 0.405496 -0.0500037 -0.0122196 0.250184 -0.792038 
0.261162 -0.741626 -0.730623 0.344034 0.0843271 0.123437 0.76086 -0.387112 0.185734 -0.342476 1.03845 0.40153 -0.14352 -0.250416 0.738388 -0.527312 
-0.560659 0.633812 0.0361016 -0.268511 -0.589436 -0.0250785 0.710687 0.137201 0.591156 0.0177655 -0.378215 0.463322 0.081411 0.312734 0.0533903 0.883216 
-0.465735 -0.35768 -0.336506 0.938693 0.383958 0.308251 0.461473 -0.603045 -0.798141 0.0118408 -0.363781 0.256277 -0.627563 -0.208661 -0.10031 0.0729616 
-0.291938 -0.296584 0.0955895 -0.311945 0.305735 0.185826 -0.729775 -0.0251512 0.202223 0.160163 0.0344329 0.0347065 -0.220355 -0.137114 -0.24901 0.498047 
pop 4 layer 2
dims 4 16
0.204305 0.301297 0.191172 0.638902 0.555512 0.0655879 0.110318 0.0618383 -0.452587 0.138918 -0.0193044 -0.212643 -0.220722 0.327376 -0.0795112 0.0887656 
0.242912 -0.0883932 0.0327726 -0.452787 0.54168 -0.355573 0.397463 -0.0594619 0.421107 -0.502374 -0.43423 0.158384 0.60198 -0.24007 -0.11745 -0.67838 
-0.0975705 0.336772 0.287277 0.906632 -0.0820484 -0.594756 0.149448 -0.769446 0.458892 -0.154161 0.137763 -0.108228 0.161027 -0.551484 0.0922797 0.0327919 
-0.173123 -0.00334376 0.360481 -0.204644 0.692647 -0.587694 0.132248 -0.10752 -0.0149576 0.0526504 0.00942901 -0.181613 0.0288618 -0.615971 -0.696548 0.577323 
pop 5 layer 0
dims 16 5
0.056068 -0.170551 0.232854 0.569536 0.120889 
0.194208 0.0817155 0.0659346 0.347541 -0.438551 
-0.255565 0.384584 0.0801633 0.382527 0.257285 
-0.0252582 0.228959 0.205153 0.108603 -0.0910463 
-0.0411829 0.109376 -0.274509 -0.121436 0.0597269 
0.0387788 0.0803446 0.0279206 0.0489304 -0.0687551 
0.396575 0.0681784 0.164227 0.203213 0.1511 
0.11002 -0.0181382 -0.116332 -0.271074 -0.106006 
-0.690125 -0.389695 0.246578 -0.00215976 -0.0679574 
0.143305 0.154874 -0.143714 -0.166718 -0.302034 
-0.135526 -0.00754982 -0.753961 0.386334 -0.0805445 
0.112868 0.469009 -0.387246 0.141169 0.113019 
-0.0923157 0.182324 -0.0388177 -0.09775 0.352762 
-0.0424703 0.532654 -0.309271 0.219659 -0.0826034 
0.0980508 0.0157918 -0.400043 0.245583 0.0117506 
0.533378 -0.329149 -0.0875409 -0.0703752 -0.749731 
pop 5 layer 1
dims 16 16
0.46674 -0.193904 0.178662 0.34184 -0.177133 0.27172 -0.615905 -0.604677 0.225163 -0.519407 -0.537839 0.373899 -0.440497 0.350562 -0.807811 0.268557 
-0.0778034 -0.162587 -0.100566 -0.0377222 0.0200428 0.199001 -0.478272 0.634186 -0.437417 -0.211734 -0.622585 -0.223982 0.180104 0.552513 0.704993 -0.221606 
-0.39865 -0.149031 -0.431155 -0.0222639 -0.157071 -0.415657 0.340157 0.139529 0.425159 0.347618 0.108274 0.0351511 0.175674 -0.125035 -0.356175 0.0599316 
-0.188827 0.139595 -0.0858472 0.24968 -0.0367466 -0.0515276 -0.844206 -0.188694 -0.168309 0.40949 -0.181815 -0.211438 0.109266 -0.256838 -0.0164596 0.152582 
-0.0175056 0.379017 -0.102745 0.129883 0.217913 0.0502253 -0.248308 -0.165878 0.237535 -0.0880118 -0.119974 0.305979 -0.12647 0.601338 0.150621 0.485175 
0.0339447 0.288175 0.346334 -0.0611845 -0.0403733 -0.0604821 -0.00357468 -0.701057 -0.221164 0.443098 -0.202722 0.0979347 -0.603963 -0.508225 -0.378404 -0.306333 
0.0764543 -0.062992 0.129086 0.146767 -0.501505 -0.135304 -0.0662989 -0.229236 0.0470995 -0.0137738 0.161226 0.163032 -0.255527 -0.0736646 0.569046 0.0656478 
-0.451379 -0.051557 0.203366 0.335851 0.469702 0.0971179 0.226599 0.626426 0.0776802 -0.071486 0.399069 0.247169 -0.10604 -0.132462 0.147036 -0.0311638 
-0.883857 -0.0715571 0.276659 -0.395938 0.460669 0.130057 0.0603956 0.112168 0.469973 0.327075 0.26545 0.043548 0.00188013 -0.247863 0.332929 0.178959 
-0.342408 -0.23935 -0.514898 0.047272 0.466456 0.242723 -0.671751 0.369439 -0.163339 0.00570775 0.106855 -0.122054 -0.438065 0.334799 0.0511639 -0.257329 
-0.353305 -0.29746 -0.505912 0.571951 -0.515016 0.292471 -0.021334 -0.0604134 0.392696 0.0830911 0.889197 0.214655 0.5135 0.112075 -0.661171 0.542878 
0.34476 0.187552 0.594294 0.297546 -0.0433677 -0.0986505 -0.52142 -0.247936 0.044298 -0.282024 0.418875 0.506888 -0.0700409 -0.138016 0.365158 -0.943836 
0.249678 -0.658078 -0.558254 0.287603 0.0216651 0.0238101 0.362201 -0.309469 0.246416 -0.177376 0.808195 0.254627 -0.178107 -0.201724 0.345064 -0.499 
-0.465708 0.449909 0.159701 -0.293187 -0.700571 -0.0715284 0.859868 -0.0797788 0.479699 -0.15013 -0.379762 0.51614 0.0583836 0.184565 0.166097 0.95897 
-0.334479 -0.0926679 -0.405905 1.05821 0.410221 0.251361 0.576294 -0.345948 -0.691548 -0.299747 -0.21909 0.0750471 -0.608951 -0.204163 -0.0504887 0.286465 
0.000974583 -0.276353 -0.130206 -0.312761 0.297216 -0.16997 -0.797299 -0.0870797 0.229977 0.399943 0.27891 0.056935 -0.333575 -0.175076 -0.395835 0.51401 
pop 5 layer 2
dims 4 16
0.0426448 -0.0374058 0.152632 0.177296 0.551503 0.298488 0.20304 0.0240326 -0.120386 0.244655 0.234363 0.0583541 -0.342249 0.327861 -0.154056 -0.0600961 
0.348493 -0.0414891 -0.0626987 -0.39115 0.316061 -0.285675 0.265498 -0.149512 0.584185 -0.410741 -0.541186 0.244124 0.566019 -0.451909 0.0124024 -0.475955 
-0.00459786 0.258488 0.43855 0.93317 -0.369792 -0.756064 0.22272 -1.03299 0.431381 -0.0380886 0.285584 0.175339 0.281334 -0.444412 0.0723389 -0.115037 
-0.162351 -0.0473344 0.153356 0.0280121 0.580882 -0.565713 -0.0986094 -0.013378 0.0947146 -0.031159 0.256556 -0.191617 0.213034 -0.708152 -0.551408 0.627683 
pop 6 layer 0
dims 16 5
-0.0414539 -0.414847 0.0757719 0.490212 0.226482 
0.441851 0.281897 0.134208 -0.0272216 -0.32438 
-0.0348998 0.378164 -0.425505 0.561301 0.30543 
-0.0405648 0.354377 0.00770922 0.277253 -0.0143407 
-0.069273 0.0536729 -0.1921 -0.168471 0.0557823 
-0.142123 0.0475042 -0.137492 -0.189002 -0.308854 
0.170979 0.554215 0.0753487 0.205269 0.208021 
-0.00632167 -0.120578 -0.0422839 -0.160765 -0.173773 
-0.418187 -0.26098 0.0223942 -0.0577382 0.128387 
0.0350688 0.294995 -0.192947 0.00280329 -0.382102 
0.0440835 -0.250635 -0.725158 0.451656 0.0376724 
0.0399667 0.553494 -0.173675 0.154015 -0.013178 
-0.125106 -0.0428928 -0.134164 -0.214523 0.483772 
-0.0658029 0.682566 -0.444208 0.233663 0.0984901 
0.134063 0.158652 -0.279743 0.307065 0.000461524 
0.261017 -0.274737 -0.0693663 0.0152749 -1.20819 
pop 6 layer 1
dims 16 16
0.283379 -0.144478 0.273594 0.0795987 -0.302981 0.0462004 -0.569761 -0.446767 0.12016 -0.234223 -0.348822 0.413289 -0.548887 0.462215 -0.443973 0.471354 
-0.123657 -0.481126 -0.209273 -0.260544 -0.145443 0.370283 -0.191852 0.389201 -0.449852 -0.163417 -0.518973 -0.0665295 0.100062 0.399237 0.39768 -0.207674 
-0.156214 0.100048 -0.326353 -0.116956 -0.103502 -0.367835 0.237854 0.244316 0.366497 0.186487 0.143824 0.197356 0.0700866 -0.152883 -0.346467 0.187428 
0.111575 -0.0614438 -0.0483315 0.417579 -0.04811 -0.141914 -0.434959 -0.0893364 -0.1453 0.27789 -0.285935 -0.427453 -0.217027 -0.289352 -0.236013 0.35409 
0.0213675 0.0287167 -0.259398 0.0895272 -0.131861 0.132904 0.0811583 -0.342237 0.179144 -0.217687 -0.0326804 0.236786 0.0965261 0.625982 0.146819 0.623631 
0.0885666 -0.177454 0.218801 0.201688 0.0251831 -0.303597 -0.177866 -0.408411 -0.121411 0.437805 -0.271561 0.13823 -0.472265 -0.311058 -0.395429 -0.29849 
-0.0716012 -0.12473 0.0246159 0.30172 -0.318652 -0.0729335 0.19258 -0.109258 0.0464041 0.10591 0.626735 0.18477 -0.157613 0.0595334 0.715896 0.164393 
0.0353504 0.0285878 -0.130982 0.523669 0.306125 0.162856 0.272981 0.347542 0.222108 -0.222667 0.3533 0.346254 -0.0492174 0.0148532 0.33376 0.200215 
-0.133908 0.0876703 0.0740049 -0.218209 0.297584 -0.218296 -0.12688 0.197931 0.838323 0.283744 0.260902 0.126864 -0.00857933 0.186311 0.221685 0.236837 
-0.223789 -0.0115049 -0.621104 -0.0566995 0.590653 0.143573 -0.395754 0.274049 -0.0647233 -0.0521432 -0.214814 0.178299 -0.348705 0.371542 -0.149387 0.0133252 
-0.148212 0.282612 -0.111221 0.638567 -0.307787 0.0906127 0.0872325 0.210653 0.427497 0.0653043 0.646761 0.139872 0.296342 -0.0619455 -0.484261 0.211599 
0.163002 0.222399 0.292166 0.150132 0.269814 0.076345 -0.331207 0.15772 0.142484 -0.413773 0.36166 0.269831 -0.167871 -0.0907024 0.667217 -0.727899 
0.230629 -0.574298 -0.640382 0.171649 0.185288 -0.269839 0.262627 -0.10544 0.089211 -0.467335 0.518195 0.375772 -0.214192 -0.113886 0.420853 -0.481571 
-0.283432 0.694966 0.288013 -0.372565 -0.127566 -0.0666471 0.655175 0.0550712 0.116666 -0.0889071 -0.444593 0.576926 -0.0808036 0.461376 -0.231318 0.525769 
-0.166683 -0.0312685 -0.345856 0.892882 0.189725 0.407663 0.507695 -0.253974 -0.46211 -0.243752 -0.479316 0.0893348 -0.444981 0.00997381 0.202975 0.114279 
-0.0305743 -0.119196 -0.0193996 -0.282044 0.283213 -0.0185177 -0.63741 0.246728 -0.190824 0.23771 0.3324 0.105668 -0.433776 0.288009 -0.53277 0.472935 
pop 6 layer 2
dims 4 16
0.220513 0.0696869 0.148973 0.439736 0.555679 0.116792 0.0384957 -0.0755427 -0.414423 0.184208 0.0184648 -0.289892 -0.177248 0.229949 -0.164481 0.0258366 
0.548637 0.280373 -0.0259083 -0.323508 0.196597 0.0372274 0.354263 -0.217976 0.309604 -0.600399 -0.625274 0.230366 0.491814 -0.0361909 -0.0639222 -0.785744 
-0.167593 0.260345 0.256104 0.55991 -0.260499 -0.793733 -0.0833038 -0.976966 0.304891 0.0884847 0.0110455 -0.245016 0.20586 -0.189953 0.144208 0.153893 
0.181783 0.0557663 0.0121154 -0.12802 0.533964 -0.739187 0.172627 -0.224894 -0.308486 -0.32609 -0.0990011 0.325233 0.124813 -0.331644 -0.528908 0.315358 
pop 7 layer 0
dims 16 5
-0.0341688 -0.159081 0.169732 0.483636 -0.0881064 
0.597775 0.191263 -0.00363137 0.0892007 -0.234344 
-0.227866 0.451085 -0.0314204 0.342002 0.4577 
-0.0324949 0.682923 0.116274 0.15244 -0.194005 
0.122463 0.370653 -0.234656 -0.16876 -0.116417 
-0.427889 -0.0913315 0.156938 -0.0557487 -0.100844 
0.205108 0.150895 0.119444 0.0718278 0.397599 
0.201473 0.174302 -0.0659848 -0.499513 0.107898 
-0.49297 -0.397581 -0.0909943 -0.0979619 0.0309652 
0.0645214 -0.0563964 0.013176 -0.12944 0.00300007 
-0.0825778 -0.184622 -0.392505 0.571132 0.041082 
0.00801673 0.426138 -0.481691 -0.00584772 0.064073 
-0.0183005 0.00991258 -0.0343105 0.0682782 0.345036 
-0.0577539 0.600707 -0.613634 0.210107 0.163155 
0.0160691 0.117869 -0.399945 0.122154 0.125318 
0.329315 -0.0952955 -0.166574 -0.169449 -1.08186 
pop 7 layer 1
dims 16 16
0.576672 -0.270413 0.184449 0.227439 -0.131179 0.186387 -0.4881 -0.486913 0.105736 -0.49664 -0.538169 0.339745 -0.572894 0.414268 -0.605204 0.239282 
-0.0244899 -0.246663 -0.214905 -0.157174 -0.107618 0.204253 -0.398537 0.570026 -0.425201 -0.0897947 -0.70406 -0.0659516 0.38764 0.583056 0.558226 -0.248146 
-0.510197 -0.1535 -0.374271 -0.233961 -0.202538 -0.301398 0.314202 0.321124 0.514777 0.169921 0.137298 0.139142 0.112201 -0.135436 -0.40114 0.124029 
-0.132686 0.201892 -0.156629 0.370299 0.0834652 -0.00313368 -0.975468 -0.0660149 -0.17197 0.419207 -0.213076 -0.474564 0.0310439 -0.332117 -0.0429973 0.196605 
-0.100358 0.200304 -0.261087 0.28134 0.244866 -0.0582558 -0.274169 -0.299483 0.233682 -0.130763 -0.0421244 0.312744 0.0565334 0.685434 0.189414 0.350472 
-0.108808 -0.0450322 0.605743 -0.0336881 0.00803945 -0.141244 -0.033242 -0.734803 -0.191624 0.570244 -0.154012 0.184318 -0.667844 -0.782595 -0.371738 -0.391117 
0.118719 -0.0616704 0.0599918 0.121176 -0.408536 -0.117963 -0.121191 -0.220919 -0.067951 0.041446 0.258994 0.155812 -0.0914889 0.118461 0.698792 0.0705658 
-0.304012 -0.0945123 0.200491 0.388412 0.535492 0.122413 0.330204 0.700694 0.178344 -0.120829 0.349838 0.324604 0.0427278 0.0157765 0.165121 0.199307 
-0.790291 -0.0288923 0.146528 -0.32029 0.548151 -0.00556855 0.0332841 0.049611 0.685713 0.370705 0.127176 0.164029 0.0293496 -0.156545 0.221866 0.212478 
-0.437032 -0.191971 -0.693299 -0.108487 0.550303 0.310182 -0.87998 0.622706 -0.143103 0.0242269 -0.0757887 -0.137053 -0.580288 0.46668 -0.00637339 -0.241566 
-0.389553 -0.191644 -0.568989 0.632932 -0.478327 0.292214 0.0798628 -0.0756729 0.540703 0.248709 0.971111 0.311198 0.591047 0.173901 -0.751917 0.610888 
0.471223 0.114383 0.527426 0.298548 0.182824 -0.26639 -0.527375 -0.154039 0.207943 -0.0842441 0.337439 0.452997 -0.211589 -0.126557 0.453295 -0.949487 
0.188479 -0.751409 -0.608455 0.280133 -0.0242442 -0.111371 0.375302 -0.366225 0.319431 -0.349158 0.969044 0.252317 -0.142702 -0.321003 0.566811 -0.45978 
-0.413623 0.533131 0.00930021 -0.376169 -0.565448 -0.264435 0.763896 -0.205064 0.385661 -0.195344 -0.426855 0.697296 -0.14781 0.330322 0.192625 0.874366 
-0.305046 -0.308151 -0.457723 1.1947 0.260732 0.388041 0.722672 -0.404274 -0.762667 -0.290911 -0.326115 0.14618 -0.720042 -0.213369 -0.00564421 0.26549 
-0.0217248 -0.366149 -0.08463 -0.360078 0.528346 -0.105004 -0.802029 -0.0494232 0.146062 0.456824 0.360128 0.104354 -0.278994 -0.052533 -0.481422 0.552328 
pop 7 layer 2
dims 4 16
0.125164 0.0247346 0.14926 0.459039 0.644492 0.244426 0.153494 0.109446 -0.189895 0.0349218 0.104801 -0.0699542 -0.340443 0.269958 -0.113302 -0.0242036 
0.323576 -0.0689236 -0.0324806 -0.258054 0.445827 -0.279499 0.359535 -0.0293126 0.619869 -0.425515 -0.521742 0.228282 0.60931 -0.349457 0.0372321 -0.501732 
-0.129887 0.250642 0.415247 0.97022 -0.33369 -0.645176 0.276625 -1.0291 0.333932 0.0950327 0.125335 -0.0232263 0.215685 -0.58231 0.110959 0.120756 
-0.244355 0.00246998 0.236451 -0.116001 0.564262 -0.610691 0.0242073 0.0449868 0.0862641 -0.115746 0.223088 -0.273412 0.297415 -0.728901 -0.490506 0.623765 
pop 8 layer 0
dims 16 5
0.0340636 -0.258282 0.0735087 0.705479 0.00876705 
0.322101 0.191311 0.0258554 0.132915 -0.456602 
-0.231882 0.468817 -0.0912741 0.528912 0.361957 
0.0141604 0.37381 -0.0409624 0.188347 -0.00231663 
-0.143019 0.112882 -0.170945 -0.227199 -0.106298 
-0.12492 0.0586645 -0.158482 -0.163514 -0.284929 
0.290218 0.210136 0.0954321 0.15033 0.148631 
0.132366 0.0214982 -0.0279853 -0.319243 -0.218797 
-0.580272 -0.282872 0.274206 -0.0503044 0.170537 
0.277928 0.121549 -0.0599671 -0.175252 -0.232198 
-0.107518 -0.065088 -0.655897 0.443243 -0.0127143 
0.0963987 0.453351 -0.313086 0.144112 -0.0897947 
0.0251762 0.103967 -0.115112 0.00950921 0.302067 
-0.0547841 0.704093 -0.346331 0.190305 0.0522322 
0.0701642 0.232399 -0.334294 0.288819 -0.00741656 
0.520341 -0.356364 -0.189907 -0.0608894 -1.01655 
pop 8 layer 1
dims 16 16
0.403313 -0.209813 0.216151 0.247325 -0.0949908 0.132545 -0.542735 -0.384063 0.00834141 -0.32596 -0.38745 0.245041 -0.584666 0.442304 -0.595408 0.44701 
-0.108156 -0.310881 -0.29144 -0.160931 -0.053683 0.258932 -0.456261 0.431702 -0.42066 -0.00671417 -0.56332 0.0888782 0.294832 0.516287 0.530452 -0.137167 
-0.481409 -0.207567 -0.381159 -0.238127 -0.00652412 -0.382346 0.203646 0.330067 0.389125 0.280451 0.0740499 0.176395 0.00490519 -0.0938323 -0.325178 0.0332716 
0.0204789 0.146947 -0.261122 0.46296 -0.0586162 -0.154085 -0.877506 -0.0396458 -0.0978936 0.100112 -0.368208 -0.612984 -0.058244 -0.445706 -0.0607154 0.345583 
0.149031 -0.0444241 -0.264091 0.222304 0.113353 0.176572 -0.0725574 -0.363079 0.337726 -0.11991 -0.225573 0.263379 0.0683983 0.692143 0.188629 0.438943 
-0.152893 -0.0381067 0.455738 0.0204343 0.143965 -0.105252 -0.105287 -0.728549 -0.18871 0.520928 -0.417991 0.13317 -0.546658 -0.654803 -0.413694 -0.26172 
0.158357 -0.0738618 0.134579 0.0184721 -0.186617 -0.226671 -0.0548552 -0.186523 -0.112568 0.130729 0.415239 0.114153 -0.13884 0.16746 0.817257 0.156507 
-0.141949 0.0163192 0.0930577 0.411138 0.522675 0.135452 0.298573 0.69436 0.21546 -0.28754 0.409294 0.347841 0.0441378 0.0147089 0.142458 0.237211 
-0.557291 0.10749 0.237548 -0.331364 0.485091 0.0541494 -0.0359235 0.0999651 0.702263 0.345506 0.16785 0.11899 0.0385269 -0.0154585 0.14799 0.292884 
-0.434401 -0.163388 -0.627349 -0.0957487 0.487703 0.365579 -0.664506 0.489285 -0.128653 0.010923 -0.0923457 -0.10693 -0.570336 0.428257 -0.122042 -0.152223 
-0.296456 -0.12896 -0.380037 0.402067 -0.399219 0.286638 0.174023 0.213658 0.60683 0.218649 0.848974 0.234068 0.564809 -0.0167148 -0.597804 0.508334 
0.492244 0.230913 0.578799 0.292976 0.355875 -0.217924 -0.422321 0.0381794 0.180449 -0.0950799 0.426954 0.421287 -0.258119 -0.0307162 0.400776 -0.763214 
0.124765 -0.684831 -0.626847 0.184022 0.0594419 -0.192569 0.39442 -0.316751 0.453781 -0.395618 0.836632 0.252742 -0.0397405 -0.188757 0.492337 -0.465289 
-0.351324 0.562254 0.0642358 -0.339234 -0.465714 -0.118364 0.962068 -0.0462558 0.232617 -0.0924951 -0.493191 0.5389 -0.216603 0.300707 0.103172 0.656772 
-0.0559194 -0.256158 -0.362701 1.13854 0.173665 0.388531 0.595405 -0.254757 -0.668825 -0.12329 -0.604289 0.0498791 -0.737614 -0.106383 0.187913 0.208111 
-0.00474198 -0.325194 -0.0787126 -0.266117 0.428729 -0.12643 -0.674699 0.0053401 -0.0789725 0.597176 0.286357 0.167923 -0.490098 -0.00706054 -0.397227 0.487405 
pop 8 layer 2
dims 4 16
0.172848 0.279967 0.228093 0.60647 0.525173 0.242402 0.128206 0.291422 -0.323053 0.044437 -0.035414 -0.215534 -0.18788 0.372909 -0.0905077 -0.0279076 
0.317661 -0.0567611 -0.227964 -0.211814 0.48708 -0.220974 0.315226 0.110948 0.319931 -0.462323 -0.213955 0.289655 0.659062 -0.195096 0.0499055 -0.589749 
-0.150546 0.289957 0.34697 0.919949 0.00847978 -0.691873 0.0913317 -0.851346 0.36184 -0.0805205 0.0465632 -0.0470978 -0.0736614 -0.653115 0.133776 0.269549 
-0.078727 0.201411 0.0104289 -0.264055 0.570015 -0.50635 0.36907 -0.0691569 0.128981 -0.0840595 0.178436 -0.108711 0.114247 -0.653775 -0.614768 0.598482 
pop 9 layer 0
dims 16 5
-0.141251 -0.16259 -0.112688 0.393759 0.148021 
0.245184 0.25717 0.0546135 0.127663 -0.101326 
-0.0247561 0.412461 -0.224603 0.406325 0.421524 
-0.220897 0.286799 0.0133599 0.0746007 -0.16515 
-0.1779 0.00682404 -0.319003 -0.31089 0.0637812 
0.00750794 0.127085 -0.121805 -0.226818 -0.20974 
0.125789 0.455566 -0.164961 0.145355 0.20986 
0.0932952 0.194811 -0.094661 -0.0193931 -0.135127 
-0.371097 -0.18864 0.274372 -0.0054355 0.306884 
0.0782841 0.322926 0.0967004 -0.0915421 -0.454426 
-0.112307 0.069896 -0.554124 0.279642 0.182947 
-0.0103035 0.417126 -0.395736 0.0939796 -0.15174 
-0.145618 0.0823534 0.00667361 0.0536966 0.431608 
0.0289832 0.722742 -0.353271 0.122768 0.098096 
-0.0577691 0.0285668 -0.0896967 0.188674 -0.170059 
0.291194 -0.239876 0.0169309 -0.00378875 -1.05727 
pop 9 layer 1
dims 16 16
0.180642 -0.251585 0.157505 0.0576652 -0.243186 0.307366 -0.332542 -0.431524 -0.130748 -0.0643132 -0.305879 0.286913 -0.569698 0.474112 -0.306496 0.457742 
0.0541355 -0.560006 -0.225979 -0.260491 -0.282925 0.212295 -0.185961 0.395208 -0.384771 -0.102877 -0.478533 -0.0129645 0.136555 0.555877 0.657746 0.02519 
-0.278713 -0.198163 -0.246442 -0.146822 -0.0659696 -0.334073 0.478998 0.17858 0.465021 0.241561 0.031088 -0.0327203 0.191612 -0.101378 -0.0613663 0.0208586 
0.199956 0.114343 -0.224169 0.337022 0.0980491 -0.0661844 -0.465415 -0.0924612 0.103305 0.0362237 -0.277289 -0.301484 -0.309259 -0.166869 0.025244 0.0911226 
0.0486912 0.0576173 -0.342192 0.161683 -0.0723508 0.198165 0.0375108 -0.492514 0.298998 -0.148371 -0.0475996 0.299238 0.062492 0.583759 0.0173896 0.511817 
0.0214246 -0.229546 0.24851 0.139309 0.00171174 -0.400566 -0.103202 -0.556745 -0.224726 0.559094 -0.191518 0.181736 -0.424797 -0.437266 -0.328608 -0.23129 
0.00560444 -0.0195363 0.347353 0.273812 -0.118009 -0.157536 -0.0550847 -0.120801 0.086449 0.132171 0.500993 0.114816 -0.0395775 0.0815241 0.57531 0.207392 
0.13618 0.0934825 -0.082437 0.155911 0.45483 0.055916 0.124654 0.553677 0.252676 -0.460982 0.229138 0.32546 0.26027 0.149102 0.227048 0.370401 
-0.262807 -0.0860799 0.300732 -0.349777 0.36558 -0.0838246 0.0413351 0.048244 0.725122 0.199603 0.313709 0.0434511 0.105534 0.10301 0.0110561 0.066628 
-0.115627 -0.044444 -0.593616 0.0993222 0.615613 0.229167 -0.239995 0.125674 0.00668731 0.000588952 -0.122859 0.260504 -0.430453 0.26892 -0.151517 -0.0313932 
-0.28148 0.0287285 -0.152688 0.319578 -0.313273 0.146401 0.18025 0.195428 0.290386 0.117843 0.764924 0.3248 0.317637 0.173104 -0.527899 0.378513 
0.274232 0.111256 0.147879 0.0320636 0.305437 -0.119199 -0.707212 0.20799 -0.0789891 -0.29834 0.275333 0.256756 -0.350891 -0.120538 0.309273 -0.45742 
0.222395 -0.437164 -0.648328 0.213692 0.137611 -0.330344 0.20928 -0.112426 0.391557 -0.200934 0.454537 0.272158 0.0353052 -0.215016 0.475361 -0.425493 
-0.0909414 0.666186 0.253821 -0.197506 -0.189009 -0.338071 0.753053 -0.224998 0.231274 -0.262749 -0.369992 0.422614 -0.140021 0.375231 -0.206423 0.547898 
-0.0194877 -0.0225292 -0.275894 0.970136 0.308007 0.33055 0.743526 0.0466662 -0.576925 -0.234102 -0.470549 0.231115 -0.610403 0.0234675 0.0788054 0.0697802 
-0.144137 -0.264212 -0.216459 -0.0863812 0.546815 -0.0436404 -0.417962 0.0827356 -0.150423 0.503788 0.213629 -0.020973 -0.589142 0.147186 -0.435298 0.274583 
pop 9 layer 2
dims 4 16
-0.17073 0.362646 0.00905808 0.206 0.26957 0.36301 -0.0697053 0.387697 -0.405656 -0.0762279 0.0989872 -0.279328 -0.215792 0.21401 -0.0564258 0.12511 
0.140889 -0.0566076 -0.21571 0.07009 0.386236 0.252099 0.252971 0.223488 0.0204326 -0.149926 -0.0102709 -0.0274496 0.616961 -0.136649 -0.0508295 -0.443707 
-0.241182 0.246589 0.301846 0.873322 -0.0300018 -0.46804 0.232636 -0.793842 0.339486 0.00513532 -0.179669 0.0628831 -0.148451 -0.478317 0.0783207 0.180351 
-0.168009 0.122323 -0.111755 0.00494521 0.481751 -0.491852 0.459855 -0.126865 0.151788 -0.11759 0.0205589 -0.0343417 0.059085 -0.574408 -0.360954 0.453987 
vWeights_end
generator 1408494283 4023946925 2208253557 8702125 2244108833 2758340302 1772783810 4018279532 2079513172 837271476 299875135 2758905894 3619719500 2639134423 371615837 1152498629 1895641491 740199246 2098209500 4085425606 154901571 2694718870 3697085944 3914353730 2675707370 2091014166 330515188 2932778827 2406537415 767037541 3333116900 3437453014 1575375445 1236010143 2036761966 863613033 712250904 3971274128 1065955586 3324350938 1967153021 228013405 1449098580 3193526491 31289757 2259777049 4042348348 2299976791 1012121578 710587552 1064786512 1764127359 2248979449 1734325745 1567124766 1182052871 3256542172 555713101 1813268673 2104580894 657634664 1949391926 3148585218 139241442 912312934 1180252906 3121960323 639183854 777722445 863998882 1789143218 951264103 217208031 2239731371 1347659480 1041228256 1864149824 1343613930 851811140 212400085 3228239884 166085534 3646968911 2674582732 3099467217 1992949003 2437000244 3690250803 2265365174 2526609438 4252336464 2249067944 1327914710 136691068 2282229087 1208138465 399036072 3620733542 2119302656 3800172343 2841642878 3679171330 3328233442 131557345 3738950259 1727969487 2301482614 2184118909 3179621339 1234974771 3770445267 1911862911 368931690 87364084 483222635 363768755 2610374763 2546772382 1604826041 367863392 1183071789 425432021 1070860485 2872933501 564876876 2375648272 1244188881 2268492544 2042215869 2226600720 3214689924 2867495759 1734284548 2825399556 1585500701 2995163434 2655565446 409567998 2537359795 3587515584 2178467667 1246207942 2304865884 1684513358 2545890034 1903158074 1167457990 4035500094 2114375096 2109444390 962211353 929977929 2310254817 952658706 4288035909 1715424107 1983010114 556236897 1858665833 917464132 1902187045 980452111 4233212792 282380601 3119021014 2704286710 2310182278 2736381489 3118417090 86375532 1307036448 3088610031 3053945402 477485350 593570396 2228744582 420776185 938752679 3678396650 3700782818 1471009796 785476826 2348001534 40897001 3698167096 1252734634 287056092 1775905249 56726584 3794512728 4121975224 3191207260 263473947 3588820730 1477688187 2489150789 176381099 3146151827 903651111 3953305220 1571438074 1430880667 4255863174 4280864042 1124191448 180732973 796488432 1784995629 2471630884 480880552 3437371326 1472535125 1225492778 835380100 2898635225 1616529942 1112606463 1007050872 2719879830 3053166055 865012742 427142833 1805785874 1064691092 2683005553 1468435865 935830422 1205030173 1733295935 3663435519 1487234931 3868956225 283630476 4167394189 1096029997 2977083681 2723024280 222760324 338947020 2197454980 2188023306 1315189468 1189797193 3432510237 2047836098 761802360 415286521 4002541187 3868364794 1641072026 2304469284 492393506 4216676062 4112506855 636142582 3059054973 846889992 2194320079 2667068070 3693414792 4076803354 1714777380 959462318 860224672 257716578 3893244211 1501176932 3097339381 474322502 1894768046 3159481442 4206807589 3567766154 1710477843 3757575096 2627327955 1245073761 1941234629 1964378797 2125685300 3231480331 532321958 3885941702 521463285 2116382489 2144206602 2299515740 1978910364 313513992 1006022301 1409664027 3258603126 2363267081 220932673 3942642702 4002017230 1836309981 683494568 3603432180 2522123510 2536126519 785845049 311553303 1724313804 3451939521 1652319440 901417897 2923687342 3129970780 4012673995 724506239 1860567952 3025324014 192322550 29628811 312094488 1544108431 3104453603 3660581928 756583779 3131806616 3113026548 752806078 134881569 3735039492 2951943531 1722831859 2619503116 1123747401 2445277451 341051645 605961284 1963766672 2117086080 3837885215 3922901664 403291068 14738822 3786751923 2092250554 3780664308 747487684 1587573071 3449610270 3578727477 1055802016 2290323519 170977832 1966703728 761790989 2845968243 476995268 3161096663 3399957653 2197482438 3726706677 2688413430 3787637157 96104884 855497513 501650450 906894262 109923007 1046466008 3060175815 2827700710 1253103118 915059581 2482581834 65142888 3501827117 1453803146 250165103 1358327888 1856846535 560746054 2863164789 696567529 3687746507 2890627400 3834557631 159784305 2280871952 3429009401 3535363570 1768785605 4114366277 2365517268 1125726207 243410006 3736369382 1912301381 1876647907 2806499639 2338177853 2581751680 1675312223 4086947389 1338621904 233361793 3105554763 4249368683 2870216148 2133094454 2524877499 3918871042 4232359338 3053337589 2216265397 3230515593 1412000797 161395857 3665429109 295085925 746711101 1734994770 469074447 1981849172 2763040233 2898598804 3778491727 373768229 3721780133 2753324085 3002719628 558389967 499369407 2932081178 1260897319 4126637803 360326055 2583714201 806974999 2029417545 2646880919 851279730 3671269837 2640729081 4155124890 995805406 1373856342 1216503747 2785942856 2691847686 193779214 2723732507 2468241622 83147786 2279601490 1673757214 3928893153 3155673078 3460044793 4135937305 2733568813 1172726679 1983796048 3943267809 120753812 3588779253 862584618 708706774 1142769022 3967341787 1099589928 1360278880 667112864 761100329 364263519 62718395 3200931669 3194156121 3004380556 3742245303 1219623394 919966649 969991447 3918142036 3882569431 1205910776 1853684716 3359318941 2418291620 892559553 3503181239 44162679 2549754646 482381979 4195574645 2472302250 1356129304 1232551764 1795722784 3413460877 3535802738 1848937577 1413893210 4204783178 738237052 564949842 3363431455 3724416364 4285805958 3524923228 1519115177 1957547929 3883131058 2168656052 801492681 1546118803 809894435 2350566485 1246744772 289841287 936758075 3453081719 3854953947 3907622333 1597031647 3073683956 3996512040 543905118 1954867099 770721114 696704004 494323946 2367943287 2660042841 2422449059 1037004317 4146435635 2747570147 1285313806 730096778 3745014581 2798268855 3024335937 1952102403 3157503978 3078845510 981852260 1719353833 3139721640 1431174780 3920925715 1880519921 3209266671 1201325593 2646278516 988504079 3527971520 2187243935 2060660303 75712975 2190401534 54648496 1247173110 551325072 2598144681 434480522 919072237 583770954 3168196529 1638889037 2018101142 997894046 2427277868 585058921 1834677826 1208458535 242765560 312078581 201067660 3065727328 1424465664 4176470996 2835262036 2273305089 3776497940 2266580455 2885668379 2277116202 1679013867 2509204249 4188982245 1033028401 503342262 2375238907 2438844653 3942363222 2401066984 1664100389 1326012334 4097921674 2842381561 3139437206 90776512 3220862558 2786568973 529947617 1613803308 4096852272 1346425041 2968860842 3955232149 3831267021 4176030882 3916555676 2338341994 2266174018 1017870616 3724273310 1619407198 1432663753 335032294 3555709381 894254965 164094943 1908488224 3490940440 4081887853 1654719979 2812816736 3542776293
