sName lunar_lander
version 1
nEpochs 3000
nPopSize 100
nTop 10
act 1
populationStrategy 2
randomInjectionRatio 0.35
nLayers 4
vSize 5 16 16 4 
vBiases_start
pop 0 layer 0
dims 16 1
-0.223849 
0.303781 
-0.351022 
-0.259951 
-0.147328 
-0.153011 
-0.152429 
0.199547 
-0.0255091 
0.0135529 
0.163169 
-0.164663 
-0.311746 
-0.254371 
-0.0497227 
0.435248 
pop 0 layer 1
dims 16 1
-0.145632 
-0.198519 
-0.808434 
0.407254 
-0.0281285 
0.355373 
0.507197 
0.261672 
0.547398 
0.301443 
0.108662 
0.332083 
0.437927 
0.136854 
-0.570079 
0.329878 
pop 0 layer 2
dims 4 1
-0.390137 
0.126649 
0.241066 
0.09468 
pop 1 layer 0
dims 16 1
-0.158973 
0.380835 
-0.325931 
-0.265733 
-0.00426075 
-0.130124 
-0.0484709 
-0.0785857 
0.0398346 
0.164636 
0.0506547 
0.0398529 
-0.208277 
-0.0229463 
-0.365374 
0.265552 
pop 1 layer 1
dims 16 1
-0.247751 
-0.493213 
0.0661092 
0.399373 
-0.114345 
0.151104 
0.385899 
0.609156 
0.185359 
0.364672 
0.142181 
0.785346 
0.221871 
0.0729134 
-0.303164 
-0.00259486 
pop 1 layer 2
dims 4 1
-0.414332 
-0.0347618 
-0.166204 
0.0796073 
pop 2 layer 0
dims 16 1
-0.361274 
0.0860456 
-0.302822 
-0.14947 
0.100402 
-0.214551 
3.88294e-05 
0.188418 
-0.0487666 
0.0225462 
-0.127983 
-0.37033 
-0.216771 
0.108695 
-0.130555 
0.314215 
pop 2 layer 1
dims 16 1
-0.346711 
0.15209 
-0.331561 
0.21091 
0.0838753 
0.133391 
0.113173 
0.612293 
0.184607 
-0.156664 
0.25208 
0.492328 
0.354456 
-0.0593297 
-0.127411 
-0.013421 
pop 2 layer 2
dims 4 1
-0.310281 
0.0652785 
0.0721512 
0.066456 
pop 3 layer 0
dims 16 1
-0.250962 
0.243322 
-0.298847 
-0.23308 
0.148908 
-0.137363 
0.0335698 
0.142374 
-0.253941 
0.1509 
0.186808 
-0.303106 
-0.205455 
0.0789631 
-0.190681 
0.378121 
pop 3 layer 1
dims 16 1
-0.366176 
0.0160569 
-0.345038 
0.252087 
0.13293 
0.164241 
0.32703 
0.583637 
0.270131 
-0.0502951 
0.358927 
0.429252 
0.230804 
0.0888117 
-0.150851 
-0.180408 
pop 3 layer 2
dims 4 1
-0.259979 
0.0639805 
0.0293065 
0.146108 
pop 4 layer 0
dims 16 1
-0.216229 
0.334241 
-0.40968 
-0.375515 
0.0182722 
-0.2472 
-0.043927 
-0.0402226 
-0.0674657 
0.0249243 
0.121694 
-0.100118 
-0.224693 
-0.0547398 
-0.296497 
0.332241 
pop 4 layer 1
dims 16 1
-0.130522 
-0.470012 
-0.157049 
0.32771 
-0.0134227 
0.11652 
0.400682 
0.482256 
0.232317 
0.489023 
0.348132 
0.690558 
0.202632 
0.00504595 
-0.324729 
-0.0480703 
pop 4 layer 2
dims 4 1
-0.375856 
-0.180707 
0.04059 
-0.00923046 
pop 5 layer 0
dims 16 1
-0.104358 
0.423342 
-0.37011 
-0.468927 
0.0732549 
-0.150562 
-0.122845 
-0.0285011 
-0.0405481 
0.14067 
-0.00547049 
-0.140676 
-0.109051 
-0.0263996 
-0.0895223 
0.239765 
pop 5 layer 1
dims 16 1
-0.231031 
-0.139836 
-0.388567 
0.438422 
0.229294 
0.234208 
0.0474343 
0.351957 
0.276294 
0.146033 
0.185076 
0.31648 
0.297981 
0.0984977 
-0.284514 
-0.29796 
pop 5 layer 2
dims 4 1
-0.347323 
-0.181731 
0.0365084 
0.112114 
pop 6 layer 0
dims 16 1
-0.12597 
0.25793 
-0.211034 
-0.221634 
-0.0877733 
-0.0623867 
0.0363248 
-0.071385 
-0.031133 
0.250881 
-0.0467657 
-0.00928688 
-0.246051 
-0.125028 
-0.373322 
0.278744 
pop 6 layer 1
dims 16 1
-0.253792 
-0.414464 
-0.0628346 
0.324681 
0.00864446 
0.0690387 
0.335307 
0.425472 
-0.0831974 
0.280287 
0.171758 
0.790955 
0.421355 
0.0372235 
-0.393446 
0.0648219 
pop 6 layer 2
dims 4 1
-0.11251 
0.169682 
0.0120799 
-0.0365986 
pop 7 layer 0
dims 16 1
-0.0838812 
0.274112 
-0.307355 
-0.15293 
0.0501664 
-0.155902 
0.0655312 
0.156406 
-0.229917 
0.0806759 
0.0437347 
-0.0961656 
-0.343864 
0.201178 
-0.308896 
0.339545 
pop 7 layer 1
dims 16 1
-0.415241 
-0.0176697 
-0.336731 
0.269362 
0.0939481 
0.071443 
0.335774 
0.594703 
0.275825 
0.0143518 
0.146921 
0.498967 
0.265471 
-0.0239946 
-0.127983 
-0.203391 
pop 7 layer 2
dims 4 1
-0.0276317 
-0.267686 
-0.111969 
-0.091307 
pop 8 layer 0
dims 16 1
-0.210012 
0.288393 
-0.369598 
-0.214116 
0.0406176 
-0.162749 
-0.00748099 
0.123769 
-0.0870721 
0.159816 
0.133419 
-0.228411 
-0.323585 
-0.0603154 
-0.202577 
0.359091 
pop 8 layer 1
dims 16 1
-0.268281 
-0.0839674 
-0.379297 
0.163795 
0.126581 
0.0234479 
0.414987 
0.564665 
0.205395 
0.239942 
0.236578 
0.588885 
0.109828 
0.124755 
-0.266328 
-0.15402 
pop 8 layer 2
dims 4 1
-0.28101 
0.0260937 
0.0212542 
-0.048715 
pop 9 layer 0
dims 16 1
0.0474994 
0.320255 
-0.348513 
-0.298222 
-0.164482 
-0.0871274 
-0.0083917 
-0.130665 
-0.119097 
0.240128 
-0.0273694 
-0.0588467 
-0.261499 
-0.223999 
-0.357235 
0.145308 
pop 9 layer 1
dims 16 1
-0.465886 
-0.0932356 
-0.381083 
0.215504 
0.370845 
0.162593 
0.32223 
0.552399 
0.135738 
0.0460511 
0.303516 
0.436636 
0.341064 
0.152398 
-0.0924765 
-0.194958 
pop 9 layer 2
dims 4 1
-0.264442 
0.116196 
-0.143948 
0.259742 
vBiases_end
vWeights_start
pop 0 layer 0
dims 16 5
0.021396 -0.409659 0.0905404 0.562158 -0.0557298 
0.240436 0.149119 -0.0143376 0.0327516 -0.264717 
-0.335667 0.580145 -0.181062 0.378475 0.254957 
-0.0751025 0.252484 -0.0367372 0.00997697 0.0357133 
-0.271355 0.0840189 -0.167881 -0.193904 -0.224972 
-0.24117 -0.0668762 -0.0897481 -0.00249367 -0.257935 
0.0331572 0.212042 -0.0162928 0.261216 0.287055 
0.183377 0.0658193 -0.0684878 -0.266855 0.0358035 
-0.48567 -0.148635 0.164575 0.0474835 0.162645 
0.334176 0.298147 -0.178709 -0.280139 -0.258643 
-0.0443637 -0.0437362 -0.552384 0.439932 -0.0671996 
0.0263754 0.328725 -0.250812 0.155655 -0.29578 
0.0407095 -0.0742244 -0.121552 -0.0372485 0.304323 
-0.238604 0.673091 -0.492795 0.373729 -0.0587098 
-0.128635 0.232317 -0.556079 0.276838 0.0334338 
0.346556 -0.419722 -0.211302 -0.114653 -1.05061 
pop 0 layer 1
dims 16 16
0.638191 -0.354004 -0.0397008 0.379647 0.0719205 0.36175 -1.11556 -0.88617 0.524139 -0.58267 -0.606852 0.42127 -0.630496 0.17133 -0.259544 0.00130621 
0.0828318 0.0837618 -0.161252 0.00819512 -0.182372 0.288801 -0.42114 0.308767 -0.0449544 0.0375298 -1.52961 -0.276436 0.188013 0.293831 0.303592 -0.368395 
-0.419927 -0.27088 -0.180968 -0.395858 -0.504285 0.0534719 -0.0856928 0.571462 0.57254 0.382307 0.16876 -0.102282 0.201216 0.162079 -0.170872 -0.071864 
-0.0520492 0.290876 0.152651 0.19526 0.279265 0.131387 -0.537402 -0.240293 0.0158702 0.225313 -0.201608 -0.227129 0.200773 -0.115828 0.0840205 0.533491 
-0.439036 -0.0360496 -0.0595523 0.236372 -0.168043 -0.13861 -0.286418 -0.137943 0.0814842 0.375632 -0.183438 0.00986209 -0.225968 0.769632 0.0357297 0.394019 
-0.554891 0.100309 0.632782 -0.163175 -0.195082 -0.116007 -0.0794242 -0.496904 -0.429397 0.96553 -0.167915 0.12593 -0.567794 -0.997308 -0.114473 -0.369746 
-0.140169 0.079743 0.268218 -0.111455 -0.168179 -0.297775 0.393086 -0.58195 -0.575432 -0.31043 0.205611 0.23371 -0.460028 0.239643 0.20009 0.0956044 
-0.563597 0.574969 0.239903 0.00727914 0.234697 0.442632 0.46884 0.660003 0.139038 -0.0255496 0.217233 0.217186 -0.0693141 -0.150017 0.320078 0.165491 
-0.706253 0.130899 -0.209158 -0.104408 0.321778 -0.0446466 0.202079 0.0823398 1.25987 0.176905 0.513347 0.0783573 0.208946 -0.704724 0.306484 0.238127 
0.0224987 -0.353364 -0.580458 -0.103248 0.787016 0.37225 -0.867101 0.608488 0.161556 -0.0622482 0.465372 0.196039 -0.464848 0.404047 -0.32804 -0.76362 
0.109362 -0.283192 -0.677927 0.668169 -0.380218 0.0268756 0.28614 0.265076 0.235054 0.261696 0.919126 0.245647 0.233908 0.358048 -0.470836 0.724269 
0.387757 0.30773 0.565411 0.559498 -0.0685441 0.107034 -0.463265 -0.274576 -0.0765091 -0.097477 0.33313 0.0409477 -0.0395231 0.0160988 -0.0412579 -0.803804 
0.413638 -0.477801 -0.582405 0.861462 -0.604231 0.282598 0.854119 -0.541714 0.0614582 0.255061 0.949185 0.833468 -0.171349 0.0208625 0.600323 -0.378957 
-0.806172 0.755308 0.147551 -0.301742 -0.124066 -0.23007 0.489438 0.263493 0.340877 -0.284826 -0.614176 0.79047 -0.320184 0.171918 0.333013 0.754186 
-0.480708 -0.38253 -0.491892 0.597344 0.0548369 0.347751 0.315925 -0.396871 -0.889344 0.0253364 -0.577954 -0.282842 -0.269875 0.32909 -0.671742 0.252743 
0.0427674 -0.36768 -0.261732 -0.199932 0.835148 0.382678 -1.07264 0.155211 0.320106 0.244786 0.264055 0.124728 -0.42352 -0.52173 -0.359638 0.759216 
pop 0 layer 2
dims 4 16
-0.107608 0.261818 0.233547 0.536955 0.506035 0.156784 0.0903476 0.411189 -0.398393 0.0122057 -0.0591275 -0.187585 -0.218298 0.484785 -0.0631383 -0.0155588 
0.264389 -0.104601 -0.356991 -0.312683 0.302835 -0.183283 0.268915 0.103533 0.344206 -0.60863 -0.330953 0.399527 0.705253 -0.214022 0.0427372 -0.516741 
-0.250702 0.254211 0.53437 1.03253 0.0745661 -0.55833 -0.135313 -0.648086 0.443222 -0.123541 0.0293402 0.0272877 -0.113339 -0.758803 0.118107 0.453031 
-0.0350364 0.276378 0.0235244 -0.171116 0.502746 -0.444182 0.292233 0.00701964 -0.0567397 -0.0226467 0.231232 -0.0572863 0.161264 -0.674704 -0.524569 0.513622 
pop 1 layer 0
dims 16 5
-0.19048 -0.374469 -0.0220925 0.534049 -0.119071 
0.0573666 0.340979 0.164998 0.161778 -0.316793 
-0.153893 0.0987792 0.0176281 0.331422 0.451787 
0.0777227 0.372965 -0.0766131 -0.00293733 0.132396 
-0.166493 0.00310072 -0.192705 -0.0765729 -0.0277166 
-0.0903639 -0.0538637 -0.252349 -0.159998 -0.25609 
0.379594 0.407499 0.0450542 0.0121239 0.0594853 
-0.0497204 -0.0551173 -0.241919 -0.254769 -0.314283 
-0.602422 -0.506149 0.249123 -0.0378152 0.133461 
0.213918 0.197381 -0.0861155 -0.415673 -0.169944 
-0.0868708 -0.212039 -0.609612 0.212627 0.15539 
0.0362209 0.303896 -0.113479 0.170956 -0.0204438 
0.0703931 -0.0490562 0.0146028 -0.183098 0.201876 
0.0488256 0.52928 -0.518004 0.379911 0.14565 
0.0786426 0.349346 -0.189941 0.492253 -0.0587303 
0.416484 -0.315989 -0.00583228 0.0400735 -0.743894 
pop 1 layer 1
dims 16 16
0.640287 -0.389656 0.00685999 -0.0909826 -0.27211 0.0900359 -0.435236 -0.674804 0.0832669 -0.432671 -0.426196 0.260966 -0.495684 0.273708 -0.370796 -0.267192 
0.249722 0.0273143 -0.310919 0.00174471 -0.0306379 0.302422 -0.22904 0.665973 -0.192754 -0.232076 -0.740924 -0.152164 0.451629 0.526971 0.431831 -0.161903 
-0.396094 -0.0670137 -0.325729 -0.205522 -0.287274 -0.085204 0.11478 0.252951 0.507177 0.219981 -0.0252095 -0.148617 0.332701 -0.0574906 -0.447864 0.0574572 
-0.39549 -0.0177081 -0.130757 0.135033 0.0886036 -0.0874032 -0.842178 0.0781717 -0.175636 0.240485 -0.161576 -0.413772 0.348593 -0.175276 -0.0559963 0.0983516 
-0.18569 0.25323 0.00195365 0.346965 0.114997 -0.0909778 -0.243807 -0.00446933 0.356174 0.242344 -0.232344 0.363982 0.0525785 0.492585 -0.224782 0.478089 
0.072415 -0.21823 0.249207 0.114005 -0.161438 -0.0917271 -0.10959 -0.540711 -0.126629 0.563303 0.216303 0.0762314 -0.896761 -0.879803 -0.00359027 -0.0694653 
0.250479 -0.202322 -0.146608 0.258206 -0.500484 -0.127519 -0.135472 -0.132156 -0.315091 -0.25107 0.156979 0.262185 -0.461684 -0.0409915 0.357564 0.242196 
-0.489537 0.24345 0.587705 0.3664 0.415482 0.399361 0.337597 0.516031 -0.25393 -0.0185335 0.101197 -0.465666 0.199693 0.0765831 0.0968031 0.0124146 
-0.541762 -0.115644 -0.0945963 -0.332712 0.327687 0.349478 -0.293596 -0.0189052 0.548011 0.420907 -0.150924 0.00946032 0.0789023 -0.178472 -0.087327 0.095095 
-0.352511 -0.22088 -0.250442 -0.235437 0.516264 0.203494 -0.713944 0.634306 -0.379776 0.04476 -0.236732 -0.00262216 -0.0961358 0.27563 -0.185123 -0.335408 
0.0926427 -0.236186 -0.495362 0.545763 -0.276908 0.219474 0.535745 -0.144041 0.575165 0.293174 0.795891 0.211451 0.3283 0.473842 -0.507443 0.481297 
0.383326 0.334525 0.217613 0.262039 -0.155936 0.182413 -0.334608 -0.0578649 0.250374 -0.0218295 0.405051 0.425588 0.246121 -0.148496 0.463513 -0.893217 
0.0914054 -0.723085 -0.319723 -0.0586102 -0.012944 0.392404 0.281956 -0.442227 0.0493788 -0.313289 0.813107 0.169463 -0.137219 -0.0418589 0.437421 -0.488087 
-0.493956 0.507422 0.277206 -0.312735 -0.489004 0.139659 0.472007 0.278887 0.371451 0.0236813 -0.216793 0.701463 -0.132868 0.101702 -0.011248 0.382861 
-0.25002 -0.484252 -0.41635 0.474483 0.19646 0.367736 0.494435 -0.505428 -0.555476 -0.463766 -0.31538 -0.0253321 -0.501351 -0.207524 0.0992362 -0.00517591 
0.128962 -0.507045 0.12883 -0.153724 0.449246 0.184083 -0.732613 0.0747344 0.157891 0.248921 0.109461 -0.0592899 -0.182828 -0.218792 -0.0904259 0.450689 
pop 1 layer 2
dims 4 16
0.139618 0.38817 -0.0718191 0.502335 0.304226 0.262234 0.0450899 0.544 -0.171026 -0.102037 -0.305922 -0.119339 -0.03486 0.156312 -0.0738799 0.011871 
0.225875 -0.0941397 0.122813 -0.500382 0.500842 -0.278888 0.128886 -0.0209453 0.127255 -0.432305 -0.247527 0.0480664 0.646646 -0.237104 0.0269694 -0.37779 
-0.293804 0.266094 0.308939 0.608233 -0.00367058 -0.657413 -0.0320536 -0.695889 0.164554 -0.105856 0.251727 0.0342642 -0.169114 -0.608027 0.0609573 0.41429 
-0.296099 0.280671 -0.0265853 -0.120476 0.393942 -0.592379 0.388935 -0.0867347 0.0959945 -0.156206 0.00302652 -0.278356 0.309271 -0.660734 -0.498263 0.45707 
pop 2 layer 0
dims 16 5
0.110153 -0.297234 -0.135758 0.168409 -0.0412847 
0.197817 0.170514 0.167383 0.262373 -0.106026 
-0.364366 0.300875 -0.277824 0.528205 0.347497 
0.145376 0.337388 0.0832845 0.0376934 -0.0753192 
-0.03182 0.285367 -0.0357666 -0.330434 -0.086803 
-0.0124437 0.0226023 -0.266848 -0.334621 -0.206876 
0.144837 0.226056 -0.135011 0.150719 0.0105719 
0.00785558 -0.0218589 -0.0637525 -0.139016 0.0872756 
-0.307791 -0.1699 0.0116698 0.0286783 0.378997 
0.261241 0.0318241 0.0867842 -0.0677761 -0.570526 
-0.187744 -0.341654 -0.686813 0.663374 0.220858 
-0.220687 0.209495 -0.304894 -0.000276977 -0.175649 
-0.187674 0.0206536 -0.104789 0.0146755 -0.0636573 
-0.0431432 0.878541 -0.155857 0.084402 -0.00507476 
0.126904 0.225726 0.0528393 0.34215 0.0106227 
-0.0570074 -0.273445 -0.243638 -0.115278 -0.938212 
pop 2 layer 1
dims 16 16
0.134347 -0.0453736 0.288108 0.0693691 -0.0420742 0.306798 -0.478003 -0.136905 0.145781 -0.260697 -0.406439 0.332277 -0.382127 0.554568 -0.391185 0.457488 
-0.119998 -0.606552 -0.42757 -0.338186 -0.150688 0.160766 -0.0459134 0.460342 -0.414008 0.0445989 -0.227795 -0.125627 0.185304 0.290374 0.458712 -0.144638 
-0.126431 0.140507 -0.336392 -0.0902464 -0.00701726 -0.0684224 0.083373 0.209601 0.194515 0.262879 0.16041 0.204757 0.161154 -0.143187 -0.217367 0.232727 
0.187146 0.185745 0.172472 0.293536 0.241849 -0.1369 -0.745521 -0.0762817 0.348394 0.316357 -0.352288 -0.390991 -0.187929 -0.129517 -0.127901 0.104983 
-0.0209395 0.236373 -0.310647 0.150222 -0.0274564 0.341151 0.0364799 -0.41213 0.200827 -0.229468 -0.0602839 0.243199 0.0889146 0.667216 0.243806 0.398707 
0.00738894 -0.147271 0.31133 -0.0131092 0.266551 -0.189291 -0.115327 -0.538456 -0.0669038 0.36729 -0.224864 0.249543 -0.281909 -0.206186 -0.497558 -0.215762 
0.131122 -0.0106142 0.20708 0.480289 -0.22808 -0.0330929 0.185547 -0.136732 0.00606496 0.394473 0.455934 0.151934 -0.23369 0.136807 0.723778 0.0718449 
-0.14708 -0.085673 0.00991419 0.240589 0.352649 0.511474 0.264701 0.45781 0.0162232 -0.20242 0.146437 0.0437356 -0.0760962 -0.0603001 0.505624 0.142996 
-0.21476 0.121162 0.296522 -0.243368 0.312668 -0.090036 0.21533 -0.233993 0.70895 0.173819 0.0253136 0.225429 -0.0695007 -0.261193 -0.0320796 0.170885 
0.0142863 0.112214 -0.387427 -0.229998 0.509192 0.317125 -0.452393 0.221768 -0.0147718 0.201648 -0.24156 0.0377388 -0.244513 0.417202 -0.115386 -0.170834 
-0.0324773 0.256861 -0.180112 0.537729 -0.322145 0.121142 0.293586 0.141157 0.408909 0.379115 0.690733 0.186133 0.31026 0.0568421 -0.404717 0.566308 
0.319942 0.141633 0.275477 0.313545 -0.0537209 -0.0536165 -0.603183 -0.133698 0.167469 -0.0710938 0.230864 0.190905 0.129993 -0.132018 0.23296 -0.420734 
0.279958 -0.648312 -0.645089 -0.062769 0.174121 -0.341818 0.404113 -0.311837 0.25912 -0.270065 0.724779 0.394511 -0.263376 0.259991 0.250946 -0.408039 
-0.181503 0.441791 0.160846 -0.265237 -0.219711 -0.222514 0.390193 0.0444154 0.103727 0.0263526 -0.0809596 0.546288 -0.211424 0.299178 -0.209045 0.359265 
0.0262222 0.0855565 -0.484867 0.612261 0.0889397 0.400302 0.696726 -0.0156082 -0.42307 -0.236357 -0.388719 -0.11392 -0.461575 0.12976 -0.0521637 -0.0712716 
0.0355543 -0.246367 -0.3284 -0.290024 0.380262 0.0524627 -0.304872 0.141688 0.0123745 0.159586 0.162619 0.176504 -0.335146 -0.105283 -0.27988 0.521477 
pop 2 layer 2
dims 4 16
-0.103964 0.287717 0.256876 0.491887 0.350357 0.163381 -0.0548122 0.306361 -0.281022 -0.0874229 -0.0552588 -0.218498 -0.291388 0.387549 0.00724887 -0.019392 
0.379324 -0.0739455 -0.164119 -0.207139 0.204555 -0.236845 0.173294 0.0914719 0.30123 -0.467216 -0.194733 0.329051 0.383415 -0.157897 0.112329 -0.494097 
-0.107915 0.160452 0.395889 0.913404 0.250017 -0.499289 -0.177178 -0.634139 0.416016 -0.23362 0.140024 -0.0686539 -0.121975 -0.848806 0.189378 0.468039 
-0.0542112 0.147325 -0.0427738 -0.0360133 0.603629 -0.45257 0.245158 0.00201292 -0.120127 0.092819 0.219036 -0.181987 0.355343 -0.631262 -0.539368 0.289142 
pop 3 layer 0
dims 16 5
-0.0644531 -0.251838 0.0352691 0.447456 0.0674107 
0.39729 0.192937 0.135123 0.242002 -0.226971 
-0.287557 0.346361 -0.180171 0.638582 0.390044 
-0.0168588 0.365046 -0.107288 0.0172803 0.00644011 
-0.133966 0.0793088 -0.18991 -0.243427 0.135063 
-0.0873983 0.170264 -0.184057 -0.349164 -0.332875 
0.233176 0.276108 -0.228853 0.240309 0.0104984 
0.0840349 -0.0732579 -0.0558092 -0.207529 -0.0642846 
-0.416329 -0.230959 0.144908 0.185604 0.312529 
0.231942 0.233397 0.0556645 -0.210951 -0.495524 
-0.141998 -0.284442 -0.604302 0.613762 0.20986 
-0.0965704 0.305224 -0.336755 0.0471208 -0.00206763 
-0.175794 -0.142782 0.00701722 -0.0831876 0.25853 
0.0118843 0.776748 -0.322517 0.0741529 -0.0115919 
0.0269357 0.217273 -0.0917646 0.272711 -0.0471324 
0.123511 -0.353378 -0.230094 -0.126202 -0.980117 
pop 3 layer 1
dims 16 16
0.188557 -0.039682 0.337756 0.0333647 -0.143317 0.244428 -0.486625 -0.367794 0.0220808 -0.422254 -0.457087 0.371487 -0.443548 0.517163 -0.404459 0.487843 
-0.00883681 -0.558228 -0.275966 -0.244363 -0.105677 0.0208159 -0.292876 0.394148 -0.445878 -0.128842 -0.377009 -0.108375 0.344244 0.267813 0.409197 -0.12274 
-0.288934 -0.0817988 -0.372283 -0.0919542 -0.0155959 -0.185253 0.00966433 0.19279 0.486596 0.366051 0.218878 0.0695524 0.12275 -0.182146 -0.279501 0.345167 
0.0940521 0.254801 -0.014733 0.352961 0.078308 -0.340273 -0.723122 -0.0326764 0.152228 0.367575 -0.3376 -0.648966 -0.204796 -0.0920329 -0.246743 0.262544 
-0.108041 0.220286 -0.553228 0.351413 0.109634 0.237129 0.0976103 -0.366151 0.174647 -0.37848 -0.0219669 0.304146 0.14637 0.679827 0.205938 0.50157 
0.053628 -0.118239 0.261787 0.163651 0.266808 -0.152207 -0.113943 -0.449619 -0.0404634 0.493685 -0.202972 0.217935 -0.34874 -0.271028 -0.362757 -0.287309 
0.143762 -0.0649386 0.148106 0.347374 -0.290026 -0.0303155 0.216757 -0.14549 -0.0368125 0.355826 0.412649 0.129841 -0.16957 0.182443 0.803086 0.117865 
-0.0518065 -0.195887 0.15676 0.320649 0.374655 0.289584 0.279691 0.344468 0.115563 -0.23173 0.176122 0.177066 0.0274225 0.104084 0.494486 0.159227 
-0.218897 0.0788105 0.0398349 -0.386576 0.329208 -0.179727 0.191715 -0.0114806 0.766397 0.223036 0.0900123 0.218502 -0.0329842 -0.100012 0.105732 0.10012 
0.0498654 0.20796 -0.489753 -0.104674 0.644108 0.317666 -0.421399 0.379944 0.00950623 0.142522 -0.240454 0.0608992 -0.386279 0.496642 -0.0949451 -0.0488619 
-0.0691167 0.163456 -0.195221 0.419746 -0.513416 0.115232 0.309576 0.0918061 0.276733 0.124625 0.614846 0.259813 0.447095 0.102812 -0.449184 0.398626 
0.361403 0.313535 0.289296 0.332141 0.216509 -0.0745169 -0.575071 -0.0783302 0.230469 -0.137401 0.389508 0.387846 -0.0516293 -0.0837784 0.276387 -0.504658 
0.132461 -0.482186 -0.639467 -0.00897487 0.278652 -0.441878 0.375049 -0.200507 0.349312 -0.16093 0.651579 0.419176 -0.111611 0.0276603 0.407788 -0.410533 
-0.0914664 0.643144 0.204511 -0.356343 -0.284503 -0.201893 0.544945 -0.0976535 0.230093 -0.115937 -0.203074 0.33034 -0.283727 0.286229 -0.292826 0.470855 
0.0679342 0.130576 -0.393812 0.883477 0.0715758 0.428278 0.592444 -0.0705289 -0.490541 -0.316561 -0.394629 -0.00550946 -0.416646 -0.0201372 0.0254268 -0.0463009 
0.015152 -0.300229 -0.311143 -0.295486 0.391681 -0.0177733 -0.234117 0.22382 -0.0789513 0.303278 0.276229 0.0506565 -0.455739 0.045548 -0.308173 0.462188 
pop 3 layer 2
dims 4 16
-0.114435 0.167046 0.104377 0.453745 0.566394 0.162593 -0.00305885 0.215928 -0.27086 0.0500927 0.029537 -0.409807 -0.202141 0.196298 0.0203076 -0.118439 
0.047065 -0.095945 -0.216715 -0.0230519 0.588925 -0.058394 0.0407997 0.118903 0.247469 -0.55146 -0.0155308 0.148359 0.648501 -0.204534 0.164127 -0.406593 
-0.150596 0.255664 0.182192 0.715776 -0.0566226 -0.38879 0.118754 -0.630372 0.385572 0.00768878 -0.00580636 0.130419 -0.256746 -0.546509 0.208269 0.38892 
-0.0488413 -0.0596101 -0.0751911 -0.0316159 0.356916 -0.607824 0.391219 -0.160477 0.1138 -0.157759 0.12945 -0.0227056 -0.00473288 -0.480469 -0.41234 0.58391 
pop 4 layer 0
dims 16 5
-0.136327 -0.325072 0.0256672 0.603255 -0.156511 
0.254569 0.313117 0.0164089 0.121123 -0.326069 
-0.212011 0.369774 0.0390441 0.289677 0.44756 
0.0750686 0.288767 -0.0587132 0.0806795 0.0443165 
-0.0943975 0.0530247 -0.184826 -0.178975 -0.214538 
-0.234886 -0.103654 -0.135263 -0.203474 -0.162107 
0.361348 0.233525 0.0548928 0.173147 0.235198 
0.0711494 -0.0731745 -0.103122 -0.475264 -0.388338 
-0.557185 -0.362674 0.213705 -0.0494636 0.159892 
0.126813 0.223542 -0.0682965 -0.423549 -0.233669 
-0.065925 -0.0738633 -0.595885 0.40361 0.0643384 
0.145827 0.414296 -0.21318 0.196389 -0.117227 
0.124052 0.159259 -0.103042 -0.045858 0.33495 
0.0264876 0.552994 -0.481732 0.224653 0.159622 
-0.0179213 0.264625 -0.291981 0.377778 -0.0729616 
0.331803 -0.451147 -0.112829 -0.163829 -0.748217 
pop 4 layer 1
dims 16 16
0.722382 -0.472328 0.0439165 -0.115293 -0.0928408 0.0545308 -0.570729 -0.647937 0.241427 -0.638289 -0.55983 0.300211 -0.479148 0.225943 -0.341227 -0.218684 
0.187261 -0.095052 -0.325959 -0.11004 -0.00396635 0.344069 -0.185902 0.686251 -0.3223 -0.174791 -0.77213 -0.138409 0.468414 0.496922 0.519759 -0.270554 
-0.484548 -0.037473 -0.465703 -0.160353 -0.17238 -0.155066 0.15186 0.334138 0.615194 0.161448 -0.0365504 0.079197 0.180372 -0.0292093 -0.29471 0.167791 
-0.155002 0.0303511 0.000604787 0.199543 0.13004 -0.05477 -0.867896 0.15025 -0.336026 0.157864 -0.325952 -0.476211 0.209593 -0.140534 -0.0246285 0.120862 
-0.00420134 0.252048 -0.0563745 0.376896 -0.013651 -0.108781 -0.167527 -0.172372 0.322107 0.115318 -0.187972 0.386322 -0.0423322 0.556342 -0.210547 0.601893 
0.0199228 -0.351202 0.4597 0.0252049 -0.0388593 -0.164534 -0.0338332 -0.607952 -0.161189 0.454808 0.342174 0.0621942 -0.859515 -0.997241 -0.189424 -0.181342 
0.242628 -0.0418074 -0.00503963 0.189379 -0.40085 -0.10821 -0.240665 -0.13601 -0.284485 -0.334418 0.119953 0.117469 -0.277258 -0.0320466 0.472838 0.154112 
-0.380298 0.490582 0.54053 0.332135 0.558639 0.154671 0.31753 0.693067 -0.0898781 -0.0740251 0.29166 -0.400538 0.27757 0.091759 0.225358 0.0367289 
-0.51026 -0.174783 -0.181129 -0.337092 0.506103 0.321951 -0.163534 -0.0764115 0.708448 0.446876 0.00822144 -0.0240121 -0.0459965 -0.244091 0.00140777 0.0215955 
-0.426426 -0.175814 -0.305671 -0.235987 0.514192 0.368049 -0.91232 0.652164 -0.258763 -0.119105 -0.254916 -0.0920712 -0.276105 0.257192 -0.230739 -0.295494 
-0.0509712 -0.297303 -0.647285 0.572968 -0.333079 0.288133 0.413073 0.00377999 0.549983 0.369643 0.776155 0.366052 0.458053 0.397358 -0.449874 0.537204 
0.610747 0.352609 0.366176 0.225901 -0.0169483 0.0766806 -0.393967 -0.110682 0.141493 -0.1424 0.220835 0.460978 0.119667 -0.104349 0.443838 -0.733304 
0.242284 -0.624818 -0.421612 -0.0348626 -0.0065244 0.311343 0.206163 -0.520792 -0.0209741 -0.216664 0.955431 0.25626 -0.0695246 -0.019905 0.344527 -0.449552 
-0.527595 0.565541 0.178402 -0.405533 -0.403599 0.0849719 0.542935 0.31224 0.443075 0.0819223 -0.195699 0.627781 -0.147087 0.189578 0.0260825 0.554996 
-0.306444 -0.473489 -0.384019 0.5761 0.195935 0.327406 0.594147 -0.574741 -0.618856 -0.282351 -0.353307 0.0198745 -0.628757 -0.197862 0.0554999 0.0775663 
-0.0509287 -0.433863 0.11765 -0.126303 0.392258 0.193082 -0.728375 0.00345406 0.00748716 0.11069 0.223196 0.066017 -0.32495 -0.00309402 -0.308152 0.635156 
pop 4 layer 2
dims 4 16
0.254794 0.35464 0.146078 0.554408 0.320962 0.222533 0.166248 0.368733 -0.176669 0.00490087 -0.139163 -0.194138 -0.145439 0.259684 -0.18109 -0.156225 
0.378232 0.0547302 0.103613 -0.269889 0.541296 -0.211933 0.368019 0.141029 0.280454 -0.54336 -0.157372 0.147226 0.75556 -0.18739 -0.00137776 -0.350245 
-0.351599 0.430778 0.280088 0.822062 -0.0661578 -0.559269 0.0734306 -0.795657 0.184928 -0.142861 0.140124 -0.0146211 -0.168007 -0.816499 0.232925 0.314244 
-0.132657 0.383268 -0.0475798 -0.162231 0.454032 -0.678735 0.421047 -0.0795402 0.205848 -0.217501 0.109218 -0.171433 0.118721 -0.801499 -0.575865 0.420297 
pop 5 layer 0
dims 16 5
-0.117406 -0.123014 0.105916 0.620718 -0.212039 
0.214208 0.329679 0.0296966 0.11703 -0.265751 
0.0402232 0.330456 0.116186 0.227116 0.270181 
-0.113011 0.486073 0.0473502 0.0782228 -0.103793 
-0.113059 -0.0368332 -0.243833 -0.158661 -0.209913 
-0.31271 -0.0694236 -0.244023 -0.226295 -0.061145 
0.14672 0.244721 0.0458846 0.118645 0.235061 
-0.0874861 -0.0566517 -0.0117141 -0.444755 -0.310981 
-0.425807 -0.466417 0.291697 -0.0290409 -0.0458471 
0.0831673 0.272933 -0.172146 -0.483735 -0.184994 
0.101139 -0.0201407 -0.741258 0.301277 0.265645 
-0.0834686 0.426971 -0.0926958 0.0446649 -0.0658057 
0.0817323 0.0267855 0.0652451 -0.0115918 0.411728 
0.0517483 0.551827 -0.356024 0.0938566 0.108231 
0.00283463 0.289766 -0.325974 0.285435 0.00897262 
0.296832 -0.444004 -0.0873775 -0.253231 -0.558401 
pop 5 layer 1
dims 16 16
0.0426427 0.017161 0.293701 0.150818 0.143682 0.324795 -0.446477 -0.436042 0.068582 -0.213953 -0.137405 0.455782 -0.449785 0.342075 -0.248997 0.318155 
-0.19966 -0.657568 -0.231778 -0.260407 -0.26794 0.0136695 -0.0145935 0.43631 -0.171692 -0.00031552 -0.356297 -0.102765 0.214855 0.300592 0.172704 -0.158342 
-0.200951 -0.306038 -0.455696 0.0197242 -0.0188207 -0.417355 0.138843 0.116322 0.351615 0.181852 0.272764 0.0291739 -0.142165 -0.219025 -0.195445 0.255859 
0.182697 0.22263 0.00109816 0.147405 -0.171712 -0.268414 -0.685969 -0.0545382 0.237328 0.452073 -0.26147 -0.411188 0.131695 -0.158164 -0.124556 0.297895 
0.12567 0.0755653 -0.262109 0.374618 -0.154433 0.101213 -0.0900587 -0.360374 0.0114101 -0.317756 -0.196343 0.218039 -0.0564758 0.471179 -0.0471331 0.433106 
0.040018 -0.339424 0.396827 -0.0140763 0.20917 -0.121385 -0.0203888 -0.464804 -0.0344755 0.625293 -0.102584 0.120915 -0.385422 -0.3064 -0.331853 -0.312884 
0.302413 -0.160895 0.236536 0.262848 -0.238201 -0.102863 0.191872 -0.110946 0.0672198 0.306688 0.264008 0.220217 -0.134165 0.230964 0.63172 0.211799 
-0.0282389 -0.151686 0.155199 0.450813 0.303651 0.0196514 0.152608 0.212158 0.118234 -0.0923416 -0.145392 0.344822 -0.0726442 0.0480617 0.460656 0.0726635 
-0.278599 0.233957 -0.133087 -0.226738 0.260893 -0.206348 0.22126 0.158732 0.71346 0.363848 0.248711 0.170466 0.0178946 -0.00853659 0.114612 0.0249785 
-0.0395062 0.207642 -0.313333 -0.0799553 0.566049 0.477261 -0.314212 0.296329 -0.061863 0.162456 -0.0999288 -0.291312 -0.396665 0.354403 -0.166903 -0.0588076 
0.0436513 0.267541 -0.204779 0.479945 -0.623241 -0.0187085 0.355034 0.0970051 0.199633 0.147897 0.331631 0.0489027 0.33912 0.311124 -0.358494 0.295794 
0.529416 0.362863 0.240213 0.208406 0.219351 0.0245091 -0.484534 -0.098243 0.176734 -0.197888 0.301054 0.633915 -0.130688 0.0347291 0.249625 -0.598964 
0.142096 -0.465502 -0.563489 -0.0325019 0.194645 -0.383299 0.473992 -0.387885 0.373267 -0.247681 0.743431 0.160574 -0.00172779 0.0803101 0.449343 -0.221743 
-0.0982052 0.259676 0.347622 -0.380847 -0.485875 -0.308008 0.71561 -0.253595 0.376262 -0.206845 -0.105593 0.29447 -0.345939 0.244488 -0.345497 0.366763 
0.13452 0.213744 -0.457811 0.865164 0.00271832 0.0721434 0.222068 0.124485 -0.226482 -0.270003 -0.144749 0.0248277 -0.280805 -0.0680466 0.25965 -0.0905761 
0.235899 -0.314868 0.029175 -0.176713 0.273827 -0.182115 -0.340452 0.18895 -0.147083 0.163319 0.384201 0.0952569 -0.264544 0.044543 -0.269609 0.377249 
pop 5 layer 2
dims 4 16
0.410555 0.372966 0.193877 0.538822 0.259214 0.203364 0.0746804 0.433911 -0.179376 -0.0410277 -0.112015 -0.105251 -0.124227 0.140089 -0.166321 -0.166935 
0.0845149 0.136519 -0.00434443 -0.174599 0.486337 -0.148294 0.200938 -0.00391235 0.291703 -0.489065 -0.016266 0.056241 0.888523 -0.103688 -0.0409915 -0.174217 
-0.21031 0.463563 0.249171 0.856576 -0.00260267 -0.754884 0.0776614 -0.638045 0.364433 -0.12016 -0.052657 -0.0144953 -0.172788 -0.851904 0.222825 0.257274 
-0.0252026 0.341311 -0.00228933 -0.223798 0.420738 -0.665647 0.420015 0.0530574 0.271283 0.020825 0.0471863 -0.200925 0.180718 -0.756556 -0.529031 0.336922 
pop 6 layer 0
dims 16 5
-0.00622875 -0.33633 -0.0693761 0.508981 0.0740467 
0.0623833 0.393122 0.204574 0.100991 -0.245557 
-0.00582322 0.0891662 -0.115919 0.105933 0.332834 
0.0102133 0.255634 0.121998 0.0136332 0.229402 
-0.395501 0.0771298 -0.175057 -0.120469 0.0385226 
0.0126816 -0.0103399 -0.152193 -0.184643 -0.355395 
0.22703 0.277662 0.00547987 -0.0550995 0.142622 
-0.204063 0.044998 -0.21097 -0.199999 -0.410544 
-0.485259 -0.523025 -0.0408198 0.124431 0.12312 
0.184868 0.152602 -0.0600394 -0.45685 -0.0660056 
-0.026628 -0.0944807 -0.521467 0.195878 -0.188571 
0.246413 0.320777 -0.130683 0.127635 -0.111134 
0.153478 -0.0362178 0.268536 -0.238878 0.170787 
-0.0532549 0.464364 -0.469165 0.362174 0.207785 
-0.0181705 0.246083 -0.184749 0.640083 -0.0938937 
0.326604 -0.286897 -0.0276951 0.00599396 -0.554314 
pop 6 layer 1
dims 16 16
0.548786 -0.349204 -0.11416 -0.183663 -0.253173 0.232551 -0.196131 -0.629242 0.00261779 -0.471329 -0.522638 0.115909 -0.400441 0.201427 -0.396086 -0.293556 
0.448764 -0.162531 -0.201969 -0.0260754 -0.238163 0.342354 -0.339531 0.674569 -0.208419 -0.113978 -0.7144 -0.110553 0.45384 0.516493 0.48779 -0.121093 
-0.169972 -0.122615 -0.0745249 0.0480985 -0.314773 -0.0113361 0.195619 0.240105 0.421858 0.239297 -0.0668817 -0.271192 0.194637 0.0366707 -0.444813 0.12645 
-0.452942 -0.0121959 -0.12482 0.151033 -0.0660735 0.0168446 -0.70632 0.15542 -0.183688 0.432524 0.0267991 -0.359021 0.277219 -0.389298 -0.0560655 0.255342 
-0.244545 0.29397 -0.0093581 0.326388 0.147948 -0.0900632 -0.219414 -0.0112417 0.378204 0.248738 -0.0734795 0.393458 -0.0421509 0.526891 -0.235137 0.616925 
0.132559 -0.205895 0.291266 0.0893873 -0.205796 -0.0416422 -0.255958 -0.630666 0.00402076 0.343369 0.0491333 0.209336 -0.8332 -0.826248 -0.038036 -0.0766746 
0.160894 -0.12763 -0.0995397 0.261955 -0.440602 -0.051373 -0.0209154 -0.177786 -0.0962831 -0.365047 0.0471384 0.351224 -0.388937 0.0174377 0.399047 0.273003 
-0.137586 0.226665 0.488691 0.182567 0.280229 0.444783 0.182603 0.441241 -0.377658 0.0167891 0.201249 -0.518002 0.242723 0.125003 0.1707 0.0088204 
-0.526703 0.0243796 0.0195556 -0.397622 0.257193 0.405627 -0.46584 -0.161708 0.608201 0.382996 -0.0248986 -0.142243 0.0708398 -0.205859 -0.0656606 -0.181398 
-0.345602 -0.12054 -0.324305 -0.0579548 0.214015 0.229771 -0.66927 0.434232 -0.366421 0.19531 -0.00776135 0.0341607 -0.178092 0.203581 -0.119962 -0.384872 
0.179524 -0.239173 -0.61611 0.523984 -0.317552 0.238074 0.514914 -0.0593899 0.550166 0.245942 0.731772 0.273432 0.217042 0.42386 -0.331455 0.460266 
0.415079 0.262526 0.288369 0.320878 -0.210472 0.045304 -0.261092 -0.062709 0.285129 -0.0325653 0.420355 0.353716 0.0919728 -0.25546 0.327056 -0.973213 
0.0391927 -0.677758 -0.242663 -0.0591494 0.0654311 0.53598 0.33396 -0.34717 -0.0448495 -0.0438018 0.682376 0.138646 -0.101007 -0.0351291 0.40116 -0.403713 
-0.38893 0.619829 0.419579 -0.470485 -0.494682 0.0630999 0.41494 0.163564 0.409223 -0.070615 -0.156618 0.664104 0.0179156 0.156864 0.0845431 0.305038 
-0.14826 -0.469739 -0.352923 0.375038 0.361409 0.360107 0.432551 -0.476069 -0.42633 -0.283076 -0.304653 0.00553122 -0.344938 -0.368154 -0.0452129 0.116598 
0.10824 -0.496656 0.144466 -0.1057 0.276394 0.253415 -0.583741 0.224394 0.276323 0.278808 -0.0289554 0.00468771 0.0759337 -0.358084 0.0480116 0.448228 
pop 6 layer 2
dims 4 16
-0.194513 0.177048 0.311209 0.389844 0.395836 0.156177 -0.208605 0.320671 -0.384701 0.170306 -0.125888 -0.246401 -0.175153 0.474757 0.0135827 0.0976265 
0.375134 0.00387485 -0.149501 -0.273112 0.25014 -0.284344 0.249041 -0.143104 0.223387 -0.393244 -0.195854 0.44367 0.398455 -0.282342 0.0342125 -0.55608 
0.0742675 0.0420334 0.396886 0.724378 0.140894 -0.360394 -0.206494 -0.613492 0.228047 -0.31772 0.0286523 -0.271126 0.023649 -0.806934 0.407531 0.490524 
-0.250326 0.0393619 0.112852 0.0236881 0.42685 -0.256055 0.232837 0.0906257 -0.146499 -0.00411558 0.216387 -0.0812966 0.17356 -0.656451 -0.531738 0.0463707 
pop 7 layer 0
dims 16 5
-0.205906 -0.157805 0.142628 0.33851 0.184171 
0.507676 0.102082 0.0355877 0.345594 -0.152368 
-0.124673 0.296077 -0.122933 0.576079 0.406722 
0.0484937 0.257869 0.0503661 0.0551706 0.144619 
-0.180608 0.129656 -0.0758999 -0.266363 0.202673 
-0.119626 0.192344 -0.242714 -0.285011 -0.365281 
0.151319 0.364367 -0.192082 0.158944 -0.0435263 
0.111724 -0.104155 -0.0484308 -0.258661 -0.192616 
-0.360365 -0.291063 0.231161 0.25552 0.260482 
0.142185 0.245845 -0.0639007 -0.292912 -0.538457 
-0.279461 -0.132868 -0.528913 0.670009 0.125486 
0.115695 0.30643 -0.41094 -0.0522392 -0.0543222 
-0.0534538 0.0152686 -0.0402187 0.013562 0.359305 
0.0371522 0.52173 -0.434873 0.0251648 -0.064301 
0.150778 0.0573924 0.024036 0.272338 -0.0329961 
-0.0028465 -0.254629 -0.28127 -0.127524 -0.990839 
pop 7 layer 1
dims 16 16
-0.01368 0.055311 0.247073 0.242229 -0.211586 0.422209 -0.503903 -0.437191 -0.00394024 -0.332769 -0.652353 0.354716 -0.582302 0.535729 -0.335093 0.316581 
0.117921 -0.678342 -0.261923 -0.155415 -0.0140334 0.0256091 -0.156389 0.437708 -0.417829 -0.0707899 -0.384953 -0.195755 0.162063 0.195595 0.431324 -0.109834 
-0.164506 -0.165784 -0.18882 -0.0331277 0.162897 -0.213743 0.183848 0.38701 0.479634 0.293038 0.166424 -0.141167 0.0518026 -0.185152 0.0264219 0.368505 
-0.0320901 0.227233 0.0116203 0.451367 -0.0348805 -0.240825 -0.724153 -0.0632776 0.18449 0.272343 -0.38862 -0.538244 -0.19201 -0.0326862 -0.182385 0.372342 
-0.0530618 0.121626 -0.655312 0.453721 0.0632824 0.380362 0.243644 -0.332048 0.183836 -0.471555 -0.131533 0.140252 0.21668 0.569018 0.151648 0.656273 
-0.0237937 -0.266119 0.21575 0.215519 0.13115 -0.0536786 -0.0786875 -0.421124 -0.11127 0.458461 -0.0729438 0.204446 -0.259027 -0.204398 -0.227624 -0.261306 
0.162783 -0.0466087 0.0141954 0.290231 -0.230466 0.098848 0.145155 -0.110217 -0.0307493 0.39906 0.192867 0.0673137 -0.259588 0.168041 0.854374 0.175319 
-0.0378445 -0.0961939 0.162699 0.405247 0.315016 0.252989 0.208616 0.338746 0.0551367 -0.21668 0.0428539 0.121653 -0.0153 0.0881943 0.492853 -0.0310415 
-0.299747 0.2298 0.0772823 -0.419158 0.310158 -0.108919 0.0474795 0.00116585 0.753958 0.0155202 0.0474617 0.173923 -0.16225 -0.223612 0.226103 0.0436587 
-0.0165413 0.238049 -0.438193 -0.0553048 0.569067 0.215206 -0.365282 0.455352 0.0569125 0.0726055 -0.234807 -0.00236136 -0.547954 0.504059 -0.270131 0.059561 
-0.071196 0.129079 -0.236326 0.445254 -0.423946 -0.0446687 0.100009 0.0157383 0.145651 0.083298 0.403503 0.151827 0.565929 0.153643 -0.358965 0.354683 
0.237708 0.214673 0.249243 0.229423 0.18236 -0.00783289 -0.624773 0.0680385 0.206019 -0.168962 0.107501 0.234355 -0.0739616 0.056969 0.322098 -0.498173 
0.218129 -0.465114 -0.456528 0.0886037 0.232036 -0.416136 0.24684 -0.309589 0.137068 -0.351676 0.653059 0.238365 -0.0718526 0.00684275 0.264064 -0.419933 
0.0578 0.597197 0.334959 -0.427905 -0.240585 -0.0694069 0.273921 -0.149784 0.232574 0.00578105 -0.146531 0.32121 -0.623913 0.156462 -0.331601 0.301091 
0.129404 0.170387 -0.452466 0.849481 0.0221769 0.482743 0.638321 -0.228139 -0.384191 -0.315472 -0.361843 -0.0909214 -0.393432 -0.100558 -0.0770136 -0.0612275 
0.135619 -0.332678 -0.288029 -0.0931195 0.355216 0.0933671 -0.270943 0.18545 -0.174401 0.384325 0.40123 0.142921 -0.510478 -0.0981757 -0.308385 0.368809 
pop 7 layer 2
dims 4 16
0.195301 0.110827 0.244494 0.444693 0.301864 -0.0517736 0.0181757 0.0549996 -0.228587 -0.0677437 -0.309633 -0.354633 -0.0403162 0.0581233 -0.341188 -0.198499 
0.441256 -0.207574 0.278497 -0.0115956 0.272134 0.0207013 0.482759 0.180249 0.27493 -0.584949 -0.127298 0.114677 0.688399 -0.0801115 0.165454 -0.144479 
-0.209894 0.329109 0.415451 0.490066 -0.0270161 -0.685078 0.0307184 -0.615623 0.0759237 -0.0412962 0.0426949 -0.0996027 -0.0391005 -0.762059 0.0682838 0.260048 
0.0939866 0.423877 0.100431 -0.14207 0.411011 -0.581568 0.405602 0.103195 0.259469 -0.162146 0.142081 -0.00198723 0.1268 -0.496837 -0.0674473 0.28502 
pop 8 layer 0
dims 16 5
-0.0700192 -0.195843 -0.00926915 0.440429 0.163908 
0.356755 0.337759 0.0477856 0.117948 -0.27486 
-0.101034 0.468379 -0.362421 0.47265 0.334353 
-0.146285 0.400379 -0.0311455 0.160704 -0.105537 
-0.197943 0.133708 -0.229914 -0.240792 0.0104389 
0.000961428 0.0502611 -0.164534 -0.216337 -0.26861 
0.237463 0.394037 -0.0120825 0.155985 0.0341309 
0.0513948 -0.0101746 -0.0687851 -0.233259 -0.178107 
-0.476026 -0.264894 0.269477 -0.062445 0.216504 
0.113609 0.330763 -0.00115578 -0.0842607 -0.41239 
-0.176069 -0.0906137 -0.613866 0.502866 0.0842944 
0.058207 0.401337 -0.293235 0.180448 -0.0533739 
-0.0400428 0.00425819 -0.132621 -0.0347077 0.381389 
0.0339887 0.770591 -0.384143 0.109025 0.0492986 
-0.102384 0.143311 -0.161146 0.244747 0.0253032 
0.177613 -0.330966 -0.0202725 -0.028395 -1.12675 
pop 8 layer 1
dims 16 16
0.331909 -0.240649 0.253606 0.20463 -0.250059 0.189781 -0.438865 -0.462664 -0.0512219 -0.221166 -0.502775 0.258478 -0.515864 0.537569 -0.445662 0.567768 
-0.116023 -0.489095 -0.281208 -0.254081 -0.0563606 0.180217 -0.36738 0.514805 -0.360752 0.0258316 -0.529052 0.0918157 0.241688 0.438323 0.573598 -0.11482 
-0.335728 -0.201776 -0.367245 -0.293321 -0.0200807 -0.363239 0.377718 0.291897 0.483784 0.362113 0.138088 0.0997479 0.135445 -0.112243 -0.182091 0.197678 
0.095035 0.14688 -0.167231 0.315569 -0.00221325 -0.224093 -0.684389 -0.046334 0.0101002 0.114202 -0.408717 -0.523019 -0.0268742 -0.22507 -0.0966314 0.293329 
0.0527705 0.0309672 -0.399507 0.0931618 0.0558326 0.224099 0.107787 -0.523893 0.378706 -0.167881 -0.0110075 0.167404 0.0463976 0.652435 0.0931026 0.408692 
-0.0617308 -0.13587 0.268675 0.17497 0.111683 -0.290291 -0.0350648 -0.562808 -0.181973 0.508768 -0.285637 0.209558 -0.448729 -0.408381 -0.448836 -0.30871 
0.0685867 -0.129469 0.12715 0.239755 -0.358504 -0.174307 0.120536 -0.0994689 -0.121588 0.186511 0.497158 0.127344 -0.189696 0.120146 0.760143 0.102613 
0.0437037 -0.0371624 0.0291318 0.319449 0.42921 0.224237 0.163374 0.533459 0.218593 -0.337523 0.315311 0.353522 0.108284 0.0409689 0.28013 0.296993 
-0.181919 -0.028371 0.19497 -0.324818 0.359083 -0.102209 0.052589 0.0548263 0.795412 0.24606 0.269795 0.108464 0.0134596 0.0824941 0.16095 0.158024 
-0.277565 -0.0255352 -0.57797 0.0325134 0.459438 0.230846 -0.438894 0.259782 -0.0328747 -0.0356153 -0.190012 0.131799 -0.510238 0.399049 -0.0605195 -0.146062 
-0.0501473 0.0250709 -0.257215 0.490885 -0.360691 0.100548 0.186732 0.204141 0.403108 0.167896 0.677082 0.270126 0.395602 -0.0405977 -0.622096 0.49517 
0.306984 0.326578 0.325218 0.23608 0.335908 -0.116975 -0.531143 0.0734853 0.164235 -0.134711 0.376621 0.377401 -0.317602 -0.0500139 0.3712 -0.591368 
0.19035 -0.606197 -0.684356 0.0442393 0.122534 -0.347106 0.365052 -0.244412 0.273486 -0.352907 0.65668 0.343692 -0.0114666 -0.0745038 0.48348 -0.523236 
-0.154127 0.589971 0.146944 -0.362417 -0.277586 -0.259632 0.742261 -0.109608 0.165715 -0.168758 -0.370463 0.429239 -0.0690648 0.343772 -0.0865302 0.609297 
0.0675489 -0.0969149 -0.431755 1.02027 0.251835 0.314692 0.603253 -0.0499896 -0.50077 -0.249883 -0.4711 0.114598 -0.696562 -0.026395 0.0898866 0.0340013 
0.0420298 -0.304737 -0.166737 -0.14296 0.47003 0.0105123 -0.44146 0.176377 -0.126504 0.383877 0.266613 0.0595461 -0.471204 0.15078 -0.40872 0.454636 
pop 8 layer 2
dims 4 16
0.03965 0.320832 -0.0749862 0.464765 0.452875 0.32217 0.00415017 0.250525 -0.345054 -0.057034 -0.128272 -0.341318 -0.205135 0.212713 0.0229492 -0.0565998 
0.128832 -0.052075 -0.139856 -0.136015 0.519371 -0.0408462 0.207412 0.244409 0.211174 -0.46184 -0.174907 0.0633769 0.665449 -0.172332 0.0442822 -0.565299 
-0.228459 0.249026 0.285373 0.8372 0.00773922 -0.619587 0.135965 -0.712803 0.323645 -0.0133151 -0.035091 -0.0257987 -0.205824 -0.606129 0.131553 0.168171 
-0.163803 0.0505956 0.0176168 -0.0669921 0.452236 -0.606339 0.387396 -0.129956 0.119838 -0.216797 0.0814573 -0.101406 0.0206231 -0.563456 -0.491788 0.635688 
pop 9 layer 0
dims 16 5
0.0884028 -0.325975 0.0439535 0.439617 0.0499007 
0.0292977 0.397076 0.227073 -0.0423527 -0.18302 
0.0393708 -0.165748 -0.131148 0.210316 0.259596 
0.0277136 0.422867 0.0998508 -0.0677364 0.15311 
-0.36579 0.0701499 -0.224963 -0.103395 0.00340483 
-0.06503 0.157701 -0.0742532 -0.19649 -0.21636 
0.216638 0.340815 0.0818585 0.0113724 0.0616384 
-0.0319835 0.0186682 -0.0780034 -0.163788 -0.239938 
-0.470221 -0.323423 -0.0199646 0.013783 0.0890233 
0.146804 0.218508 -0.0878548 -0.423176 -0.171278 
-0.104138 -0.0834684 -0.61223 0.200372 -0.142622 
0.289514 0.258654 -0.165036 0.259124 -0.175616 
0.206547 -0.0748349 0.265218 -0.234075 0.142974 
-0.0235692 0.40317 -0.542182 0.426407 0.0147827 
-0.119277 0.281085 -0.0635213 0.612365 -0.0342545 
0.353632 -0.259828 -0.0836103 -0.125168 -0.570215 
pop 9 layer 1
dims 16 16
0.0960885 0.0390958 0.314056 -0.179536 -0.198747 0.270839 -0.440301 -0.529842 0.0834299 -0.288765 -0.303301 0.423187 -0.542497 0.600386 -0.357857 0.604472 
-0.000319283 -0.457644 -0.509199 -0.205309 -0.1312 0.0796011 -0.496845 0.508265 -0.433283 -0.19784 -0.21886 -0.0968467 0.340322 0.376363 0.383921 0.126668 
-0.289153 -0.123181 -0.398389 0.0781329 0.000290812 -0.0692109 0.0749047 0.106759 0.430385 0.418823 0.0769926 0.203731 0.176564 -0.222646 -0.34159 0.417069 
-0.0279545 0.397581 0.129351 0.165502 0.0399179 -0.322002 -0.626198 0.0376763 0.224863 0.238843 -0.233896 -0.508177 -0.219945 -0.095035 -0.410931 0.22817 
0.0835084 0.238974 -0.458032 0.380738 0.0231129 0.0490594 0.0457937 -0.417328 0.172419 -0.380016 -0.0857703 0.0939499 0.269977 0.70078 0.340423 0.411406 
0.0787299 -0.0585745 0.160826 0.0980157 0.244245 -0.116184 0.229211 -0.32559 -0.250315 0.288803 -0.144502 0.237395 -0.128464 -0.23575 -0.344891 -0.289831 
0.169026 -0.116039 -0.0248082 0.263698 -0.263673 -0.113397 0.034803 -0.186028 -0.168763 0.288685 0.463649 0.104871 -0.316906 0.261714 0.602965 0.0408701 
0.174504 -0.103782 0.207497 0.344168 0.256443 0.0761307 0.311663 0.197253 0.124394 -0.0687549 0.153084 0.141671 -0.0772578 0.128918 0.388399 0.135915 
-0.091352 0.111633 0.100297 -0.29654 0.461045 -0.0740541 0.203011 0.0456503 0.75066 0.0922039 0.0518041 0.0743622 -0.155892 -0.128014 -0.0334492 -0.0653719 
0.0734081 0.135158 -0.437223 -0.236256 0.625805 0.130518 -0.382839 0.281439 0.0274825 0.160535 -0.0980982 0.0514116 -0.289061 0.540313 0.0120201 0.0963235 
-0.0916716 0.12902 -0.179769 0.49631 -0.438851 0.02811 0.317637 0.0455432 0.404692 -0.0177028 0.435599 0.122873 0.357118 -0.0759312 -0.254908 0.287491 
0.269081 0.234281 0.318922 -0.0247619 0.0701311 -0.282568 -0.598932 -0.0774758 0.0780459 -0.166036 0.421405 0.43013 -0.210696 -0.251651 0.237554 -0.446705 
0.0577807 -0.328348 -0.50063 0.164512 0.248152 -0.301979 0.514145 -0.0821955 0.472441 0.0165276 0.598465 0.214717 -0.0980133 0.0210624 0.385556 -0.382588 
-0.242771 0.707002 0.279097 -0.381031 -0.233573 -0.336718 0.447738 -0.234227 0.136642 0.0097007 -0.324404 0.34936 -0.255593 0.3587 -0.194371 0.429309 
-0.0419708 0.00561169 -0.361219 0.666765 0.0162918 0.335238 0.347092 -0.049072 -0.586679 -0.297237 -0.440789 0.0402312 -0.340176 -0.0564572 -0.0473112 0.0938877 
0.0921946 -0.233366 -0.466979 -0.325511 0.284323 -0.15643 -0.317103 0.0787704 -0.204819 0.220669 0.214588 0.192152 -0.2468 0.0436899 -0.246523 0.362665 
pop 9 layer 2
dims 4 16
-0.0699542 0.0798544 0.163552 0.534056 0.570694 0.169377 -0.0258799 0.333093 -0.295983 0.122199 -0.00727008 -0.383781 -0.247475 0.30036 0.149872 0.0135178 
0.0743945 0.0412686 -0.0441172 -0.0587734 0.562035 -0.12108 0.0689704 0.189092 0.0572545 -0.499178 -0.0746476 -0.011398 0.674692 -0.230236 0.0559431 -0.289998 
-0.122312 0.230861 0.202227 0.791701 -0.100696 -0.229425 0.0228535 -0.407064 0.371272 -0.0631241 0.0179631 0.168038 -0.341046 -0.603359 0.22508 0.278579 
-0.20059 0.0782579 -0.0969025 -0.0613927 0.219665 -0.699202 0.417302 -0.255969 0.257411 -0.0880796 0.252229 -0.0115419 -0.0159674 -0.333479 -0.386227 0.656235 
vWeights_end
generator 1108295588 1254125569 3125642671 718091635 3117945905 2802428982 1900437590 3711408782 3395465075 119936897 4228705575 1963368073 3984898231 1596393014 1605244751 3102658875 3115635992 1336463302 2380195693 369314923 3520822196 1220371051 970089794 2595655959 2191313866 77708296 1536030787 2283987148 490419020 2701772596 1354183153 4239287935 2942244547 2841906956 1210068475 1648528190 940164832 4057328808 3006438919 242731002 1120535528 3370683834 1821889805 3626933798 2077362304 709473497 1314251296 2441068875 2831615497 1633298583 4271661423 1674928141 2877732431 3073476534 537878865 1625064613 1966076871 3832840266 2950003626 1772113524 2581880672 76018640 1959928800 2069117997 2678931901 2487233127 2226767967 1255372885 4230142422 2598020484 3533454308 2960743641 2070084363 2642398713 565834037 950612031 161070347 100434295 2312327051 1661645091 2363066661 4267113274 3301039547 3546385967 3730515662 556708099 3287170976 51301909 1720688154 69449006 1655948911 586081506 1147330693 986118589 3595680341 3547723751 703823236 3208447013 2562566718 2666452510 3994111546 4268687238 2895999926 2274925570 3473526016 415512501 1578028325 3542904598 2995678744 310531404 215778382 3337424041 553855508 2740369116 2223181233 977349928 167572485 943551837 2875913720 3815904062 568961002 1830095389 2189941313 2299133036 732769436 4087341063 1470369301 3653808667 3991092007 2548156293 496339835 2691173363 1584725930 188339071 4173564807 416262514 2228198254 1284234053 1430984305 1636085934 664877035 4253241571 85823944 490535110 1599775015 3864076293 2115526444 1972811567 2290062782 3957734314 2140559596 1803451990 31365318 540863136 437514710 1429653836 3897369080 1866345942 1807644138 1994831392 3066915792 67579481 2859631058 251173283 4151133743 4125686644 691564116 459034081 3530276732 1223780277 3380511466 1282103046 2957427484 1978592940 3021046888 3231143313 1530475416 2681530269 2932268787 4100703483 3182264021 3845061712 3800199350 3728989827 3023803981 2983092434 1673689720 3794808680 1963040308 549526576 4017347351 1785036928 770955028 2769788451 1551416474 1090032988 2219373474 4082632487 3061111240 449650210 3874260282 813569361 1037704466 3114840602 3725488665 3305596085 532796922 445036347 2133628088 3908665533 2948168884 3465947231 2525777922 2866811005 1691235343 2675522651 3733933519 637175229 206563044 2948691195 3978618538 3795930625 3389724095 60582396 3544976111 243731692 3152479941 435254341 852415931 1304520045 3060412743 365914762 525216267 2508993854 758312783 1696050302 3421355073 1802749312 1141725208 90214056 2706361800 2352903537 3640396553 2747746927 1307013757 1460944815 2631770950 1551439717 669852472 1736454582 3994687339 742850318 4230774371 348210609 1204766816 439371977 284599962 1841573576 1319423773 239688787 394838640 2245363717 3289944246 2278504464 1755690268 84729543 1202122139 2929599640 3105517896 2778950036 1454521091 1481078142 2912932761 1574729364 1309630932 4195199402 749987914 4189127474 3006686585 3217536290 4100303525 1233210856 3486128385 2558871515 4145322270 2192690798 4180897082 535903844 3418899299 2624347358 502374414 3585588774 779819715 3358337976 4131278548 697661518 2674321453 1659430579 1874884355 778167154 2558524245 1345341813 363481339 261304635 271664640 2671778917 1915014629 2847465135 1183589345 4253329442 492739923 1423012341 4215503658 1101908079 29570936 1174279554 3777819445 1042358422 2436758275 3906145168 2057428303 1847040736 99499612 1776015421 3853364619 2330394862 1399191487 1727508803 3323839190 3685251291 1088446274 3282281280 1010830359 3808472453 1550133396 1495617937 2838596201 4228254620 3780820887 4058931369 805938618 1994906415 3802889472 3317565739 856128747 2968317659 1053514426 1093940326 2247203959 1315048733 969344076 673153008 1403072209 2362258191 2627984737 322259128 2810207241 1689415363 2635116211 3616218073 1521060624 3349797224 1990198979 1225791575 672705588 3484133690 3026972848 3707733980 92866245 316116180 2490042612 2406966090 1116528324 2392856440 1365834047 2060248533 1039682622 2469089695 1217249876 1114074503 1335152962 574923269 441561002 1573729309 946940494 2700586640 2093756357 1758540869 1322043095 580322010 841968219 2924558266 457736104 3463345536 3334458341 1296338523 2304355916 213435713 2291173655 4075938363 1103332773 1754494580 828369023 2954056823 375684499 3029387302 2604682520 4185795629 2028095021 2183922796 1058858673 1032028768 2979256071 1053741623 2087381946 3531156937 2198688183 1837936191 756524118 119614468 3571727166 2403487575 1747228323 131652076 60011065 3474223983 3348327113 3744336805 1299167527 3466845691 3038330634 718137166 2969779889 2889739168 3262493695 959174841 2452041215 1959176083 1397045423 3875913069 2435680162 4205783726 2373955669 2082485637 3248852264 963750839 2710613799 3504812917 4162699614 3121530764 546473943 1551726115 453785678 1204973501 3596946631 297320144 2028457925 2956610171 301821265 3114724863 2378091374 579798885 3024109690 3456423412 1384815550 1361626748 2355930633 4263404173 3188420338 2098271060 344371515 3371374989 90238242 4267363286 1330787306 396807377 370864428 900560862 3443934423 1473291218 1689602665 1054870086 526330951 2176196116 656680955 1942200517 3931586337 3669681294 507762565 1129531277 2050369964 1228426199 1897294618 881721402 1882205170 327308549 457992379 1556537265 1686411920 1832244742 11462642 1744896785 4070283331 2559315825 1937770256 2992835009 3383880015 18098888 10624019 3248717668 2372041197 424774330 4158457900 2713884903 1039097114 738158431 3371800486 3520397644 2165154200 1072488332 1320866141 2151393502 3318729976 4058028139 484691205 1615839138 314043430 1906686833 3277923649 1205824915 2361338616 442847579 906597249 1137316963 2978782936 771661143 3135867557 3011480094 2215889845 1456988463 3632008238 1611156935 1705899554 2436628411 2814395811 1668339105 4006177838 3742773300 1516106844 920828430 3448682460 2280689441 1624654576 1051699203 2312612540 3308786379 372789896 2440490943 449140550 108396369 2884097406 633271365 366657280 986202753 3889017870 4092678756 2895178489 3723591638 4138492464 2798125263 4056718038 3817180503 1642046358 1700507143 1557623312 678057293 341026912 1669774875 1599278423 3116849804 2150740340 1088182140 3493115519 2756674814 2324109620 3826596408 4273494125 716232416 1541209133 2548895562 1529078358 413366446 1028396614 3383719249 2157832206 2716893959 808355990 1383856598 2526478074 1764220495 2941990765 2140376373 4155371707 2192117546 312379853 111815038 3116293892 3504799365 3223292320 2898092491 1596023060 1885259408 2230881391 1406603278 125211584 362064494 1322699327 2435868613 1735804195 1440575186 3897777445 3217108864 327999630 2824745374
