sName lunar_lander
version 1
nEpochs 1500
nPopSize 100
nTop 10
act 1
populationStrategy 2
randomInjectionRatio 0.35
nLayers 4
vSize 5 16 16 4 
vBiases_start
pop 0 layer 0
dims 16 1
-0.223849 
0.303781 
-0.351022 
-0.259951 
-0.147328 
-0.153011 
-0.152429 
0.199547 
-0.0255091 
0.0135529 
0.163169 
-0.164663 
-0.311746 
-0.254371 
-0.0497227 
0.435248 
pop 0 layer 1
dims 16 1
-0.145632 
-0.198519 
-0.808434 
0.407254 
-0.0281285 
0.355373 
0.507197 
0.261672 
0.547398 
0.301443 
0.108662 
0.332083 
0.437927 
0.136854 
-0.570079 
0.329878 
pop 0 layer 2
dims 4 1
-0.390137 
0.126649 
0.241066 
0.09468 
pop 1 layer 0
dims 16 1
-0.158973 
0.380835 
-0.325931 
-0.265733 
-0.00426075 
-0.130124 
-0.0484709 
-0.0785857 
0.0398346 
0.164636 
0.0506547 
0.0398529 
-0.208277 
-0.0229463 
-0.365374 
0.265552 
pop 1 layer 1
dims 16 1
-0.247751 
-0.493213 
0.0661092 
0.399373 
-0.114345 
0.151104 
0.385899 
0.609156 
0.185359 
0.364672 
0.142181 
0.785346 
0.221871 
0.0729134 
-0.303164 
-0.00259486 
pop 1 layer 2
dims 4 1
-0.414332 
-0.0347618 
-0.166204 
0.0796073 
pop 2 layer 0
dims 16 1
-0.250962 
0.243322 
-0.298847 
-0.23308 
0.148908 
-0.137363 
0.0335698 
0.142374 
-0.253941 
0.1509 
0.186808 
-0.303106 
-0.205455 
0.0789631 
-0.190681 
0.378121 
pop 2 layer 1
dims 16 1
-0.366176 
0.0160569 
-0.345038 
0.252087 
0.13293 
0.164241 
0.32703 
0.583637 
0.270131 
-0.0502951 
0.358927 
0.429252 
0.230804 
0.0888117 
-0.150851 
-0.180408 
pop 2 layer 2
dims 4 1
-0.259979 
0.0639805 
0.0293065 
0.146108 
pop 3 layer 0
dims 16 1
-0.216229 
0.334241 
-0.40968 
-0.375515 
0.0182722 
-0.2472 
-0.043927 
-0.0402226 
-0.0674657 
0.0249243 
0.121694 
-0.100118 
-0.224693 
-0.0547398 
-0.296497 
0.332241 
pop 3 layer 1
dims 16 1
-0.130522 
-0.470012 
-0.157049 
0.32771 
-0.0134227 
0.11652 
0.400682 
0.482256 
0.232317 
0.489023 
0.348132 
0.690558 
0.202632 
0.00504595 
-0.324729 
-0.0480703 
pop 3 layer 2
dims 4 1
-0.375856 
-0.180707 
0.04059 
-0.00923046 
pop 4 layer 0
dims 16 1
-0.210012 
0.288393 
-0.369598 
-0.214116 
0.0406176 
-0.162749 
-0.00748099 
0.123769 
-0.0870721 
0.159816 
0.133419 
-0.228411 
-0.323585 
-0.0603154 
-0.202577 
0.359091 
pop 4 layer 1
dims 16 1
-0.268281 
-0.0839674 
-0.379297 
0.163795 
0.126581 
0.0234479 
0.414987 
0.564665 
0.205395 
0.239942 
0.236578 
0.588885 
0.109828 
0.124755 
-0.266328 
-0.15402 
pop 4 layer 2
dims 4 1
-0.28101 
0.0260937 
0.0212542 
-0.048715 
pop 5 layer 0
dims 16 1
-0.0644817 
0.104515 
-0.209125 
-0.209533 
-0.0359287 
-0.109455 
-0.0240661 
0.0899836 
-0.307875 
0.10432 
-0.0931848 
-0.27212 
-0.221321 
-0.02795 
-0.0458946 
0.445894 
pop 5 layer 1
dims 16 1
-0.225523 
-0.0547462 
-0.258843 
0.158641 
-0.0987051 
0.0647665 
0.227799 
0.6232 
0.190907 
-0.0927749 
0.2593 
0.281465 
0.0856627 
-0.0386052 
-0.118207 
-0.179673 
pop 5 layer 2
dims 4 1
0.0612896 
-0.0283279 
0.122489 
0.0535983 
pop 6 layer 0
dims 16 1
-0.416092 
0.251034 
-0.381828 
-0.261444 
-0.0665889 
-0.178167 
0.018605 
-0.13895 
-0.109508 
0.103878 
0.167281 
-0.235846 
-0.474547 
-0.272777 
-0.129666 
0.46794 
pop 6 layer 1
dims 16 1
0.00773408 
-0.412096 
-0.335733 
0.061156 
0.103804 
0.00861671 
0.21508 
0.353056 
0.300328 
0.468136 
0.129062 
0.595808 
0.154297 
0.0940843 
-0.352949 
-0.244609 
pop 6 layer 2
dims 4 1
-0.374012 
0.120292 
0.0329104 
-0.0320113 
pop 7 layer 0
dims 16 1
-0.475435 
0.217178 
-0.37651 
-0.347423 
0.116252 
0.015828 
-0.275181 
-0.0691939 
0.100616 
0.108297 
-0.0182327 
-0.372182 
-0.284783 
-0.244731 
-0.160455 
0.303837 
pop 7 layer 1
dims 16 1
0.0399591 
-0.33084 
-0.461425 
0.207131 
0.140497 
0.209028 
0.41274 
0.461805 
0.361146 
0.705194 
0.107244 
0.644224 
0.275435 
-0.100384 
-0.536112 
-0.389565 
pop 7 layer 2
dims 4 1
-0.48506 
0.282831 
-0.00653782 
-0.116177 
pop 8 layer 0
dims 16 1
-0.205491 
0.235181 
-0.437811 
-0.320482 
0.0293842 
-0.336833 
-0.0216639 
-0.0468444 
-0.107822 
-0.06823 
0.0191642 
-0.125787 
-0.0404478 
0.0233252 
-0.264702 
0.277444 
pop 8 layer 1
dims 16 1
-0.196342 
-0.420188 
-0.419505 
0.217701 
-0.0817964 
0.110752 
0.427339 
0.406625 
0.205147 
0.404142 
0.199938 
0.525102 
0.204169 
-0.168245 
-0.471627 
-0.0958543 
pop 8 layer 2
dims 4 1
-0.119987 
-0.252097 
0.131866 
-0.01517 
pop 9 layer 0
dims 16 1
-0.09092 
0.330137 
-0.309147 
-0.389518 
-0.405438 
-0.0639291 
-0.0287802 
0.172648 
-0.0287109 
0.094169 
0.177757 
-0.00805919 
-0.267903 
-0.348605 
0.00337462 
0.557352 
pop 9 layer 1
dims 16 1
-0.137751 
-0.28171 
-0.680861 
0.333235 
-0.103532 
0.50195 
0.427209 
0.31985 
0.662743 
0.385291 
0.124694 
0.180089 
0.261862 
0.15566 
-0.53822 
0.274022 
pop 9 layer 2
dims 4 1
-0.322135 
0.0913542 
0.378923 
0.202333 
vBiases_end
vWeights_start
pop 0 layer 0
dims 16 5
0.021396 -0.409659 0.0905404 0.562158 -0.0557298 
0.240436 0.149119 -0.0143376 0.0327516 -0.264717 
-0.335667 0.580145 -0.181062 0.378475 0.254957 
-0.0751025 0.252484 -0.0367372 0.00997697 0.0357133 
-0.271355 0.0840189 -0.167881 -0.193904 -0.224972 
-0.24117 -0.0668762 -0.0897481 -0.00249367 -0.257935 
0.0331572 0.212042 -0.0162928 0.261216 0.287055 
0.183377 0.0658193 -0.0684878 -0.266855 0.0358035 
-0.48567 -0.148635 0.164575 0.0474835 0.162645 
0.334176 0.298147 -0.178709 -0.280139 -0.258643 
-0.0443637 -0.0437362 -0.552384 0.439932 -0.0671996 
0.0263754 0.328725 -0.250812 0.155655 -0.29578 
0.0407095 -0.0742244 -0.121552 -0.0372485 0.304323 
-0.238604 0.673091 -0.492795 0.373729 -0.0587098 
-0.128635 0.232317 -0.556079 0.276838 0.0334338 
0.346556 -0.419722 -0.211302 -0.114653 -1.05061 
pop 0 layer 1
dims 16 16
0.638191 -0.354004 -0.0397008 0.379647 0.0719205 0.36175 -1.11556 -0.88617 0.524139 -0.58267 -0.606852 0.42127 -0.630496 0.17133 -0.259544 0.00130621 
0.0828318 0.0837618 -0.161252 0.00819512 -0.182372 0.288801 -0.42114 0.308767 -0.0449544 0.0375298 -1.52961 -0.276436 0.188013 0.293831 0.303592 -0.368395 
-0.419927 -0.27088 -0.180968 -0.395858 -0.504285 0.0534719 -0.0856928 0.571462 0.57254 0.382307 0.16876 -0.102282 0.201216 0.162079 -0.170872 -0.071864 
-0.0520492 0.290876 0.152651 0.19526 0.279265 0.131387 -0.537402 -0.240293 0.0158702 0.225313 -0.201608 -0.227129 0.200773 -0.115828 0.0840205 0.533491 
-0.439036 -0.0360496 -0.0595523 0.236372 -0.168043 -0.13861 -0.286418 -0.137943 0.0814842 0.375632 -0.183438 0.00986209 -0.225968 0.769632 0.0357297 0.394019 
-0.554891 0.100309 0.632782 -0.163175 -0.195082 -0.116007 -0.0794242 -0.496904 -0.429397 0.96553 -0.167915 0.12593 -0.567794 -0.997308 -0.114473 -0.369746 
-0.140169 0.079743 0.268218 -0.111455 -0.168179 -0.297775 0.393086 -0.58195 -0.575432 -0.31043 0.205611 0.23371 -0.460028 0.239643 0.20009 0.0956044 
-0.563597 0.574969 0.239903 0.00727914 0.234697 0.442632 0.46884 0.660003 0.139038 -0.0255496 0.217233 0.217186 -0.0693141 -0.150017 0.320078 0.165491 
-0.706253 0.130899 -0.209158 -0.104408 0.321778 -0.0446466 0.202079 0.0823398 1.25987 0.176905 0.513347 0.0783573 0.208946 -0.704724 0.306484 0.238127 
0.0224987 -0.353364 -0.580458 -0.103248 0.787016 0.37225 -0.867101 0.608488 0.161556 -0.0622482 0.465372 0.196039 -0.464848 0.404047 -0.32804 -0.76362 
0.109362 -0.283192 -0.677927 0.668169 -0.380218 0.0268756 0.28614 0.265076 0.235054 0.261696 0.919126 0.245647 0.233908 0.358048 -0.470836 0.724269 
0.387757 0.30773 0.565411 0.559498 -0.0685441 0.107034 -0.463265 -0.274576 -0.0765091 -0.097477 0.33313 0.0409477 -0.0395231 0.0160988 -0.0412579 -0.803804 
0.413638 -0.477801 -0.582405 0.861462 -0.604231 0.282598 0.854119 -0.541714 0.0614582 0.255061 0.949185 0.833468 -0.171349 0.0208625 0.600323 -0.378957 
-0.806172 0.755308 0.147551 -0.301742 -0.124066 -0.23007 0.489438 0.263493 0.340877 -0.284826 -0.614176 0.79047 -0.320184 0.171918 0.333013 0.754186 
-0.480708 -0.38253 -0.491892 0.597344 0.0548369 0.347751 0.315925 -0.396871 -0.889344 0.0253364 -0.577954 -0.282842 -0.269875 0.32909 -0.671742 0.252743 
0.0427674 -0.36768 -0.261732 -0.199932 0.835148 0.382678 -1.07264 0.155211 0.320106 0.244786 0.264055 0.124728 -0.42352 -0.52173 -0.359638 0.759216 
pop 0 layer 2
dims 4 16
-0.107608 0.261818 0.233547 0.536955 0.506035 0.156784 0.0903476 0.411189 -0.398393 0.0122057 -0.0591275 -0.187585 -0.218298 0.484785 -0.0631383 -0.0155588 
0.264389 -0.104601 -0.356991 -0.312683 0.302835 -0.183283 0.268915 0.103533 0.344206 -0.60863 -0.330953 0.399527 0.705253 -0.214022 0.0427372 -0.516741 
-0.250702 0.254211 0.53437 1.03253 0.0745661 -0.55833 -0.135313 -0.648086 0.443222 -0.123541 0.0293402 0.0272877 -0.113339 -0.758803 0.118107 0.453031 
-0.0350364 0.276378 0.0235244 -0.171116 0.502746 -0.444182 0.292233 0.00701964 -0.0567397 -0.0226467 0.231232 -0.0572863 0.161264 -0.674704 -0.524569 0.513622 
pop 1 layer 0
dims 16 5
-0.19048 -0.374469 -0.0220925 0.534049 -0.119071 
0.0573666 0.340979 0.164998 0.161778 -0.316793 
-0.153893 0.0987792 0.0176281 0.331422 0.451787 
0.0777227 0.372965 -0.0766131 -0.00293733 0.132396 
-0.166493 0.00310072 -0.192705 -0.0765729 -0.0277166 
-0.0903639 -0.0538637 -0.252349 -0.159998 -0.25609 
0.379594 0.407499 0.0450542 0.0121239 0.0594853 
-0.0497204 -0.0551173 -0.241919 -0.254769 -0.314283 
-0.602422 -0.506149 0.249123 -0.0378152 0.133461 
0.213918 0.197381 -0.0861155 -0.415673 -0.169944 
-0.0868708 -0.212039 -0.609612 0.212627 0.15539 
0.0362209 0.303896 -0.113479 0.170956 -0.0204438 
0.0703931 -0.0490562 0.0146028 -0.183098 0.201876 
0.0488256 0.52928 -0.518004 0.379911 0.14565 
0.0786426 0.349346 -0.189941 0.492253 -0.0587303 
0.416484 -0.315989 -0.00583228 0.0400735 -0.743894 
pop 1 layer 1
dims 16 16
0.640287 -0.389656 0.00685999 -0.0909826 -0.27211 0.0900359 -0.435236 -0.674804 0.0832669 -0.432671 -0.426196 0.260966 -0.495684 0.273708 -0.370796 -0.267192 
0.249722 0.0273143 -0.310919 0.00174471 -0.0306379 0.302422 -0.22904 0.665973 -0.192754 -0.232076 -0.740924 -0.152164 0.451629 0.526971 0.431831 -0.161903 
-0.396094 -0.0670137 -0.325729 -0.205522 -0.287274 -0.085204 0.11478 0.252951 0.507177 0.219981 -0.0252095 -0.148617 0.332701 -0.0574906 -0.447864 0.0574572 
-0.39549 -0.0177081 -0.130757 0.135033 0.0886036 -0.0874032 -0.842178 0.0781717 -0.175636 0.240485 -0.161576 -0.413772 0.348593 -0.175276 -0.0559963 0.0983516 
-0.18569 0.25323 0.00195365 0.346965 0.114997 -0.0909778 -0.243807 -0.00446933 0.356174 0.242344 -0.232344 0.363982 0.0525785 0.492585 -0.224782 0.478089 
0.072415 -0.21823 0.249207 0.114005 -0.161438 -0.0917271 -0.10959 -0.540711 -0.126629 0.563303 0.216303 0.0762314 -0.896761 -0.879803 -0.00359027 -0.0694653 
0.250479 -0.202322 -0.146608 0.258206 -0.500484 -0.127519 -0.135472 -0.132156 -0.315091 -0.25107 0.156979 0.262185 -0.461684 -0.0409915 0.357564 0.242196 
-0.489537 0.24345 0.587705 0.3664 0.415482 0.399361 0.337597 0.516031 -0.25393 -0.0185335 0.101197 -0.465666 0.199693 0.0765831 0.0968031 0.0124146 
-0.541762 -0.115644 -0.0945963 -0.332712 0.327687 0.349478 -0.293596 -0.0189052 0.548011 0.420907 -0.150924 0.00946032 0.0789023 -0.178472 -0.087327 0.095095 
-0.352511 -0.22088 -0.250442 -0.235437 0.516264 0.203494 -0.713944 0.634306 -0.379776 0.04476 -0.236732 -0.00262216 -0.0961358 0.27563 -0.185123 -0.335408 
0.0926427 -0.236186 -0.495362 0.545763 -0.276908 0.219474 0.535745 -0.144041 0.575165 0.293174 0.795891 0.211451 0.3283 0.473842 -0.507443 0.481297 
0.383326 0.334525 0.217613 0.262039 -0.155936 0.182413 -0.334608 -0.0578649 0.250374 -0.0218295 0.405051 0.425588 0.246121 -0.148496 0.463513 -0.893217 
0.0914054 -0.723085 -0.319723 -0.0586102 -0.012944 0.392404 0.281956 -0.442227 0.0493788 -0.313289 0.813107 0.169463 -0.137219 -0.0418589 0.437421 -0.488087 
-0.493956 0.507422 0.277206 -0.312735 -0.489004 0.139659 0.472007 0.278887 0.371451 0.0236813 -0.216793 0.701463 -0.132868 0.101702 -0.011248 0.382861 
-0.25002 -0.484252 -0.41635 0.474483 0.19646 0.367736 0.494435 -0.505428 -0.555476 -0.463766 -0.31538 -0.0253321 -0.501351 -0.207524 0.0992362 -0.00517591 
0.128962 -0.507045 0.12883 -0.153724 0.449246 0.184083 -0.732613 0.0747344 0.157891 0.248921 0.109461 -0.0592899 -0.182828 -0.218792 -0.0904259 0.450689 
pop 1 layer 2
dims 4 16
0.139618 0.38817 -0.0718191 0.502335 0.304226 0.262234 0.0450899 0.544 -0.171026 -0.102037 -0.305922 -0.119339 -0.03486 0.156312 -0.0738799 0.011871 
0.225875 -0.0941397 0.122813 -0.500382 0.500842 -0.278888 0.128886 -0.0209453 0.127255 -0.432305 -0.247527 0.0480664 0.646646 -0.237104 0.0269694 -0.37779 
-0.293804 0.266094 0.308939 0.608233 -0.00367058 -0.657413 -0.0320536 -0.695889 0.164554 -0.105856 0.251727 0.0342642 -0.169114 -0.608027 0.0609573 0.41429 
-0.296099 0.280671 -0.0265853 -0.120476 0.393942 -0.592379 0.388935 -0.0867347 0.0959945 -0.156206 0.00302652 -0.278356 0.309271 -0.660734 -0.498263 0.45707 
pop 2 layer 0
dims 16 5
-0.0644531 -0.251838 0.0352691 0.447456 0.0674107 
0.39729 0.192937 0.135123 0.242002 -0.226971 
-0.287557 0.346361 -0.180171 0.638582 0.390044 
-0.0168588 0.365046 -0.107288 0.0172803 0.00644011 
-0.133966 0.0793088 -0.18991 -0.243427 0.135063 
-0.0873983 0.170264 -0.184057 -0.349164 -0.332875 
0.233176 0.276108 -0.228853 0.240309 0.0104984 
0.0840349 -0.0732579 -0.0558092 -0.207529 -0.0642846 
-0.416329 -0.230959 0.144908 0.185604 0.312529 
0.231942 0.233397 0.0556645 -0.210951 -0.495524 
-0.141998 -0.284442 -0.604302 0.613762 0.20986 
-0.0965704 0.305224 -0.336755 0.0471208 -0.00206763 
-0.175794 -0.142782 0.00701722 -0.0831876 0.25853 
0.0118843 0.776748 -0.322517 0.0741529 -0.0115919 
0.0269357 0.217273 -0.0917646 0.272711 -0.0471324 
0.123511 -0.353378 -0.230094 -0.126202 -0.980117 
pop 2 layer 1
dims 16 16
0.188557 -0.039682 0.337756 0.0333647 -0.143317 0.244428 -0.486625 -0.367794 0.0220808 -0.422254 -0.457087 0.371487 -0.443548 0.517163 -0.404459 0.487843 
-0.00883681 -0.558228 -0.275966 -0.244363 -0.105677 0.0208159 -0.292876 0.394148 -0.445878 -0.128842 -0.377009 -0.108375 0.344244 0.267813 0.409197 -0.12274 
-0.288934 -0.0817988 -0.372283 -0.0919542 -0.0155959 -0.185253 0.00966433 0.19279 0.486596 0.366051 0.218878 0.0695524 0.12275 -0.182146 -0.279501 0.345167 
0.0940521 0.254801 -0.014733 0.352961 0.078308 -0.340273 -0.723122 -0.0326764 0.152228 0.367575 -0.3376 -0.648966 -0.204796 -0.0920329 -0.246743 0.262544 
-0.108041 0.220286 -0.553228 0.351413 0.109634 0.237129 0.0976103 -0.366151 0.174647 -0.37848 -0.0219669 0.304146 0.14637 0.679827 0.205938 0.50157 
0.053628 -0.118239 0.261787 0.163651 0.266808 -0.152207 -0.113943 -0.449619 -0.0404634 0.493685 -0.202972 0.217935 -0.34874 -0.271028 -0.362757 -0.287309 
0.143762 -0.0649386 0.148106 0.347374 -0.290026 -0.0303155 0.216757 -0.14549 -0.0368125 0.355826 0.412649 0.129841 -0.16957 0.182443 0.803086 0.117865 
-0.0518065 -0.195887 0.15676 0.320649 0.374655 0.289584 0.279691 0.344468 0.115563 -0.23173 0.176122 0.177066 0.0274225 0.104084 0.494486 0.159227 
-0.218897 0.0788105 0.0398349 -0.386576 0.329208 -0.179727 0.191715 -0.0114806 0.766397 0.223036 0.0900123 0.218502 -0.0329842 -0.100012 0.105732 0.10012 
0.0498654 0.20796 -0.489753 -0.104674 0.644108 0.317666 -0.421399 0.379944 0.00950623 0.142522 -0.240454 0.0608992 -0.386279 0.496642 -0.0949451 -0.0488619 
-0.0691167 0.163456 -0.195221 0.419746 -0.513416 0.115232 0.309576 0.0918061 0.276733 0.124625 0.614846 0.259813 0.447095 0.102812 -0.449184 0.398626 
0.361403 0.313535 0.289296 0.332141 0.216509 -0.0745169 -0.575071 -0.0783302 0.230469 -0.137401 0.389508 0.387846 -0.0516293 -0.0837784 0.276387 -0.504658 
0.132461 -0.482186 -0.639467 -0.00897487 0.278652 -0.441878 0.375049 -0.200507 0.349312 -0.16093 0.651579 0.419176 -0.111611 0.0276603 0.407788 -0.410533 
-0.0914664 0.643144 0.204511 -0.356343 -0.284503 -0.201893 0.544945 -0.0976535 0.230093 -0.115937 -0.203074 0.33034 -0.283727 0.286229 -0.292826 0.470855 
0.0679342 0.130576 -0.393812 0.883477 0.0715758 0.428278 0.592444 -0.0705289 -0.490541 -0.316561 -0.394629 -0.00550946 -0.416646 -0.0201372 0.0254268 -0.0463009 
0.015152 -0.300229 -0.311143 -0.295486 0.391681 -0.0177733 -0.234117 0.22382 -0.0789513 0.303278 0.276229 0.0506565 -0.455739 0.045548 -0.308173 0.462188 
pop 2 layer 2
dims 4 16
-0.114435 0.167046 0.104377 0.453745 0.566394 0.162593 -0.00305885 0.215928 -0.27086 0.0500927 0.029537 -0.409807 -0.202141 0.196298 0.0203076 -0.118439 
0.047065 -0.095945 -0.216715 -0.0230519 0.588925 -0.058394 0.0407997 0.118903 0.247469 -0.55146 -0.0155308 0.148359 0.648501 -0.204534 0.164127 -0.406593 
-0.150596 0.255664 0.182192 0.715776 -0.0566226 -0.38879 0.118754 -0.630372 0.385572 0.00768878 -0.00580636 0.130419 -0.256746 -0.546509 0.208269 0.38892 
-0.0488413 -0.0596101 -0.0751911 -0.0316159 0.356916 -0.607824 0.391219 -0.160477 0.1138 -0.157759 0.12945 -0.0227056 -0.00473288 -0.480469 -0.41234 0.58391 
pop 3 layer 0
dims 16 5
-0.136327 -0.325072 0.0256672 0.603255 -0.156511 
0.254569 0.313117 0.0164089 0.121123 -0.326069 
-0.212011 0.369774 0.0390441 0.289677 0.44756 
0.0750686 0.288767 -0.0587132 0.0806795 0.0443165 
-0.0943975 0.0530247 -0.184826 -0.178975 -0.214538 
-0.234886 -0.103654 -0.135263 -0.203474 -0.162107 
0.361348 0.233525 0.0548928 0.173147 0.235198 
0.0711494 -0.0731745 -0.103122 -0.475264 -0.388338 
-0.557185 -0.362674 0.213705 -0.0494636 0.159892 
0.126813 0.223542 -0.0682965 -0.423549 -0.233669 
-0.065925 -0.0738633 -0.595885 0.40361 0.0643384 
0.145827 0.414296 -0.21318 0.196389 -0.117227 
0.124052 0.159259 -0.103042 -0.045858 0.33495 
0.0264876 0.552994 -0.481732 0.224653 0.159622 
-0.0179213 0.264625 -0.291981 0.377778 -0.0729616 
0.331803 -0.451147 -0.112829 -0.163829 -0.748217 
pop 3 layer 1
dims 16 16
0.722382 -0.472328 0.0439165 -0.115293 -0.0928408 0.0545308 -0.570729 -0.647937 0.241427 -0.638289 -0.55983 0.300211 -0.479148 0.225943 -0.341227 -0.218684 
0.187261 -0.095052 -0.325959 -0.11004 -0.00396635 0.344069 -0.185902 0.686251 -0.3223 -0.174791 -0.77213 -0.138409 0.468414 0.496922 0.519759 -0.270554 
-0.484548 -0.037473 -0.465703 -0.160353 -0.17238 -0.155066 0.15186 0.334138 0.615194 0.161448 -0.0365504 0.079197 0.180372 -0.0292093 -0.29471 0.167791 
-0.155002 0.0303511 0.000604787 0.199543 0.13004 -0.05477 -0.867896 0.15025 -0.336026 0.157864 -0.325952 -0.476211 0.209593 -0.140534 -0.0246285 0.120862 
-0.00420134 0.252048 -0.0563745 0.376896 -0.013651 -0.108781 -0.167527 -0.172372 0.322107 0.115318 -0.187972 0.386322 -0.0423322 0.556342 -0.210547 0.601893 
0.0199228 -0.351202 0.4597 0.0252049 -0.0388593 -0.164534 -0.0338332 -0.607952 -0.161189 0.454808 0.342174 0.0621942 -0.859515 -0.997241 -0.189424 -0.181342 
0.242628 -0.0418074 -0.00503963 0.189379 -0.40085 -0.10821 -0.240665 -0.13601 -0.284485 -0.334418 0.119953 0.117469 -0.277258 -0.0320466 0.472838 0.154112 
-0.380298 0.490582 0.54053 0.332135 0.558639 0.154671 0.31753 0.693067 -0.0898781 -0.0740251 0.29166 -0.400538 0.27757 0.091759 0.225358 0.0367289 
-0.51026 -0.174783 -0.181129 -0.337092 0.506103 0.321951 -0.163534 -0.0764115 0.708448 0.446876 0.00822144 -0.0240121 -0.0459965 -0.244091 0.00140777 0.0215955 
-0.426426 -0.175814 -0.305671 -0.235987 0.514192 0.368049 -0.91232 0.652164 -0.258763 -0.119105 -0.254916 -0.0920712 -0.276105 0.257192 -0.230739 -0.295494 
-0.0509712 -0.297303 -0.647285 0.572968 -0.333079 0.288133 0.413073 0.00377999 0.549983 0.369643 0.776155 0.366052 0.458053 0.397358 -0.449874 0.537204 
0.610747 0.352609 0.366176 0.225901 -0.0169483 0.0766806 -0.393967 -0.110682 0.141493 -0.1424 0.220835 0.460978 0.119667 -0.104349 0.443838 -0.733304 
0.242284 -0.624818 -0.421612 -0.0348626 -0.0065244 0.311343 0.206163 -0.520792 -0.0209741 -0.216664 0.955431 0.25626 -0.0695246 -0.019905 0.344527 -0.449552 
-0.527595 0.565541 0.178402 -0.405533 -0.403599 0.0849719 0.542935 0.31224 0.443075 0.0819223 -0.195699 0.627781 -0.147087 0.189578 0.0260825 0.554996 
-0.306444 -0.473489 -0.384019 0.5761 0.195935 0.327406 0.594147 -0.574741 -0.618856 -0.282351 -0.353307 0.0198745 -0.628757 -0.197862 0.0554999 0.0775663 
-0.0509287 -0.433863 0.11765 -0.126303 0.392258 0.193082 -0.728375 0.00345406 0.00748716 0.11069 0.223196 0.066017 -0.32495 -0.00309402 -0.308152 0.635156 
pop 3 layer 2
dims 4 16
0.254794 0.35464 0.146078 0.554408 0.320962 0.222533 0.166248 0.368733 -0.176669 0.00490087 -0.139163 -0.194138 -0.145439 0.259684 -0.18109 -0.156225 
0.378232 0.0547302 0.103613 -0.269889 0.541296 -0.211933 0.368019 0.141029 0.280454 -0.54336 -0.157372 0.147226 0.75556 -0.18739 -0.00137776 -0.350245 
-0.351599 0.430778 0.280088 0.822062 -0.0661578 -0.559269 0.0734306 -0.795657 0.184928 -0.142861 0.140124 -0.0146211 -0.168007 -0.816499 0.232925 0.314244 
-0.132657 0.383268 -0.0475798 -0.162231 0.454032 -0.678735 0.421047 -0.0795402 0.205848 -0.217501 0.109218 -0.171433 0.118721 -0.801499 -0.575865 0.420297 
pop 4 layer 0
dims 16 5
-0.0700192 -0.195843 -0.00926915 0.440429 0.163908 
0.356755 0.337759 0.0477856 0.117948 -0.27486 
-0.101034 0.468379 -0.362421 0.47265 0.334353 
-0.146285 0.400379 -0.0311455 0.160704 -0.105537 
-0.197943 0.133708 -0.229914 -0.240792 0.0104389 
0.000961428 0.0502611 -0.164534 -0.216337 -0.26861 
0.237463 0.394037 -0.0120825 0.155985 0.0341309 
0.0513948 -0.0101746 -0.0687851 -0.233259 -0.178107 
-0.476026 -0.264894 0.269477 -0.062445 0.216504 
0.113609 0.330763 -0.00115578 -0.0842607 -0.41239 
-0.176069 -0.0906137 -0.613866 0.502866 0.0842944 
0.058207 0.401337 -0.293235 0.180448 -0.0533739 
-0.0400428 0.00425819 -0.132621 -0.0347077 0.381389 
0.0339887 0.770591 -0.384143 0.109025 0.0492986 
-0.102384 0.143311 -0.161146 0.244747 0.0253032 
0.177613 -0.330966 -0.0202725 -0.028395 -1.12675 
pop 4 layer 1
dims 16 16
0.331909 -0.240649 0.253606 0.20463 -0.250059 0.189781 -0.438865 -0.462664 -0.0512219 -0.221166 -0.502775 0.258478 -0.515864 0.537569 -0.445662 0.567768 
-0.116023 -0.489095 -0.281208 -0.254081 -0.0563606 0.180217 -0.36738 0.514805 -0.360752 0.0258316 -0.529052 0.0918157 0.241688 0.438323 0.573598 -0.11482 
-0.335728 -0.201776 -0.367245 -0.293321 -0.0200807 -0.363239 0.377718 0.291897 0.483784 0.362113 0.138088 0.0997479 0.135445 -0.112243 -0.182091 0.197678 
0.095035 0.14688 -0.167231 0.315569 -0.00221325 -0.224093 -0.684389 -0.046334 0.0101002 0.114202 -0.408717 -0.523019 -0.0268742 -0.22507 -0.0966314 0.293329 
0.0527705 0.0309672 -0.399507 0.0931618 0.0558326 0.224099 0.107787 -0.523893 0.378706 -0.167881 -0.0110075 0.167404 0.0463976 0.652435 0.0931026 0.408692 
-0.0617308 -0.13587 0.268675 0.17497 0.111683 -0.290291 -0.0350648 -0.562808 -0.181973 0.508768 -0.285637 0.209558 -0.448729 -0.408381 -0.448836 -0.30871 
0.0685867 -0.129469 0.12715 0.239755 -0.358504 -0.174307 0.120536 -0.0994689 -0.121588 0.186511 0.497158 0.127344 -0.189696 0.120146 0.760143 0.102613 
0.0437037 -0.0371624 0.0291318 0.319449 0.42921 0.224237 0.163374 0.533459 0.218593 -0.337523 0.315311 0.353522 0.108284 0.0409689 0.28013 0.296993 
-0.181919 -0.028371 0.19497 -0.324818 0.359083 -0.102209 0.052589 0.0548263 0.795412 0.24606 0.269795 0.108464 0.0134596 0.0824941 0.16095 0.158024 
-0.277565 -0.0255352 -0.57797 0.0325134 0.459438 0.230846 -0.438894 0.259782 -0.0328747 -0.0356153 -0.190012 0.131799 -0.510238 0.399049 -0.0605195 -0.146062 
-0.0501473 0.0250709 -0.257215 0.490885 -0.360691 0.100548 0.186732 0.204141 0.403108 0.167896 0.677082 0.270126 0.395602 -0.0405977 -0.622096 0.49517 
0.306984 0.326578 0.325218 0.23608 0.335908 -0.116975 -0.531143 0.0734853 0.164235 -0.134711 0.376621 0.377401 -0.317602 -0.0500139 0.3712 -0.591368 
0.19035 -0.606197 -0.684356 0.0442393 0.122534 -0.347106 0.365052 -0.244412 0.273486 -0.352907 0.65668 0.343692 -0.0114666 -0.0745038 0.48348 -0.523236 
-0.154127 0.589971 0.146944 -0.362417 -0.277586 -0.259632 0.742261 -0.109608 0.165715 -0.168758 -0.370463 0.429239 -0.0690648 0.343772 -0.0865302 0.609297 
0.0675489 -0.0969149 -0.431755 1.02027 0.251835 0.314692 0.603253 -0.0499896 -0.50077 -0.249883 -0.4711 0.114598 -0.696562 -0.026395 0.0898866 0.0340013 
0.0420298 -0.304737 -0.166737 -0.14296 0.47003 0.0105123 -0.44146 0.176377 -0.126504 0.383877 0.266613 0.0595461 -0.471204 0.15078 -0.40872 0.454636 
pop 4 layer 2
dims 4 16
0.03965 0.320832 -0.0749862 0.464765 0.452875 0.32217 0.00415017 0.250525 -0.345054 -0.057034 -0.128272 -0.341318 -0.205135 0.212713 0.0229492 -0.0565998 
0.128832 -0.052075 -0.139856 -0.136015 0.519371 -0.0408462 0.207412 0.244409 0.211174 -0.46184 -0.174907 0.0633769 0.665449 -0.172332 0.0442822 -0.565299 
-0.228459 0.249026 0.285373 0.8372 0.00773922 -0.619587 0.135965 -0.712803 0.323645 -0.0133151 -0.035091 -0.0257987 -0.205824 -0.606129 0.131553 0.168171 
-0.163803 0.0505956 0.0176168 -0.0669921 0.452236 -0.606339 0.387396 -0.129956 0.119838 -0.216797 0.0814573 -0.101406 0.0206231 -0.563456 -0.491788 0.635688 
pop 5 layer 0
dims 16 5
0.199671 -0.178877 0.254287 0.442737 0.200979 
0.255546 0.191358 -0.110942 0.270964 -0.21384 
-0.086739 0.262716 -0.138348 0.440954 0.161596 
-0.0267037 0.406964 0.0843009 -0.0536183 -0.104192 
-0.192287 -0.163187 -0.157514 -0.539478 0.116497 
-0.0364037 0.108504 -0.362714 -0.258676 -0.234124 
0.3902 0.23141 -0.155768 0.0639126 0.0840647 
0.183689 -0.0205756 0.00852917 -0.237779 -0.228232 
-0.418481 -0.248175 0.0181904 0.243501 0.411089 
0.295008 0.226147 0.184057 -0.427963 -0.480736 
-0.105859 -0.212596 -0.470106 0.422758 0.107498 
-0.0880482 0.282832 -0.397804 -0.0885869 0.0100196 
-0.0181924 -0.0957285 -0.194903 -0.0212744 -0.0065891 
-0.00733215 0.664147 -0.264754 -0.0382056 -0.0780387 
0.139475 0.382281 -0.126962 0.360396 0.161743 
0.218687 -0.566671 -0.0386732 -0.149013 -0.801837 
pop 5 layer 1
dims 16 16
0.34752 -0.0692273 0.547021 -0.226892 -0.235157 0.209095 -0.511069 -0.324556 0.105886 -0.589065 -0.508475 0.40029 -0.349122 0.366513 -0.496584 0.457357 
0.0884263 -0.468516 -0.385438 -0.297871 0.00948033 0.11473 -0.28268 0.115777 -0.3203 -0.0662103 -0.510231 -0.260612 0.345063 0.312841 0.499424 -0.277358 
-0.281856 -0.0234971 -0.292201 -0.217895 -0.0403224 -0.0835314 -0.0667697 0.242071 0.204068 0.187493 0.287179 0.0897109 0.262881 0.0337855 -0.294807 0.580568 
0.11955 0.419433 0.021309 0.546001 -0.0284955 -0.19029 -0.589577 0.119673 0.203672 0.161314 -0.362799 -0.501121 -0.261102 0.161442 -0.274729 0.456591 
-0.150274 0.215701 -0.409268 0.236373 0.317981 0.151116 0.0781577 -0.343648 0.159659 -0.373527 -0.0176255 0.0106533 0.0953624 0.809731 0.288006 0.216024 
0.146352 -0.104249 0.250982 0.11564 0.246389 -0.366525 -0.175338 -0.498772 0.065427 0.544463 -0.181621 0.161942 -0.489124 -0.297333 -0.361049 -0.389993 
0.22595 -0.116741 0.326973 0.276585 -0.281256 0.041956 0.152257 -0.243742 -0.0846707 0.248056 0.362653 -0.040966 -0.148926 0.147054 0.67969 0.259609 
-0.011485 -0.205771 -0.0101257 0.270778 0.32196 0.201123 0.0871997 0.241135 -0.0456425 -0.209836 0.186236 0.375837 -0.0461034 0.0101048 0.350638 -0.0319184 
-0.00838984 -0.058712 0.132837 -0.305018 0.457594 -0.268457 0.238119 -0.0672033 0.844684 0.0701943 0.145326 0.209347 0.0457927 -0.0121925 0.0204142 0.270797 
-0.0465587 0.177123 -0.439658 -0.0249275 0.707249 0.174716 -0.503165 0.42159 0.0573657 -0.00944781 -0.216824 0.0275297 -0.278869 0.612415 -0.251151 -0.0143335 
-0.161741 0.272693 -0.152927 0.368134 -0.433855 0.15006 0.0682687 0.104957 0.0995102 0.0157279 0.531856 0.306956 0.384528 0.0488028 -0.453252 0.3659 
0.199877 0.279055 0.187488 0.231069 0.133039 -0.0393204 -0.52591 -0.0590535 0.0778291 -0.0641202 0.366369 0.30363 0.113862 -0.037285 0.32643 -0.532781 
0.0876033 -0.520468 -0.699271 -0.0337707 0.165293 -0.512069 0.422121 -0.00393032 0.346814 0.111804 0.583295 -0.0201203 -0.0839356 -0.0893725 0.23913 -0.366182 
-0.0674801 0.5337 0.157053 -0.347536 -0.284574 -0.183256 0.449473 -0.175278 0.279799 -0.141626 -0.0690542 0.381601 -0.148317 0.315008 -0.303112 0.468595 
0.120697 0.190723 -0.539614 0.862362 0.0842767 0.426289 0.436579 -0.0936899 -0.322157 -0.345892 -0.283429 -0.0964735 -0.522457 0.0890806 -0.0552943 -0.0571292 
-0.0920599 -0.180267 -0.344055 -0.0978269 0.410659 -0.200671 -0.246709 0.324109 -0.0919416 0.359234 0.346676 0.0582547 -0.34178 0.144668 -0.252128 0.480167 
pop 5 layer 2
dims 4 16
0.209288 0.21469 -0.234386 0.478775 0.335489 -0.0353057 -0.0635993 0.220854 -0.326641 0.0342917 0.160735 -0.228554 -0.383563 0.0469632 0.14456 0.121393 
0.170595 -0.278575 0.125299 0.108604 0.366023 -0.279188 0.0103647 0.213043 0.232141 -0.724144 -0.454427 0.379342 0.616725 -0.306696 0.278245 -0.579159 
-0.562358 0.483539 0.259151 0.531694 0.151488 -0.496474 -0.138318 -0.711627 -0.112714 -0.16564 -0.146198 -0.0822054 0.0130405 -0.255718 -0.012488 0.217986 
-0.224252 -0.131908 -0.00104103 -0.24063 0.461117 -0.6047 0.234653 -0.0428455 0.250199 -0.371738 0.00504626 -0.163283 0.00293477 -0.450573 -0.660939 0.391941 
pop 6 layer 0
dims 16 5
0.056068 -0.170551 0.232854 0.569536 0.120889 
0.194208 0.0817155 0.0659346 0.347541 -0.438551 
-0.255565 0.384584 0.0801633 0.382527 0.257285 
-0.0252582 0.228959 0.205153 0.108603 -0.0910463 
-0.0411829 0.109376 -0.274509 -0.121436 0.0597269 
0.0387788 0.0803446 0.0279206 0.0489304 -0.0687551 
0.396575 0.0681784 0.164227 0.203213 0.1511 
0.11002 -0.0181382 -0.116332 -0.271074 -0.106006 
-0.690125 -0.389695 0.246578 -0.00215976 -0.0679574 
0.143305 0.154874 -0.143714 -0.166718 -0.302034 
-0.135526 -0.00754982 -0.753961 0.386334 -0.0805445 
0.112868 0.469009 -0.387246 0.141169 0.113019 
-0.0923157 0.182324 -0.0388177 -0.09775 0.352762 
-0.0424703 0.532654 -0.309271 0.219659 -0.0826034 
0.0980508 0.0157918 -0.400043 0.245583 0.0117506 
0.533378 -0.329149 -0.0875409 -0.0703752 -0.749731 
pop 6 layer 1
dims 16 16
0.46674 -0.193904 0.178662 0.34184 -0.177133 0.27172 -0.615905 -0.604677 0.225163 -0.519407 -0.537839 0.373899 -0.440497 0.350562 -0.807811 0.268557 
-0.0778034 -0.162587 -0.100566 -0.0377222 0.0200428 0.199001 -0.478272 0.634186 -0.437417 -0.211734 -0.622585 -0.223982 0.180104 0.552513 0.704993 -0.221606 
-0.39865 -0.149031 -0.431155 -0.0222639 -0.157071 -0.415657 0.340157 0.139529 0.425159 0.347618 0.108274 0.0351511 0.175674 -0.125035 -0.356175 0.0599316 
-0.188827 0.139595 -0.0858472 0.24968 -0.0367466 -0.0515276 -0.844206 -0.188694 -0.168309 0.40949 -0.181815 -0.211438 0.109266 -0.256838 -0.0164596 0.152582 
-0.0175056 0.379017 -0.102745 0.129883 0.217913 0.0502253 -0.248308 -0.165878 0.237535 -0.0880118 -0.119974 0.305979 -0.12647 0.601338 0.150621 0.485175 
0.0339447 0.288175 0.346334 -0.0611845 -0.0403733 -0.0604821 -0.00357468 -0.701057 -0.221164 0.443098 -0.202722 0.0979347 -0.603963 -0.508225 -0.378404 -0.306333 
0.0764543 -0.062992 0.129086 0.146767 -0.501505 -0.135304 -0.0662989 -0.229236 0.0470995 -0.0137738 0.161226 0.163032 -0.255527 -0.0736646 0.569046 0.0656478 
-0.451379 -0.051557 0.203366 0.335851 0.469702 0.0971179 0.226599 0.626426 0.0776802 -0.071486 0.399069 0.247169 -0.10604 -0.132462 0.147036 -0.0311638 
-0.883857 -0.0715571 0.276659 -0.395938 0.460669 0.130057 0.0603956 0.112168 0.469973 0.327075 0.26545 0.043548 0.00188013 -0.247863 0.332929 0.178959 
-0.342408 -0.23935 -0.514898 0.047272 0.466456 0.242723 -0.671751 0.369439 -0.163339 0.00570775 0.106855 -0.122054 -0.438065 0.334799 0.0511639 -0.257329 
-0.353305 -0.29746 -0.505912 0.571951 -0.515016 0.292471 -0.021334 -0.0604134 0.392696 0.0830911 0.889197 0.214655 0.5135 0.112075 -0.661171 0.542878 
0.34476 0.187552 0.594294 0.297546 -0.0433677 -0.0986505 -0.52142 -0.247936 0.044298 -0.282024 0.418875 0.506888 -0.0700409 -0.138016 0.365158 -0.943836 
0.249678 -0.658078 -0.558254 0.287603 0.0216651 0.0238101 0.362201 -0.309469 0.246416 -0.177376 0.808195 0.254627 -0.178107 -0.201724 0.345064 -0.499 
-0.465708 0.449909 0.159701 -0.293187 -0.700571 -0.0715284 0.859868 -0.0797788 0.479699 -0.15013 -0.379762 0.51614 0.0583836 0.184565 0.166097 0.95897 
-0.334479 -0.0926679 -0.405905 1.05821 0.410221 0.251361 0.576294 -0.345948 -0.691548 -0.299747 -0.21909 0.0750471 -0.608951 -0.204163 -0.0504887 0.286465 
0.000974583 -0.276353 -0.130206 -0.312761 0.297216 -0.16997 -0.797299 -0.0870797 0.229977 0.399943 0.27891 0.056935 -0.333575 -0.175076 -0.395835 0.51401 
pop 6 layer 2
dims 4 16
0.0426448 -0.0374058 0.152632 0.177296 0.551503 0.298488 0.20304 0.0240326 -0.120386 0.244655 0.234363 0.0583541 -0.342249 0.327861 -0.154056 -0.0600961 
0.348493 -0.0414891 -0.0626987 -0.39115 0.316061 -0.285675 0.265498 -0.149512 0.584185 -0.410741 -0.541186 0.244124 0.566019 -0.451909 0.0124024 -0.475955 
-0.00459786 0.258488 0.43855 0.93317 -0.369792 -0.756064 0.22272 -1.03299 0.431381 -0.0380886 0.285584 0.175339 0.281334 -0.444412 0.0723389 -0.115037 
-0.162351 -0.0473344 0.153356 0.0280121 0.580882 -0.565713 -0.0986094 -0.013378 0.0947146 -0.031159 0.256556 -0.191617 0.213034 -0.708152 -0.551408 0.627683 
pop 7 layer 0
dims 16 5
0.0812828 -0.165966 0.151954 0.640904 0.0306212 
0.66802 0.123732 -0.17448 0.0482083 -0.387058 
-0.273819 0.484078 -0.0739538 0.552848 0.469483 
0.0295804 0.186049 -0.0204172 0.189019 0.00324197 
-0.166483 0.268223 -0.385433 -0.353008 -0.0629287 
-0.283113 0.0847953 0.0421108 0.187581 -0.179124 
0.143462 0.0762105 0.165599 -0.0232446 0.425656 
0.183478 0.259793 0.0886874 -0.254907 -0.157863 
-0.448473 -0.361917 0.356984 0.0661372 0.102859 
0.177449 0.262866 -0.0785143 -0.0920821 0.059088 
-0.0274464 -0.0364907 -0.385866 0.442235 -0.0889362 
0.177192 0.25012 -0.242927 0.0337286 -0.229343 
0.0309466 -0.0571313 -0.188921 0.0230129 0.456847 
0.141507 0.743242 -0.694346 0.141035 0.124033 
0.00926055 0.311202 -0.232819 0.314791 0.00576203 
0.30188 -0.0900734 -0.0668621 -0.2261 -0.988111 
pop 7 layer 1
dims 16 16
0.649758 -0.408732 0.0178137 0.180758 -0.286736 0.182195 -0.529466 -0.57103 0.259349 -0.379602 -0.563487 0.309259 -0.543052 0.490838 -0.584287 0.248324 
0.0223578 0.145614 -0.272021 -0.0242489 0.0615837 0.280353 -0.134542 0.522632 -0.556795 -0.145697 -0.826083 0.106781 0.309921 0.410963 0.717516 -0.356877 
-0.477618 -0.169468 -0.486388 -0.127883 -0.335016 -0.0634878 0.293436 0.340407 0.529414 0.187435 0.0131526 0.154313 0.220664 -0.137063 -0.107495 0.0566161 
0.0426261 0.0119829 -0.140573 0.108397 -0.23971 0.00881478 -0.937758 0.0732783 -0.237816 0.205487 -0.100102 -0.286488 -0.217722 -0.480143 -0.0631585 0.220161 
-0.0825847 0.19647 -0.284437 0.622471 0.0783135 -0.106151 -0.38731 -0.574069 0.08791 0.00966669 0.133012 0.199194 -0.373911 0.71642 -0.179534 0.27734 
0.0268005 0.0217386 0.768759 -0.175803 0.171111 0.0271608 -0.00591078 -0.708713 -0.318109 0.48734 -0.0895671 0.189757 -0.518915 -1.13565 -0.273301 -0.487814 
0.197719 -0.0206447 0.157167 0.0487643 -0.228679 -0.189667 -0.102272 -0.224069 -0.166121 -0.0611403 0.133668 -0.0490285 -0.329583 0.230632 0.346501 0.0814781 
-0.433045 -0.0773786 0.0823596 0.532163 0.362531 0.256419 0.415686 0.490572 0.047233 -0.194372 0.385032 0.317525 -0.0817079 -0.106418 0.0676747 0.279521 
-0.425024 -0.14899 0.174893 -0.401368 0.683794 -0.030199 0.0652489 0.123127 0.533896 0.47971 0.113279 0.179418 -0.190607 -0.151282 0.0369506 0.180799 
-0.38324 -0.282106 -0.572963 -0.19067 0.564462 0.173818 -0.869821 0.50939 -0.0350164 -0.0634758 -0.403917 -0.0331426 -0.464134 0.430037 -0.218891 -0.127902 
-0.214217 -0.239368 -0.63737 0.468977 -0.448394 0.0892254 0.0946554 0.0754252 0.582672 0.349286 0.894363 0.409558 0.445111 0.183833 -0.63716 0.631917 
0.397316 0.161541 0.5161 0.355833 0.112696 -0.102621 -0.399034 0.00556022 0.289291 -0.0517286 0.156268 0.405496 -0.0500037 -0.0122196 0.250184 -0.792038 
0.261162 -0.741626 -0.730623 0.344034 0.0843271 0.123437 0.76086 -0.387112 0.185734 -0.342476 1.03845 0.40153 -0.14352 -0.250416 0.738388 -0.527312 
-0.560659 0.633812 0.0361016 -0.268511 -0.589436 -0.0250785 0.710687 0.137201 0.591156 0.0177655 -0.378215 0.463322 0.081411 0.312734 0.0533903 0.883216 
-0.465735 -0.35768 -0.336506 0.938693 0.383958 0.308251 0.461473 -0.603045 -0.798141 0.0118408 -0.363781 0.256277 -0.627563 -0.208661 -0.10031 0.0729616 
-0.291938 -0.296584 0.0955895 -0.311945 0.305735 0.185826 -0.729775 -0.0251512 0.202223 0.160163 0.0344329 0.0347065 -0.220355 -0.137114 -0.24901 0.498047 
pop 7 layer 2
dims 4 16
0.204305 0.301297 0.191172 0.638902 0.555512 0.0655879 0.110318 0.0618383 -0.452587 0.138918 -0.0193044 -0.212643 -0.220722 0.327376 -0.0795112 0.0887656 
0.242912 -0.0883932 0.0327726 -0.452787 0.54168 -0.355573 0.397463 -0.0594619 0.421107 -0.502374 -0.43423 0.158384 0.60198 -0.24007 -0.11745 -0.67838 
-0.0975705 0.336772 0.287277 0.906632 -0.0820484 -0.594756 0.149448 -0.769446 0.458892 -0.154161 0.137763 -0.108228 0.161027 -0.551484 0.0922797 0.0327919 
-0.173123 -0.00334376 0.360481 -0.204644 0.692647 -0.587694 0.132248 -0.10752 -0.0149576 0.0526504 0.00942901 -0.181613 0.0288618 -0.615971 -0.696548 0.577323 
pop 8 layer 0
dims 16 5
0.0450019 -0.25399 0.0770803 0.414538 -0.327999 
0.223783 0.249948 0.0738212 0.209936 -0.22314 
-0.26638 0.410247 0.0188683 0.465435 0.496187 
0.116892 0.254173 -0.0961342 0.155681 -0.0999654 
-0.0190118 -0.0221139 -0.183552 -0.207828 -0.164088 
0.0225481 -0.025558 -0.0830727 -0.137029 -0.226045 
0.321491 0.302048 0.0231066 0.157848 0.225019 
0.0514091 -0.118408 -0.121817 -0.498508 -0.366015 
-0.444408 -0.350381 0.217012 0.0140539 0.157164 
0.192793 0.274446 -0.13013 -0.405035 -0.22929 
-0.00800572 -0.0279744 -0.453542 0.441913 0.0684466 
0.101603 0.303689 -0.102269 0.00625292 0.1347 
0.147496 0.118732 -0.0790473 -0.0397113 0.324622 
-0.10245 0.609156 -0.43606 0.159693 -0.0251616 
0.026899 0.29385 -0.247217 0.278053 0.0284935 
0.222237 -0.452918 -0.0722846 -0.122605 -0.893831 
pop 8 layer 1
dims 16 16
0.629536 -0.379043 -0.0873931 -0.185204 -0.149348 0.0412366 -0.551086 -0.702554 0.361905 -0.50234 -0.577438 0.259389 -0.529607 0.360374 -0.349104 -0.25729 
0.385022 -0.0879682 -0.225262 -0.108913 0.119538 0.138815 0.0117387 0.558296 -0.419255 -0.198255 -0.764144 -0.0535624 0.53779 0.529589 0.397414 -0.214417 
-0.400389 0.117047 -0.394423 -0.0663973 0.0635798 -0.0660779 0.102079 0.337267 0.490831 0.325898 -0.119199 0.0438689 0.348579 0.0884643 -0.262178 0.018299 
-0.0885358 0.0307333 0.0349488 0.220627 0.105845 -0.0426968 -0.872757 0.0756479 -0.168747 -0.00355874 -0.255588 -0.352305 0.0944434 -0.089021 0.0984554 0.176162 
-0.0122676 0.350316 -0.0651279 0.278194 0.0777137 -0.0321413 -0.187848 -0.0725651 0.179219 0.116079 -0.354001 0.355114 0.0443709 0.551018 -0.239746 0.541042 
-0.0644541 -0.211386 0.340713 0.171211 0.0446327 0.0745043 -0.0441643 -0.646101 -0.195592 0.209074 0.236954 0.0188043 -0.87656 -0.935404 -0.281637 -0.160943 
0.209039 -0.118751 0.0139004 0.185567 -0.304501 -0.0358073 -0.384344 -0.0642649 -0.228033 -0.216884 0.063823 0.102522 -0.0933891 0.0745174 0.466836 0.256975 
-0.380229 0.445156 0.507527 0.361198 0.593326 0.116083 0.450699 0.737841 -0.021683 -0.275075 0.2856 -0.340603 0.379438 -0.00123488 0.243276 -0.00760054 
-0.454506 -0.103354 -0.401214 -0.477575 0.540802 0.427882 -0.230719 -0.119878 0.784591 0.388133 0.0521652 -0.0633455 0.0184302 -0.197925 -0.213086 0.0125024 
-0.564913 -0.229238 -0.322478 -0.310537 0.452858 0.427748 -0.987949 0.589152 -0.209748 -0.132707 -0.153088 -0.0876856 -0.156095 0.171855 -0.310807 -0.225366 
-0.169117 -0.414315 -0.676877 0.585353 -0.307081 0.23084 0.247317 0.0741111 0.550279 0.374076 0.604614 0.332582 0.319647 0.300184 -0.503708 0.589189 
0.461702 0.484938 0.506063 0.388497 0.0834391 0.0052054 -0.384949 -0.261383 0.244127 0.0879792 0.0717351 0.570295 0.175073 0.0536621 0.216446 -0.775927 
0.29796 -0.538815 -0.397669 0.0839648 -0.0700583 0.271557 0.167423 -0.528776 -0.0249299 -0.242519 0.853346 0.26347 0.0493714 0.0132201 0.278831 -0.331449 
-0.485141 0.579484 0.105973 -0.239189 -0.43214 0.174693 0.48638 0.387203 0.479584 0.180521 -0.216561 0.73106 -0.243458 0.0353728 0.086524 0.473071 
-0.114534 -0.346582 -0.331655 0.556415 0.307166 0.145141 0.510002 -0.647122 -0.703984 -0.374944 -0.312957 0.0401475 -0.584228 -0.200422 0.210255 -0.013584 
0.111501 -0.359362 -0.0588962 -0.0253541 0.386001 0.326481 -0.568162 -0.124529 0.118917 0.23405 0.179694 0.0321363 -0.252281 -0.00791034 -0.144188 0.508718 
pop 8 layer 2
dims 4 16
0.305304 0.306357 0.26075 0.525491 0.342831 0.0690621 -0.0943333 0.198568 -0.273698 -0.0879921 -0.113272 -0.19782 -0.148002 0.239175 -0.296805 -0.260203 
0.378723 -0.0915512 0.143979 -0.107394 0.306983 -0.151742 0.420531 0.202666 0.296046 -0.502649 -0.281005 0.0425104 0.680614 -0.104995 0.107175 -0.373084 
-0.237411 0.31532 0.291127 0.566558 -0.0234571 -0.541932 -0.0462417 -0.770954 0.0890394 -0.125795 0.317935 -0.0014656 -0.195041 -0.829155 0.172968 0.288267 
0.0596218 0.38453 0.133551 -0.222123 0.497803 -0.663024 0.530499 -0.0406331 0.346177 -0.124433 0.0872982 0.0230601 0.0746732 -0.56804 -0.292204 0.547953 
pop 9 layer 0
dims 16 5
-0.101908 -0.488173 0.0593857 0.382835 -0.0619539 
0.182213 0.31811 -0.0544677 0.0403361 -0.149855 
-0.202138 0.573512 -0.218345 0.147608 0.0368132 
-0.102483 0.209305 0.107134 0.00320994 0.0383703 
-0.207497 0.0652676 -0.163851 -0.172817 -0.159667 
-0.265017 0.0752947 0.0645099 -0.17699 -0.309802 
0.107023 0.252085 0.0508076 0.366104 0.33796 
0.350191 0.0959052 -0.225136 -0.252571 0.0437552 
-0.322094 -0.177622 0.149841 0.102509 0.0881043 
0.578159 0.388689 -0.228388 -0.435011 -0.393073 
-0.0262176 -0.111514 -0.560992 0.282774 -0.242459 
-0.034654 0.325179 -0.16183 0.165548 -0.339344 
0.217154 -0.116776 -0.0534163 -0.0350471 0.110932 
-0.26458 0.639962 -0.366864 0.240694 0.0769484 
-0.243244 0.0231147 -0.470251 0.153318 0.111817 
0.262907 -0.199149 -0.233263 -0.157169 -0.859601 
pop 9 layer 1
dims 16 16
0.45612 -0.181647 -0.116795 0.42964 0.00839723 0.333455 -0.95346 -0.772335 0.546051 -0.295387 -0.677771 0.424106 -0.644268 0.050419 0.0169755 0.0869114 
0.0270967 0.0618669 -0.0871632 0.283958 -0.0876676 0.38183 -0.316122 0.242963 -0.0624799 -0.172743 -1.32923 -0.149155 0.255109 0.352977 0.0515027 -0.43434 
-0.474227 -0.240334 -0.131115 -0.530925 -0.293812 -0.0367571 -0.154211 0.406189 0.564556 0.297141 0.159502 -0.0184379 0.190872 0.171552 -0.153971 -0.0338388 
-0.0684681 0.266122 0.158565 0.230221 0.152595 0.0257431 -0.335096 -0.183878 0.0619814 0.161386 -0.161989 -0.0589589 0.276417 -0.0533539 0.0539791 0.456503 
-0.314629 0.0267575 -0.173872 0.167564 -0.120199 -0.141234 -0.384835 -0.0751582 0.0465917 0.295945 -0.0763456 -0.0724488 -0.0165319 0.712812 -0.0136633 0.492109 
-0.516123 -0.0198953 0.645824 -0.0708504 -0.244518 0.0514127 -0.0781141 -0.360521 -0.283176 0.700451 -0.193422 0.168118 -0.492553 -0.963544 -0.178688 -0.40257 
-0.0430397 -0.0376047 0.372589 -0.143831 -0.0747867 -0.362843 0.461876 -0.449447 -0.609613 -0.304005 0.109631 0.165558 -0.607423 0.293021 0.0195598 0.103333 
-0.531464 0.521463 0.115088 0.0452853 0.115695 0.391946 0.479011 0.553492 0.1106 0.113914 0.103504 0.141404 -0.127483 -0.00332002 0.432638 0.166284 
-0.672331 0.105836 -0.118925 0.0927987 0.349323 -0.126427 0.129379 -0.0529312 1.11556 0.297087 0.482607 0.105263 0.306704 -0.743153 0.43422 0.125028 
-0.0173544 -0.344677 -0.417102 -0.091778 0.862249 0.36393 -0.685545 0.563301 0.057663 -0.107315 0.42828 0.164858 -0.381371 0.563809 -0.222957 -0.789933 
0.103716 -0.460504 -0.510012 0.418123 -0.307206 -0.0548398 0.279494 0.237645 0.100109 0.150999 0.871016 0.307717 0.218675 0.422292 -0.439723 0.612721 
0.296717 0.115594 0.427957 0.467327 0.00469478 0.000323126 -0.269538 -0.286804 -0.142042 -0.170905 0.305609 0.0712506 -0.0129147 0.135289 0.0125357 -0.66453 
0.404929 -0.308375 -0.541634 0.621493 -0.554929 0.231736 0.766585 -0.555079 0.122608 0.28112 0.778859 0.741407 -0.08947 0.0423771 0.503098 -0.228878 
-0.70635 0.723689 0.109469 -0.179039 -0.0230534 -0.0781811 0.43887 0.208003 0.254088 -0.287167 -0.495447 0.735903 -0.364439 0.16884 0.218404 0.734454 
-0.521306 -0.36573 -0.512837 0.407022 0.00257775 0.307496 0.275945 -0.184611 -0.842653 -0.135916 -0.425585 -0.264144 -0.107944 0.309535 -0.809336 0.337035 
0.235418 -0.40827 -0.183883 -0.121058 0.84677 0.346177 -1.03422 -0.0633326 0.280756 0.29372 0.454474 0.138331 -0.296689 -0.447013 -0.480761 0.776693 
pop 9 layer 2
dims 4 16
-0.128734 0.284118 0.184911 0.462409 0.512857 0.0314247 0.0782105 0.432588 -0.477647 0.0313805 0.0303981 -0.404617 -0.0951519 0.422775 0.0659734 0.0518993 
0.32133 -0.213432 -0.305614 -0.39208 0.115023 -0.129255 0.36405 0.0905105 0.40541 -0.536814 -0.128154 0.309439 0.662547 -0.212062 0.0672557 -0.439532 
-0.158251 0.117577 0.398121 0.775533 0.138892 -0.5478 -0.109678 -0.701962 0.469679 -0.190899 0.0307325 0.018397 -0.130417 -0.637799 0.0976991 0.309039 
-0.00138306 0.252754 0.194041 -0.329895 0.459499 -0.215241 0.124292 -0.117719 0.0410359 -0.0746365 0.468361 -0.0259166 0.290339 -0.498448 -0.523449 0.448558 
vWeights_end
generator 3901258170 1207102098 2089144644 1676554882 3620883856 1309425233 2226698399 1660542333 3349054548 3206694749 465918801 3258332378 3069842317 947538909 1441939560 541119646 3549346330 3378935595 3651442587 585319050 2523729795 4126566856 2015976053 1578235932 995893637 2450475725 723038912 1920341762 4020315067 3936245655 97121185 3194398466 629365130 1920369218 3249311018 3446759539 1157692400 2903113644 1711750453 3929421021 1303655633 103123114 3681410435 571490196 1027346738 2821046760 3870501180 3701413011 1042937862 3037145812 3639936715 1882319448 3259140630 3604896763 944654674 2171767761 2053550809 3819332246 1256762218 1093413899 2333116474 1059097875 3923025475 1435984674 3504805467 3595121978 2580050924 378790657 1101567390 2349671297 443503525 266810037 2172027612 1102836629 4241479476 2960424475 940959109 1653105295 3513637029 3044683756 3206397639 3377433431 160848968 1446229689 862444761 4201495286 2842821348 2270842901 4254316936 1216251194 3952664338 1284859794 2041249771 2290995495 3490537822 3661642904 3487279049 1777075663 1885084585 1271697313 2852533609 797246524 687923447 1317624841 2362767331 3337742981 544352400 3576818357 526556661 1504580010 2041845666 3822331438 2863478251 2444826550 4144466527 3119263109 2487200337 458714739 2651888417 212620911 3398889097 3585301127 1005929420 3499978363 1665120902 1053142027 3713064485 1306380182 2698865878 132282896 177716557 3058477560 1596437898 379643291 924991070 3049142849 3660874090 283701204 2648603892 4217563069 4033275159 750773092 4104453804 625219237 1491185857 2746243240 3306089055 1432183310 1225951686 36732319 3626566974 305605591 1942155889 1952837747 3864039922 1832043796 1654980210 2549676918 1764559066 541582607 735058767 4232750664 2892345368 1397265872 2883369523 4249978940 117395653 820521718 1410935340 2918138153 549020828 1639230120 1966370085 969025660 2342130960 1082188295 3890602702 2939039054 2521195207 105278591 2249698007 2843727132 3296776952 2441088623 654988806 673630706 915997154 3729300889 710738326 3140670633 2294029521 2792015079 2738615590 1421452956 595206974 1334476897 2466313974 1084982864 4091776920 2547365608 3428348117 47685753 1964029406 3308895500 2036459437 3705747219 44414286 3147821085 2244500115 3520344798 3696954649 2050106012 285520747 3461207673 1647468346 3522164236 122269444 3547489085 1374207912 3813210330 657397825 1190134047 3328905198 4043704477 3996884521 1487242441 4058259837 3448809130 1629531517 2813758154 223919774 3281060905 3166460498 949963675 61598723 3520176693 1313464252 4150885118 3810099439 1594591083 1606149503 2760403830 1591773397 56006300 72558017 1569939608 2011233754 1640912017 791623652 276619915 296873685 3847024479 4087948593 2300697647 1048347372 2886990417 577817439 1548633778 3901149080 1626648927 2229232126 592883415 2862030317 433936759 1315914761 2316675046 4267252725 2624739111 598156244 1940707362 4120666393 2770121191 4052322984 3737179266 2080280714 1012855210 2686686603 3502330630 4237401317 4115700963 707414752 4058464549 607076766 332150670 2138029504 2703746067 2080361941 540206355 876900902 2115929430 2190504730 280583124 725404017 837663328 997559592 3199381474 2932399532 3669045675 3567984996 3714453642 549225031 1895238115 892071652 2896190907 1341828951 3660032833 1842276899 1183704088 4138488428 3074005235 1113298823 1235447875 3090174454 1127174010 4127713240 962381069 3850008359 1198404235 1994308003 2267613994 3001799414 1391365496 2189905544 4129229577 2011350676 2952990227 589873527 4259354529 983081203 3346826741 3240836743 2707313137 365491841 4086150873 899297244 3688772313 1937849779 1124974206 1393127036 4265772482 1521663795 3993695054 1549182026 3220247607 2646027040 2230985181 2915882302 6938833 215487565 3556553332 3074716661 1839219352 1314068482 1737532459 1105230284 2818628715 2619813348 2209252233 2412400379 3630530948 3525798059 2521624857 1419991343 3888672444 54019350 77656728 3090668991 1724925102 3484415842 3971751712 3114161353 206797373 3158168819 280988998 746595262 2950554084 1319141460 1335555722 5406527 1446374176 2817827158 1279014931 337267223 3422652369 2374870718 799157191 1722158624 4277399743 2966782551 3728679393 7130817 2431647281 2634372622 353011546 482092869 1514086773 3545781495 3338491430 1710859057 1513530018 364658634 2399886099 1107882115 4120741248 2143025203 956056786 1064386019 2110348078 3656756735 459919260 48226987 3617879810 3440267283 2865946726 3929516216 2596322590 1179142953 4072506113 652169627 2632834759 21241564 1143175131 3639907494 2509300143 3625573391 2677758560 3496858855 2195005525 119996141 3627024451 3680992923 2196450303 3209075808 3653927510 461959031 1466887506 2295963959 1747576953 3622526810 124815198 3691819489 2614383722 3434731835 3271262948 1830882553 872171671 2323429239 1554928087 3916510965 2361561214 3017250208 882170725 843203803 1031556566 2287159720 1843238335 3515757836 974598740 4027327326 1544885838 1432328272 2820815193 806312484 2228033194 1664159617 3978122414 995703980 4254093175 3892396729 1856804637 3255437523 2432921188 3731862838 313619862 794370686 3016007464 2053600449 4064177222 902332347 2235991283 2199729178 2725064965 4279384270 554373047 530800327 2565717639 2226074770 3549998149 919227386 195371872 1047866961 2478292035 1234638226 1979273098 1695349007 820049804 3652325378 2650319516 2170969902 116620500 4061623739 1924275820 4171210194 1090451638 406510358 3014953429 1466374985 2473020276 874316887 3192505137 83519022 2426454897 711124701 3396203946 3851139045 3686466261 3974539768 1222947961 422669745 793150716 2080703618 2692356692 3255039502 2453624435 563466420 2873224134 2920517243 788803430 1686512557 3707802006 3524046530 643689751 3812607081 73120471 453419045 787037547 3580643743 2563964520 698228138 1276337482 3638262157 1358147582 3233372579 4286326052 3772115581 1579894770 2584467256 2524912785 3560367455 3895268550 552639314 2151234148 1836020934 3765617468 1100109912 2569872255 123006272 1230394466 3482967654 2339796054 807899539 1346903941 3685456311 3761593750 3681700494 846104493 278660014 3503740618 951697584 3238581922 1975013088 1911842934 2875119102 3582201165 4272015267 1103369778 354166853 13137451 2730852258 3432750259 1509195936 4197407241 2977946381 3438648659 1933682839 1253858501 964241408 3575812371 1887107365 3360896994 2797747305 2286291697 3523168504 2708518343 1638335002 1256603381 3976494719 3515303721 65551634 68120172 864201099 840250027 715101694 3160668861 965686318 3129307095 3652211595 1064982775 171037461 3367683339 1106652263 697277007 3989243254 2226237060 279311172 3061328094 2686970360 2455409387 1983558432 768582947 3509624042 2033326971 1740843376 3877398570
