sName lunar_lander
version 1
nEpochs 1250
nPopSize 100
nTop 10
act 1
populationStrategy 2
randomInjectionRatio 0.35
nLayers 4
vSize 5 16 16 4 
vBiases_start
pop 0 layer 0
dims 16 1
-0.250962 
0.243322 
-0.298847 
-0.23308 
0.148908 
-0.137363 
0.0335698 
0.142374 
-0.253941 
0.1509 
0.186808 
-0.303106 
-0.205455 
0.0789631 
-0.190681 
0.378121 
pop 0 layer 1
dims 16 1
-0.366176 
0.0160569 
-0.345038 
0.252087 
0.13293 
0.164241 
0.32703 
0.583637 
0.270131 
-0.0502951 
0.358927 
0.429252 
0.230804 
0.0888117 
-0.150851 
-0.180408 
pop 0 layer 2
dims 4 1
-0.259979 
0.0639805 
0.0293065 
0.146108 
pop 1 layer 0
dims 16 1
-0.216229 
0.334241 
-0.40968 
-0.375515 
0.0182722 
-0.2472 
-0.043927 
-0.0402226 
-0.0674657 
0.0249243 
0.121694 
-0.100118 
-0.224693 
-0.0547398 
-0.296497 
0.332241 
pop 1 layer 1
dims 16 1
-0.130522 
-0.470012 
-0.157049 
0.32771 
-0.0134227 
0.11652 
0.400682 
0.482256 
0.232317 
0.489023 
0.348132 
0.690558 
0.202632 
0.00504595 
-0.324729 
-0.0480703 
pop 1 layer 2
dims 4 1
-0.375856 
-0.180707 
0.04059 
-0.00923046 
pop 2 layer 0
dims 16 1
-0.210012 
0.288393 
-0.369598 
-0.214116 
0.0406176 
-0.162749 
-0.00748099 
0.123769 
-0.0870721 
0.159816 
0.133419 
-0.228411 
-0.323585 
-0.0603154 
-0.202577 
0.359091 
pop 2 layer 1
dims 16 1
-0.268281 
-0.0839674 
-0.379297 
0.163795 
0.126581 
0.0234479 
0.414987 
0.564665 
0.205395 
0.239942 
0.236578 
0.588885 
0.109828 
0.124755 
-0.266328 
-0.15402 
pop 2 layer 2
dims 4 1
-0.28101 
0.0260937 
0.0212542 
-0.048715 
pop 3 layer 0
dims 16 1
-0.223849 
0.303781 
-0.351022 
-0.259951 
-0.147328 
-0.153011 
-0.152429 
0.199547 
-0.0255091 
0.0135529 
0.163169 
-0.164663 
-0.311746 
-0.254371 
-0.0497227 
0.435248 
pop 3 layer 1
dims 16 1
-0.145632 
-0.198519 
-0.808434 
0.407254 
-0.0281285 
0.355373 
0.507197 
0.261672 
0.547398 
0.301443 
0.108662 
0.332083 
0.437927 
0.136854 
-0.570079 
0.329878 
pop 3 layer 2
dims 4 1
-0.390137 
0.126649 
0.241066 
0.09468 
pop 4 layer 0
dims 16 1
-0.475435 
0.217178 
-0.37651 
-0.347423 
0.116252 
0.015828 
-0.275181 
-0.0691939 
0.100616 
0.108297 
-0.0182327 
-0.372182 
-0.284783 
-0.244731 
-0.160455 
0.303837 
pop 4 layer 1
dims 16 1
0.0399591 
-0.33084 
-0.461425 
0.207131 
0.140497 
0.209028 
0.41274 
0.461805 
0.361146 
0.705194 
0.107244 
0.644224 
0.275435 
-0.100384 
-0.536112 
-0.389565 
pop 4 layer 2
dims 4 1
-0.48506 
0.282831 
-0.00653782 
-0.116177 
pop 5 layer 0
dims 16 1
-0.205491 
0.235181 
-0.437811 
-0.320482 
0.0293842 
-0.336833 
-0.0216639 
-0.0468444 
-0.107822 
-0.06823 
0.0191642 
-0.125787 
-0.0404478 
0.0233252 
-0.264702 
0.277444 
pop 5 layer 1
dims 16 1
-0.196342 
-0.420188 
-0.419505 
0.217701 
-0.0817964 
0.110752 
0.427339 
0.406625 
0.205147 
0.404142 
0.199938 
0.525102 
0.204169 
-0.168245 
-0.471627 
-0.0958543 
pop 5 layer 2
dims 4 1
-0.119987 
-0.252097 
0.131866 
-0.01517 
pop 6 layer 0
dims 16 1
-0.416092 
0.251034 
-0.381828 
-0.261444 
-0.0665889 
-0.178167 
0.018605 
-0.13895 
-0.109508 
0.103878 
0.167281 
-0.235846 
-0.474547 
-0.272777 
-0.129666 
0.46794 
pop 6 layer 1
dims 16 1
0.00773408 
-0.412096 
-0.335733 
0.061156 
0.103804 
0.00861671 
0.21508 
0.353056 
0.300328 
0.468136 
0.129062 
0.595808 
0.154297 
0.0940843 
-0.352949 
-0.244609 
pop 6 layer 2
dims 4 1
-0.374012 
0.120292 
0.0329104 
-0.0320113 
pop 7 layer 0
dims 16 1
-0.205945 
0.162271 
-0.247445 
-0.272944 
0.0349023 
-0.135765 
0.100619 
0.157143 
-0.353697 
0.187386 
0.00613383 
-0.244912 
-0.200735 
0.0763557 
-0.269745 
0.300891 
pop 7 layer 1
dims 16 1
-0.220812 
-0.0293582 
-0.2178 
0.0762809 
0.0870507 
0.146723 
0.377892 
0.468868 
0.161361 
0.0834263 
0.305533 
0.291819 
0.0992713 
-0.001262 
-0.266211 
-0.102982 
pop 7 layer 2
dims 4 1
-0.235201 
-0.107178 
0.0341535 
0.0316269 
pop 8 layer 0
dims 16 1
-0.196824 
-0.00882394 
-0.429694 
-0.0340768 
-0.169551 
-0.245362 
-0.284063 
-0.167714 
0.0730187 
0.406647 
-0.0751888 
-0.123412 
-0.43408 
-0.139754 
-0.21509 
0.0819163 
pop 8 layer 1
dims 16 1
-0.0046864 
-0.163301 
-0.556902 
0.447489 
0.344245 
-0.375969 
0.204311 
0.38684 
0.407138 
0.394794 
0.057783 
0.711238 
0.167446 
0.174552 
-0.388447 
-0.427986 
pop 8 layer 2
dims 4 1
-0.441421 
0.140641 
-0.0705321 
0.0981535 
pop 9 layer 0
dims 16 1
-0.188274 
-0.113284 
-0.617588 
-0.146905 
0.108435 
-0.161319 
-0.111298 
-0.145185 
0.128414 
0.264387 
0.00611425 
-0.331721 
-0.375528 
-0.101286 
-0.207678 
0.335545 
pop 9 layer 1
dims 16 1
-0.086355 
-0.331897 
-0.37455 
0.154186 
-0.0135799 
0.0184748 
0.00850677 
0.541466 
0.370625 
0.516025 
0.195514 
0.608772 
0.0858508 
0.190527 
-0.372102 
-0.196834 
pop 9 layer 2
dims 4 1
-0.442497 
0.108218 
0.0866714 
-0.0518898 
vBiases_end
vWeights_start
pop 0 layer 0
dims 16 5
-0.0644531 -0.251838 0.0352691 0.447456 0.0674107 
0.39729 0.192937 0.135123 0.242002 -0.226971 
-0.287557 0.346361 -0.180171 0.638582 0.390044 
-0.0168588 0.365046 -0.107288 0.0172803 0.00644011 
-0.133966 0.0793088 -0.18991 -0.243427 0.135063 
-0.0873983 0.170264 -0.184057 -0.349164 -0.332875 
0.233176 0.276108 -0.228853 0.240309 0.0104984 
0.0840349 -0.0732579 -0.0558092 -0.207529 -0.0642846 
-0.416329 -0.230959 0.144908 0.185604 0.312529 
0.231942 0.233397 0.0556645 -0.210951 -0.495524 
-0.141998 -0.284442 -0.604302 0.613762 0.20986 
-0.0965704 0.305224 -0.336755 0.0471208 -0.00206763 
-0.175794 -0.142782 0.00701722 -0.0831876 0.25853 
0.0118843 0.776748 -0.322517 0.0741529 -0.0115919 
0.0269357 0.217273 -0.0917646 0.272711 -0.0471324 
0.123511 -0.353378 -0.230094 -0.126202 -0.980117 
pop 0 layer 1
dims 16 16
0.188557 -0.039682 0.337756 0.0333647 -0.143317 0.244428 -0.486625 -0.367794 0.0220808 -0.422254 -0.457087 0.371487 -0.443548 0.517163 -0.404459 0.487843 
-0.00883681 -0.558228 -0.275966 -0.244363 -0.105677 0.0208159 -0.292876 0.394148 -0.445878 -0.128842 -0.377009 -0.108375 0.344244 0.267813 0.409197 -0.12274 
-0.288934 -0.0817988 -0.372283 -0.0919542 -0.0155959 -0.185253 0.00966433 0.19279 0.486596 0.366051 0.218878 0.0695524 0.12275 -0.182146 -0.279501 0.345167 
0.0940521 0.254801 -0.014733 0.352961 0.078308 -0.340273 -0.723122 -0.0326764 0.152228 0.367575 -0.3376 -0.648966 -0.204796 -0.0920329 -0.246743 0.262544 
-0.108041 0.220286 -0.553228 0.351413 0.109634 0.237129 0.0976103 -0.366151 0.174647 -0.37848 -0.0219669 0.304146 0.14637 0.679827 0.205938 0.50157 
0.053628 -0.118239 0.261787 0.163651 0.266808 -0.152207 -0.113943 -0.449619 -0.0404634 0.493685 -0.202972 0.217935 -0.34874 -0.271028 -0.362757 -0.287309 
0.143762 -0.0649386 0.148106 0.347374 -0.290026 -0.0303155 0.216757 -0.14549 -0.0368125 0.355826 0.412649 0.129841 -0.16957 0.182443 0.803086 0.117865 
-0.0518065 -0.195887 0.15676 0.320649 0.374655 0.289584 0.279691 0.344468 0.115563 -0.23173 0.176122 0.177066 0.0274225 0.104084 0.494486 0.159227 
-0.218897 0.0788105 0.0398349 -0.386576 0.329208 -0.179727 0.191715 -0.0114806 0.766397 0.223036 0.0900123 0.218502 -0.0329842 -0.100012 0.105732 0.10012 
0.0498654 0.20796 -0.489753 -0.104674 0.644108 0.317666 -0.421399 0.379944 0.00950623 0.142522 -0.240454 0.0608992 -0.386279 0.496642 -0.0949451 -0.0488619 
-0.0691167 0.163456 -0.195221 0.419746 -0.513416 0.115232 0.309576 0.0918061 0.276733 0.124625 0.614846 0.259813 0.447095 0.102812 -0.449184 0.398626 
0.361403 0.313535 0.289296 0.332141 0.216509 -0.0745169 -0.575071 -0.0783302 0.230469 -0.137401 0.389508 0.387846 -0.0516293 -0.0837784 0.276387 -0.504658 
0.132461 -0.482186 -0.639467 -0.00897487 0.278652 -0.441878 0.375049 -0.200507 0.349312 -0.16093 0.651579 0.419176 -0.111611 0.0276603 0.407788 -0.410533 
-0.0914664 0.643144 0.204511 -0.356343 -0.284503 -0.201893 0.544945 -0.0976535 0.230093 -0.115937 -0.203074 0.33034 -0.283727 0.286229 -0.292826 0.470855 
0.0679342 0.130576 -0.393812 0.883477 0.0715758 0.428278 0.592444 -0.0705289 -0.490541 -0.316561 -0.394629 -0.00550946 -0.416646 -0.0201372 0.0254268 -0.0463009 
0.015152 -0.300229 -0.311143 -0.295486 0.391681 -0.0177733 -0.234117 0.22382 -0.0789513 0.303278 0.276229 0.0506565 -0.455739 0.045548 -0.308173 0.462188 
pop 0 layer 2
dims 4 16
-0.114435 0.167046 0.104377 0.453745 0.566394 0.162593 -0.00305885 0.215928 -0.27086 0.0500927 0.029537 -0.409807 -0.202141 0.196298 0.0203076 -0.118439 
0.047065 -0.095945 -0.216715 -0.0230519 0.588925 -0.058394 0.0407997 0.118903 0.247469 -0.55146 -0.0155308 0.148359 0.648501 -0.204534 0.164127 -0.406593 
-0.150596 0.255664 0.182192 0.715776 -0.0566226 -0.38879 0.118754 -0.630372 0.385572 0.00768878 -0.00580636 0.130419 -0.256746 -0.546509 0.208269 0.38892 
-0.0488413 -0.0596101 -0.0751911 -0.0316159 0.356916 -0.607824 0.391219 -0.160477 0.1138 -0.157759 0.12945 -0.0227056 -0.00473288 -0.480469 -0.41234 0.58391 
pop 1 layer 0
dims 16 5
-0.136327 -0.325072 0.0256672 0.603255 -0.156511 
0.254569 0.313117 0.0164089 0.121123 -0.326069 
-0.212011 0.369774 0.0390441 0.289677 0.44756 
0.0750686 0.288767 -0.0587132 0.0806795 0.0443165 
-0.0943975 0.0530247 -0.184826 -0.178975 -0.214538 
-0.234886 -0.103654 -0.135263 -0.203474 -0.162107 
0.361348 0.233525 0.0548928 0.173147 0.235198 
0.0711494 -0.0731745 -0.103122 -0.475264 -0.388338 
-0.557185 -0.362674 0.213705 -0.0494636 0.159892 
0.126813 0.223542 -0.0682965 -0.423549 -0.233669 
-0.065925 -0.0738633 -0.595885 0.40361 0.0643384 
0.145827 0.414296 -0.21318 0.196389 -0.117227 
0.124052 0.159259 -0.103042 -0.045858 0.33495 
0.0264876 0.552994 -0.481732 0.224653 0.159622 
-0.0179213 0.264625 -0.291981 0.377778 -0.0729616 
0.331803 -0.451147 -0.112829 -0.163829 -0.748217 
pop 1 layer 1
dims 16 16
0.722382 -0.472328 0.0439165 -0.115293 -0.0928408 0.0545308 -0.570729 -0.647937 0.241427 -0.638289 -0.55983 0.300211 -0.479148 0.225943 -0.341227 -0.218684 
0.187261 -0.095052 -0.325959 -0.11004 -0.00396635 0.344069 -0.185902 0.686251 -0.3223 -0.174791 -0.77213 -0.138409 0.468414 0.496922 0.519759 -0.270554 
-0.484548 -0.037473 -0.465703 -0.160353 -0.17238 -0.155066 0.15186 0.334138 0.615194 0.161448 -0.0365504 0.079197 0.180372 -0.0292093 -0.29471 0.167791 
-0.155002 0.0303511 0.000604787 0.199543 0.13004 -0.05477 -0.867896 0.15025 -0.336026 0.157864 -0.325952 -0.476211 0.209593 -0.140534 -0.0246285 0.120862 
-0.00420134 0.252048 -0.0563745 0.376896 -0.013651 -0.108781 -0.167527 -0.172372 0.322107 0.115318 -0.187972 0.386322 -0.0423322 0.556342 -0.210547 0.601893 
0.0199228 -0.351202 0.4597 0.0252049 -0.0388593 -0.164534 -0.0338332 -0.607952 -0.161189 0.454808 0.342174 0.0621942 -0.859515 -0.997241 -0.189424 -0.181342 
0.242628 -0.0418074 -0.00503963 0.189379 -0.40085 -0.10821 -0.240665 -0.13601 -0.284485 -0.334418 0.119953 0.117469 -0.277258 -0.0320466 0.472838 0.154112 
-0.380298 0.490582 0.54053 0.332135 0.558639 0.154671 0.31753 0.693067 -0.0898781 -0.0740251 0.29166 -0.400538 0.27757 0.091759 0.225358 0.0367289 
-0.51026 -0.174783 -0.181129 -0.337092 0.506103 0.321951 -0.163534 -0.0764115 0.708448 0.446876 0.00822144 -0.0240121 -0.0459965 -0.244091 0.00140777 0.0215955 
-0.426426 -0.175814 -0.305671 -0.235987 0.514192 0.368049 -0.91232 0.652164 -0.258763 -0.119105 -0.254916 -0.0920712 -0.276105 0.257192 -0.230739 -0.295494 
-0.0509712 -0.297303 -0.647285 0.572968 -0.333079 0.288133 0.413073 0.00377999 0.549983 0.369643 0.776155 0.366052 0.458053 0.397358 -0.449874 0.537204 
0.610747 0.352609 0.366176 0.225901 -0.0169483 0.0766806 -0.393967 -0.110682 0.141493 -0.1424 0.220835 0.460978 0.119667 -0.104349 0.443838 -0.733304 
0.242284 -0.624818 -0.421612 -0.0348626 -0.0065244 0.311343 0.206163 -0.520792 -0.0209741 -0.216664 0.955431 0.25626 -0.0695246 -0.019905 0.344527 -0.449552 
-0.527595 0.565541 0.178402 -0.405533 -0.403599 0.0849719 0.542935 0.31224 0.443075 0.0819223 -0.195699 0.627781 -0.147087 0.189578 0.0260825 0.554996 
-0.306444 -0.473489 -0.384019 0.5761 0.195935 0.327406 0.594147 -0.574741 -0.618856 -0.282351 -0.353307 0.0198745 -0.628757 -0.197862 0.0554999 0.0775663 
-0.0509287 -0.433863 0.11765 -0.126303 0.392258 0.193082 -0.728375 0.00345406 0.00748716 0.11069 0.223196 0.066017 -0.32495 -0.00309402 -0.308152 0.635156 
pop 1 layer 2
dims 4 16
0.254794 0.35464 0.146078 0.554408 0.320962 0.222533 0.166248 0.368733 -0.176669 0.00490087 -0.139163 -0.194138 -0.145439 0.259684 -0.18109 -0.156225 
0.378232 0.0547302 0.103613 -0.269889 0.541296 -0.211933 0.368019 0.141029 0.280454 -0.54336 -0.157372 0.147226 0.75556 -0.18739 -0.00137776 -0.350245 
-0.351599 0.430778 0.280088 0.822062 -0.0661578 -0.559269 0.0734306 -0.795657 0.184928 -0.142861 0.140124 -0.0146211 -0.168007 -0.816499 0.232925 0.314244 
-0.132657 0.383268 -0.0475798 -0.162231 0.454032 -0.678735 0.421047 -0.0795402 0.205848 -0.217501 0.109218 -0.171433 0.118721 -0.801499 -0.575865 0.420297 
pop 2 layer 0
dims 16 5
-0.0700192 -0.195843 -0.00926915 0.440429 0.163908 
0.356755 0.337759 0.0477856 0.117948 -0.27486 
-0.101034 0.468379 -0.362421 0.47265 0.334353 
-0.146285 0.400379 -0.0311455 0.160704 -0.105537 
-0.197943 0.133708 -0.229914 -0.240792 0.0104389 
0.000961428 0.0502611 -0.164534 -0.216337 -0.26861 
0.237463 0.394037 -0.0120825 0.155985 0.0341309 
0.0513948 -0.0101746 -0.0687851 -0.233259 -0.178107 
-0.476026 -0.264894 0.269477 -0.062445 0.216504 
0.113609 0.330763 -0.00115578 -0.0842607 -0.41239 
-0.176069 -0.0906137 -0.613866 0.502866 0.0842944 
0.058207 0.401337 -0.293235 0.180448 -0.0533739 
-0.0400428 0.00425819 -0.132621 -0.0347077 0.381389 
0.0339887 0.770591 -0.384143 0.109025 0.0492986 
-0.102384 0.143311 -0.161146 0.244747 0.0253032 
0.177613 -0.330966 -0.0202725 -0.028395 -1.12675 
pop 2 layer 1
dims 16 16
0.331909 -0.240649 0.253606 0.20463 -0.250059 0.189781 -0.438865 -0.462664 -0.0512219 -0.221166 -0.502775 0.258478 -0.515864 0.537569 -0.445662 0.567768 
-0.116023 -0.489095 -0.281208 -0.254081 -0.0563606 0.180217 -0.36738 0.514805 -0.360752 0.0258316 -0.529052 0.0918157 0.241688 0.438323 0.573598 -0.11482 
-0.335728 -0.201776 -0.367245 -0.293321 -0.0200807 -0.363239 0.377718 0.291897 0.483784 0.362113 0.138088 0.0997479 0.135445 -0.112243 -0.182091 0.197678 
0.095035 0.14688 -0.167231 0.315569 -0.00221325 -0.224093 -0.684389 -0.046334 0.0101002 0.114202 -0.408717 -0.523019 -0.0268742 -0.22507 -0.0966314 0.293329 
0.0527705 0.0309672 -0.399507 0.0931618 0.0558326 0.224099 0.107787 -0.523893 0.378706 -0.167881 -0.0110075 0.167404 0.0463976 0.652435 0.0931026 0.408692 
-0.0617308 -0.13587 0.268675 0.17497 0.111683 -0.290291 -0.0350648 -0.562808 -0.181973 0.508768 -0.285637 0.209558 -0.448729 -0.408381 -0.448836 -0.30871 
0.0685867 -0.129469 0.12715 0.239755 -0.358504 -0.174307 0.120536 -0.0994689 -0.121588 0.186511 0.497158 0.127344 -0.189696 0.120146 0.760143 0.102613 
0.0437037 -0.0371624 0.0291318 0.319449 0.42921 0.224237 0.163374 0.533459 0.218593 -0.337523 0.315311 0.353522 0.108284 0.0409689 0.28013 0.296993 
-0.181919 -0.028371 0.19497 -0.324818 0.359083 -0.102209 0.052589 0.0548263 0.795412 0.24606 0.269795 0.108464 0.0134596 0.0824941 0.16095 0.158024 
-0.277565 -0.0255352 -0.57797 0.0325134 0.459438 0.230846 -0.438894 0.259782 -0.0328747 -0.0356153 -0.190012 0.131799 -0.510238 0.399049 -0.0605195 -0.146062 
-0.0501473 0.0250709 -0.257215 0.490885 -0.360691 0.100548 0.186732 0.204141 0.403108 0.167896 0.677082 0.270126 0.395602 -0.0405977 -0.622096 0.49517 
0.306984 0.326578 0.325218 0.23608 0.335908 -0.116975 -0.531143 0.0734853 0.164235 -0.134711 0.376621 0.377401 -0.317602 -0.0500139 0.3712 -0.591368 
0.19035 -0.606197 -0.684356 0.0442393 0.122534 -0.347106 0.365052 -0.244412 0.273486 -0.352907 0.65668 0.343692 -0.0114666 -0.0745038 0.48348 -0.523236 
-0.154127 0.589971 0.146944 -0.362417 -0.277586 -0.259632 0.742261 -0.109608 0.165715 -0.168758 -0.370463 0.429239 -0.0690648 0.343772 -0.0865302 0.609297 
0.0675489 -0.0969149 -0.431755 1.02027 0.251835 0.314692 0.603253 -0.0499896 -0.50077 -0.249883 -0.4711 0.114598 -0.696562 -0.026395 0.0898866 0.0340013 
0.0420298 -0.304737 -0.166737 -0.14296 0.47003 0.0105123 -0.44146 0.176377 -0.126504 0.383877 0.266613 0.0595461 -0.471204 0.15078 -0.40872 0.454636 
pop 2 layer 2
dims 4 16
0.03965 0.320832 -0.0749862 0.464765 0.452875 0.32217 0.00415017 0.250525 -0.345054 -0.057034 -0.128272 -0.341318 -0.205135 0.212713 0.0229492 -0.0565998 
0.128832 -0.052075 -0.139856 -0.136015 0.519371 -0.0408462 0.207412 0.244409 0.211174 -0.46184 -0.174907 0.0633769 0.665449 -0.172332 0.0442822 -0.565299 
-0.228459 0.249026 0.285373 0.8372 0.00773922 -0.619587 0.135965 -0.712803 0.323645 -0.0133151 -0.035091 -0.0257987 -0.205824 -0.606129 0.131553 0.168171 
-0.163803 0.0505956 0.0176168 -0.0669921 0.452236 -0.606339 0.387396 -0.129956 0.119838 -0.216797 0.0814573 -0.101406 0.0206231 -0.563456 -0.491788 0.635688 
pop 3 layer 0
dims 16 5
0.021396 -0.409659 0.0905404 0.562158 -0.0557298 
0.240436 0.149119 -0.0143376 0.0327516 -0.264717 
-0.335667 0.580145 -0.181062 0.378475 0.254957 
-0.0751025 0.252484 -0.0367372 0.00997697 0.0357133 
-0.271355 0.0840189 -0.167881 -0.193904 -0.224972 
-0.24117 -0.0668762 -0.0897481 -0.00249367 -0.257935 
0.0331572 0.212042 -0.0162928 0.261216 0.287055 
0.183377 0.0658193 -0.0684878 -0.266855 0.0358035 
-0.48567 -0.148635 0.164575 0.0474835 0.162645 
0.334176 0.298147 -0.178709 -0.280139 -0.258643 
-0.0443637 -0.0437362 -0.552384 0.439932 -0.0671996 
0.0263754 0.328725 -0.250812 0.155655 -0.29578 
0.0407095 -0.0742244 -0.121552 -0.0372485 0.304323 
-0.238604 0.673091 -0.492795 0.373729 -0.0587098 
-0.128635 0.232317 -0.556079 0.276838 0.0334338 
0.346556 -0.419722 -0.211302 -0.114653 -1.05061 
pop 3 layer 1
dims 16 16
0.638191 -0.354004 -0.0397008 0.379647 0.0719205 0.36175 -1.11556 -0.88617 0.524139 -0.58267 -0.606852 0.42127 -0.630496 0.17133 -0.259544 0.00130621 
0.0828318 0.0837618 -0.161252 0.00819512 -0.182372 0.288801 -0.42114 0.308767 -0.0449544 0.0375298 -1.52961 -0.276436 0.188013 0.293831 0.303592 -0.368395 
-0.419927 -0.27088 -0.180968 -0.395858 -0.504285 0.0534719 -0.0856928 0.571462 0.57254 0.382307 0.16876 -0.102282 0.201216 0.162079 -0.170872 -0.071864 
-0.0520492 0.290876 0.152651 0.19526 0.279265 0.131387 -0.537402 -0.240293 0.0158702 0.225313 -0.201608 -0.227129 0.200773 -0.115828 0.0840205 0.533491 
-0.439036 -0.0360496 -0.0595523 0.236372 -0.168043 -0.13861 -0.286418 -0.137943 0.0814842 0.375632 -0.183438 0.00986209 -0.225968 0.769632 0.0357297 0.394019 
-0.554891 0.100309 0.632782 -0.163175 -0.195082 -0.116007 -0.0794242 -0.496904 -0.429397 0.96553 -0.167915 0.12593 -0.567794 -0.997308 -0.114473 -0.369746 
-0.140169 0.079743 0.268218 -0.111455 -0.168179 -0.297775 0.393086 -0.58195 -0.575432 -0.31043 0.205611 0.23371 -0.460028 0.239643 0.20009 0.0956044 
-0.563597 0.574969 0.239903 0.00727914 0.234697 0.442632 0.46884 0.660003 0.139038 -0.0255496 0.217233 0.217186 -0.0693141 -0.150017 0.320078 0.165491 
-0.706253 0.130899 -0.209158 -0.104408 0.321778 -0.0446466 0.202079 0.0823398 1.25987 0.176905 0.513347 0.0783573 0.208946 -0.704724 0.306484 0.238127 
0.0224987 -0.353364 -0.580458 -0.103248 0.787016 0.37225 -0.867101 0.608488 0.161556 -0.0622482 0.465372 0.196039 -0.464848 0.404047 -0.32804 -0.76362 
0.109362 -0.283192 -0.677927 0.668169 -0.380218 0.0268756 0.28614 0.265076 0.235054 0.261696 0.919126 0.245647 0.233908 0.358048 -0.470836 0.724269 
0.387757 0.30773 0.565411 0.559498 -0.0685441 0.107034 -0.463265 -0.274576 -0.0765091 -0.097477 0.33313 0.0409477 -0.0395231 0.0160988 -0.0412579 -0.803804 
0.413638 -0.477801 -0.582405 0.861462 -0.604231 0.282598 0.854119 -0.541714 0.0614582 0.255061 0.949185 0.833468 -0.171349 0.0208625 0.600323 -0.378957 
-0.806172 0.755308 0.147551 -0.301742 -0.124066 -0.23007 0.489438 0.263493 0.340877 -0.284826 -0.614176 0.79047 -0.320184 0.171918 0.333013 0.754186 
-0.480708 -0.38253 -0.491892 0.597344 0.0548369 0.347751 0.315925 -0.396871 -0.889344 0.0253364 -0.577954 -0.282842 -0.269875 0.32909 -0.671742 0.252743 
0.0427674 -0.36768 -0.261732 -0.199932 0.835148 0.382678 -1.07264 0.155211 0.320106 0.244786 0.264055 0.124728 -0.42352 -0.52173 -0.359638 0.759216 
pop 3 layer 2
dims 4 16
-0.107608 0.261818 0.233547 0.536955 0.506035 0.156784 0.0903476 0.411189 -0.398393 0.0122057 -0.0591275 -0.187585 -0.218298 0.484785 -0.0631383 -0.0155588 
0.264389 -0.104601 -0.356991 -0.312683 0.302835 -0.183283 0.268915 0.103533 0.344206 -0.60863 -0.330953 0.399527 0.705253 -0.214022 0.0427372 -0.516741 
-0.250702 0.254211 0.53437 1.03253 0.0745661 -0.55833 -0.135313 -0.648086 0.443222 -0.123541 0.0293402 0.0272877 -0.113339 -0.758803 0.118107 0.453031 
-0.0350364 0.276378 0.0235244 -0.171116 0.502746 -0.444182 0.292233 0.00701964 -0.0567397 -0.0226467 0.231232 -0.0572863 0.161264 -0.674704 -0.524569 0.513622 
pop 4 layer 0
dims 16 5
0.0812828 -0.165966 0.151954 0.640904 0.0306212 
0.66802 0.123732 -0.17448 0.0482083 -0.387058 
-0.273819 0.484078 -0.0739538 0.552848 0.469483 
0.0295804 0.186049 -0.0204172 0.189019 0.00324197 
-0.166483 0.268223 -0.385433 -0.353008 -0.0629287 
-0.283113 0.0847953 0.0421108 0.187581 -0.179124 
0.143462 0.0762105 0.165599 -0.0232446 0.425656 
0.183478 0.259793 0.0886874 -0.254907 -0.157863 
-0.448473 -0.361917 0.356984 0.0661372 0.102859 
0.177449 0.262866 -0.0785143 -0.0920821 0.059088 
-0.0274464 -0.0364907 -0.385866 0.442235 -0.0889362 
0.177192 0.25012 -0.242927 0.0337286 -0.229343 
0.0309466 -0.0571313 -0.188921 0.0230129 0.456847 
0.141507 0.743242 -0.694346 0.141035 0.124033 
0.00926055 0.311202 -0.232819 0.314791 0.00576203 
0.30188 -0.0900734 -0.0668621 -0.2261 -0.988111 
pop 4 layer 1
dims 16 16
0.649758 -0.408732 0.0178137 0.180758 -0.286736 0.182195 -0.529466 -0.57103 0.259349 -0.379602 -0.563487 0.309259 -0.543052 0.490838 -0.584287 0.248324 
0.0223578 0.145614 -0.272021 -0.0242489 0.0615837 0.280353 -0.134542 0.522632 -0.556795 -0.145697 -0.826083 0.106781 0.309921 0.410963 0.717516 -0.356877 
-0.477618 -0.169468 -0.486388 -0.127883 -0.335016 -0.0634878 0.293436 0.340407 0.529414 0.187435 0.0131526 0.154313 0.220664 -0.137063 -0.107495 0.0566161 
0.0426261 0.0119829 -0.140573 0.108397 -0.23971 0.00881478 -0.937758 0.0732783 -0.237816 0.205487 -0.100102 -0.286488 -0.217722 -0.480143 -0.0631585 0.220161 
-0.0825847 0.19647 -0.284437 0.622471 0.0783135 -0.106151 -0.38731 -0.574069 0.08791 0.00966669 0.133012 0.199194 -0.373911 0.71642 -0.179534 0.27734 
0.0268005 0.0217386 0.768759 -0.175803 0.171111 0.0271608 -0.00591078 -0.708713 -0.318109 0.48734 -0.0895671 0.189757 -0.518915 -1.13565 -0.273301 -0.487814 
0.197719 -0.0206447 0.157167 0.0487643 -0.228679 -0.189667 -0.102272 -0.224069 -0.166121 -0.0611403 0.133668 -0.0490285 -0.329583 0.230632 0.346501 0.0814781 
-0.433045 -0.0773786 0.0823596 0.532163 0.362531 0.256419 0.415686 0.490572 0.047233 -0.194372 0.385032 0.317525 -0.0817079 -0.106418 0.0676747 0.279521 
-0.425024 -0.14899 0.174893 -0.401368 0.683794 -0.030199 0.0652489 0.123127 0.533896 0.47971 0.113279 0.179418 -0.190607 -0.151282 0.0369506 0.180799 
-0.38324 -0.282106 -0.572963 -0.19067 0.564462 0.173818 -0.869821 0.50939 -0.0350164 -0.0634758 -0.403917 -0.0331426 -0.464134 0.430037 -0.218891 -0.127902 
-0.214217 -0.239368 -0.63737 0.468977 -0.448394 0.0892254 0.0946554 0.0754252 0.582672 0.349286 0.894363 0.409558 0.445111 0.183833 -0.63716 0.631917 
0.397316 0.161541 0.5161 0.355833 0.112696 -0.102621 -0.399034 0.00556022 0.289291 -0.0517286 0.156268 0.405496 -0.0500037 -0.0122196 0.250184 -0.792038 
0.261162 -0.741626 -0.730623 0.344034 0.0843271 0.123437 0.76086 -0.387112 0.185734 -0.342476 1.03845 0.40153 -0.14352 -0.250416 0.738388 -0.527312 
-0.560659 0.633812 0.0361016 -0.268511 -0.589436 -0.0250785 0.710687 0.137201 0.591156 0.0177655 -0.378215 0.463322 0.081411 0.312734 0.0533903 0.883216 
-0.465735 -0.35768 -0.336506 0.938693 0.383958 0.308251 0.461473 -0.603045 -0.798141 0.0118408 -0.363781 0.256277 -0.627563 -0.208661 -0.10031 0.0729616 
-0.291938 -0.296584 0.0955895 -0.311945 0.305735 0.185826 -0.729775 -0.0251512 0.202223 0.160163 0.0344329 0.0347065 -0.220355 -0.137114 -0.24901 0.498047 
pop 4 layer 2
dims 4 16
0.204305 0.301297 0.191172 0.638902 0.555512 0.0655879 0.110318 0.0618383 -0.452587 0.138918 -0.0193044 -0.212643 -0.220722 0.327376 -0.0795112 0.0887656 
0.242912 -0.0883932 0.0327726 -0.452787 0.54168 -0.355573 0.397463 -0.0594619 0.421107 -0.502374 -0.43423 0.158384 0.60198 -0.24007 -0.11745 -0.67838 
-0.0975705 0.336772 0.287277 0.906632 -0.0820484 -0.594756 0.149448 -0.769446 0.458892 -0.154161 0.137763 -0.108228 0.161027 -0.551484 0.0922797 0.0327919 
-0.173123 -0.00334376 0.360481 -0.204644 0.692647 -0.587694 0.132248 -0.10752 -0.0149576 0.0526504 0.00942901 -0.181613 0.0288618 -0.615971 -0.696548 0.577323 
pop 5 layer 0
dims 16 5
0.0450019 -0.25399 0.0770803 0.414538 -0.327999 
0.223783 0.249948 0.0738212 0.209936 -0.22314 
-0.26638 0.410247 0.0188683 0.465435 0.496187 
0.116892 0.254173 -0.0961342 0.155681 -0.0999654 
-0.0190118 -0.0221139 -0.183552 -0.207828 -0.164088 
0.0225481 -0.025558 -0.0830727 -0.137029 -0.226045 
0.321491 0.302048 0.0231066 0.157848 0.225019 
0.0514091 -0.118408 -0.121817 -0.498508 -0.366015 
-0.444408 -0.350381 0.217012 0.0140539 0.157164 
0.192793 0.274446 -0.13013 -0.405035 -0.22929 
-0.00800572 -0.0279744 -0.453542 0.441913 0.0684466 
0.101603 0.303689 -0.102269 0.00625292 0.1347 
0.147496 0.118732 -0.0790473 -0.0397113 0.324622 
-0.10245 0.609156 -0.43606 0.159693 -0.0251616 
0.026899 0.29385 -0.247217 0.278053 0.0284935 
0.222237 -0.452918 -0.0722846 -0.122605 -0.893831 
pop 5 layer 1
dims 16 16
0.629536 -0.379043 -0.0873931 -0.185204 -0.149348 0.0412366 -0.551086 -0.702554 0.361905 -0.50234 -0.577438 0.259389 -0.529607 0.360374 -0.349104 -0.25729 
0.385022 -0.0879682 -0.225262 -0.108913 0.119538 0.138815 0.0117387 0.558296 -0.419255 -0.198255 -0.764144 -0.0535624 0.53779 0.529589 0.397414 -0.214417 
-0.400389 0.117047 -0.394423 -0.0663973 0.0635798 -0.0660779 0.102079 0.337267 0.490831 0.325898 -0.119199 0.0438689 0.348579 0.0884643 -0.262178 0.018299 
-0.0885358 0.0307333 0.0349488 0.220627 0.105845 -0.0426968 -0.872757 0.0756479 -0.168747 -0.00355874 -0.255588 -0.352305 0.0944434 -0.089021 0.0984554 0.176162 
-0.0122676 0.350316 -0.0651279 0.278194 0.0777137 -0.0321413 -0.187848 -0.0725651 0.179219 0.116079 -0.354001 0.355114 0.0443709 0.551018 -0.239746 0.541042 
-0.0644541 -0.211386 0.340713 0.171211 0.0446327 0.0745043 -0.0441643 -0.646101 -0.195592 0.209074 0.236954 0.0188043 -0.87656 -0.935404 -0.281637 -0.160943 
0.209039 -0.118751 0.0139004 0.185567 -0.304501 -0.0358073 -0.384344 -0.0642649 -0.228033 -0.216884 0.063823 0.102522 -0.0933891 0.0745174 0.466836 0.256975 
-0.380229 0.445156 0.507527 0.361198 0.593326 0.116083 0.450699 0.737841 -0.021683 -0.275075 0.2856 -0.340603 0.379438 -0.00123488 0.243276 -0.00760054 
-0.454506 -0.103354 -0.401214 -0.477575 0.540802 0.427882 -0.230719 -0.119878 0.784591 0.388133 0.0521652 -0.0633455 0.0184302 -0.197925 -0.213086 0.0125024 
-0.564913 -0.229238 -0.322478 -0.310537 0.452858 0.427748 -0.987949 0.589152 -0.209748 -0.132707 -0.153088 -0.0876856 -0.156095 0.171855 -0.310807 -0.225366 
-0.169117 -0.414315 -0.676877 0.585353 -0.307081 0.23084 0.247317 0.0741111 0.550279 0.374076 0.604614 0.332582 0.319647 0.300184 -0.503708 0.589189 
0.461702 0.484938 0.506063 0.388497 0.0834391 0.0052054 -0.384949 -0.261383 0.244127 0.0879792 0.0717351 0.570295 0.175073 0.0536621 0.216446 -0.775927 
0.29796 -0.538815 -0.397669 0.0839648 -0.0700583 0.271557 0.167423 -0.528776 -0.0249299 -0.242519 0.853346 0.26347 0.0493714 0.0132201 0.278831 -0.331449 
-0.485141 0.579484 0.105973 -0.239189 -0.43214 0.174693 0.48638 0.387203 0.479584 0.180521 -0.216561 0.73106 -0.243458 0.0353728 0.086524 0.473071 
-0.114534 -0.346582 -0.331655 0.556415 0.307166 0.145141 0.510002 -0.647122 -0.703984 -0.374944 -0.312957 0.0401475 -0.584228 -0.200422 0.210255 -0.013584 
0.111501 -0.359362 -0.0588962 -0.0253541 0.386001 0.326481 -0.568162 -0.124529 0.118917 0.23405 0.179694 0.0321363 -0.252281 -0.00791034 -0.144188 0.508718 
pop 5 layer 2
dims 4 16
0.305304 0.306357 0.26075 0.525491 0.342831 0.0690621 -0.0943333 0.198568 -0.273698 -0.0879921 -0.113272 -0.19782 -0.148002 0.239175 -0.296805 -0.260203 
0.378723 -0.0915512 0.143979 -0.107394 0.306983 -0.151742 0.420531 0.202666 0.296046 -0.502649 -0.281005 0.0425104 0.680614 -0.104995 0.107175 -0.373084 
-0.237411 0.31532 0.291127 0.566558 -0.0234571 -0.541932 -0.0462417 -0.770954 0.0890394 -0.125795 0.317935 -0.0014656 -0.195041 -0.829155 0.172968 0.288267 
0.0596218 0.38453 0.133551 -0.222123 0.497803 -0.663024 0.530499 -0.0406331 0.346177 -0.124433 0.0872982 0.0230601 0.0746732 -0.56804 -0.292204 0.547953 
pop 6 layer 0
dims 16 5
0.056068 -0.170551 0.232854 0.569536 0.120889 
0.194208 0.0817155 0.0659346 0.347541 -0.438551 
-0.255565 0.384584 0.0801633 0.382527 0.257285 
-0.0252582 0.228959 0.205153 0.108603 -0.0910463 
-0.0411829 0.109376 -0.274509 -0.121436 0.0597269 
0.0387788 0.0803446 0.0279206 0.0489304 -0.0687551 
0.396575 0.0681784 0.164227 0.203213 0.1511 
0.11002 -0.0181382 -0.116332 -0.271074 -0.106006 
-0.690125 -0.389695 0.246578 -0.00215976 -0.0679574 
0.143305 0.154874 -0.143714 -0.166718 -0.302034 
-0.135526 -0.00754982 -0.753961 0.386334 -0.0805445 
0.112868 0.469009 -0.387246 0.141169 0.113019 
-0.0923157 0.182324 -0.0388177 -0.09775 0.352762 
-0.0424703 0.532654 -0.309271 0.219659 -0.0826034 
0.0980508 0.0157918 -0.400043 0.245583 0.0117506 
0.533378 -0.329149 -0.0875409 -0.0703752 -0.749731 
pop 6 layer 1
dims 16 16
0.46674 -0.193904 0.178662 0.34184 -0.177133 0.27172 -0.615905 -0.604677 0.225163 -0.519407 -0.537839 0.373899 -0.440497 0.350562 -0.807811 0.268557 
-0.0778034 -0.162587 -0.100566 -0.0377222 0.0200428 0.199001 -0.478272 0.634186 -0.437417 -0.211734 -0.622585 -0.223982 0.180104 0.552513 0.704993 -0.221606 
-0.39865 -0.149031 -0.431155 -0.0222639 -0.157071 -0.415657 0.340157 0.139529 0.425159 0.347618 0.108274 0.0351511 0.175674 -0.125035 -0.356175 0.0599316 
-0.188827 0.139595 -0.0858472 0.24968 -0.0367466 -0.0515276 -0.844206 -0.188694 -0.168309 0.40949 -0.181815 -0.211438 0.109266 -0.256838 -0.0164596 0.152582 
-0.0175056 0.379017 -0.102745 0.129883 0.217913 0.0502253 -0.248308 -0.165878 0.237535 -0.0880118 -0.119974 0.305979 -0.12647 0.601338 0.150621 0.485175 
0.0339447 0.288175 0.346334 -0.0611845 -0.0403733 -0.0604821 -0.00357468 -0.701057 -0.221164 0.443098 -0.202722 0.0979347 -0.603963 -0.508225 -0.378404 -0.306333 
0.0764543 -0.062992 0.129086 0.146767 -0.501505 -0.135304 -0.0662989 -0.229236 0.0470995 -0.0137738 0.161226 0.163032 -0.255527 -0.0736646 0.569046 0.0656478 
-0.451379 -0.051557 0.203366 0.335851 0.469702 0.0971179 0.226599 0.626426 0.0776802 -0.071486 0.399069 0.247169 -0.10604 -0.132462 0.147036 -0.0311638 
-0.883857 -0.0715571 0.276659 -0.395938 0.460669 0.130057 0.0603956 0.112168 0.469973 0.327075 0.26545 0.043548 0.00188013 -0.247863 0.332929 0.178959 
-0.342408 -0.23935 -0.514898 0.047272 0.466456 0.242723 -0.671751 0.369439 -0.163339 0.00570775 0.106855 -0.122054 -0.438065 0.334799 0.0511639 -0.257329 
-0.353305 -0.29746 -0.505912 0.571951 -0.515016 0.292471 -0.021334 -0.0604134 0.392696 0.0830911 0.889197 0.214655 0.5135 0.112075 -0.661171 0.542878 
0.34476 0.187552 0.594294 0.297546 -0.0433677 -0.0986505 -0.52142 -0.247936 0.044298 -0.282024 0.418875 0.506888 -0.0700409 -0.138016 0.365158 -0.943836 
0.249678 -0.658078 -0.558254 0.287603 0.0216651 0.0238101 0.362201 -0.309469 0.246416 -0.177376 0.808195 0.254627 -0.178107 -0.201724 0.345064 -0.499 
-0.465708 0.449909 0.159701 -0.293187 -0.700571 -0.0715284 0.859868 -0.0797788 0.479699 -0.15013 -0.379762 0.51614 0.0583836 0.184565 0.166097 0.95897 
-0.334479 -0.0926679 -0.405905 1.05821 0.410221 0.251361 0.576294 -0.345948 -0.691548 -0.299747 -0.21909 0.0750471 -0.608951 -0.204163 -0.0504887 0.286465 
0.000974583 -0.276353 -0.130206 -0.312761 0.297216 -0.16997 -0.797299 -0.0870797 0.229977 0.399943 0.27891 0.056935 -0.333575 -0.175076 -0.395835 0.51401 
pop 6 layer 2
dims 4 16
0.0426448 -0.0374058 0.152632 0.177296 0.551503 0.298488 0.20304 0.0240326 -0.120386 0.244655 0.234363 0.0583541 -0.342249 0.327861 -0.154056 -0.0600961 
0.348493 -0.0414891 -0.0626987 -0.39115 0.316061 -0.285675 0.265498 -0.149512 0.584185 -0.410741 -0.541186 0.244124 0.566019 -0.451909 0.0124024 -0.475955 
-0.00459786 0.258488 0.43855 0.93317 -0.369792 -0.756064 0.22272 -1.03299 0.431381 -0.0380886 0.285584 0.175339 0.281334 -0.444412 0.0723389 -0.115037 
-0.162351 -0.0473344 0.153356 0.0280121 0.580882 -0.565713 -0.0986094 -0.013378 0.0947146 -0.031159 0.256556 -0.191617 0.213034 -0.708152 -0.551408 0.627683 
pop 7 layer 0
dims 16 5
-0.0733882 -0.0794718 0.166166 0.460993 0.299282 
0.313479 0.374088 0.0942769 0.293801 -0.257677 
-0.403782 0.324138 -0.204948 0.436752 0.195388 
0.0932062 0.383609 0.0244701 0.0201386 0.143443 
-0.283351 -0.0584556 -0.167651 -0.348064 0.246538 
-0.0480054 0.113177 -0.27886 -0.289653 -0.270874 
0.170047 0.188135 -0.207403 0.0431643 0.0731078 
0.179171 -0.134014 -0.0171027 -0.272265 -0.176947 
-0.448807 -0.0785985 0.0498853 0.192108 0.490444 
0.175002 0.239167 0.131095 -0.34952 -0.537605 
-0.130006 -0.200576 -0.549241 0.565004 0.0902655 
-0.0479705 0.31032 -0.369666 -0.121644 0.0215809 
0.0104684 -0.00657837 -0.0941146 -0.201858 0.00406456 
0.0280126 0.789496 -0.325644 0.0691257 -0.0177902 
0.105996 0.232622 -0.185796 0.242702 0.110404 
0.0579263 -0.393137 -0.090597 -0.226583 -0.821008 
pop 7 layer 1
dims 16 16
0.174665 0.0772738 0.361523 0.163089 -0.138576 0.0547377 -0.38958 -0.322835 0.0421069 -0.351635 -0.575924 0.224639 -0.437226 0.659147 -0.4097 0.717419 
-0.020694 -0.382582 -0.280493 -0.305026 -0.0430205 -0.0917782 -0.17664 0.108559 -0.296523 -0.0482047 -0.430377 0.00444391 0.326192 0.176375 0.259725 -0.0940388 
-0.193271 -0.146247 -0.398662 -0.0675024 0.0334504 -0.201588 -0.157407 0.066945 0.481322 0.459668 0.264914 0.0538639 0.129844 -0.0494664 -0.112087 0.438988 
0.0947212 0.245316 0.000218648 0.318296 0.226052 -0.432209 -0.575236 -0.0091646 0.131142 0.426336 -0.337006 -0.518809 -0.245498 -0.0973624 -0.202382 0.264367 
-0.325014 0.249164 -0.473802 0.387889 0.068143 0.307989 0.214655 -0.181921 0.0308575 -0.300879 -0.014129 0.311408 0.128742 0.491091 0.385415 0.556351 
0.0294584 -0.172984 0.245098 0.100372 0.373054 -0.153434 -0.0129629 -0.260343 -0.108142 0.421232 -0.0838756 0.140843 -0.332262 -0.15598 -0.465494 -0.289459 
0.162835 -0.12652 0.0339991 0.363253 0.00311824 -0.139029 0.256861 -0.10967 -0.145853 0.578169 0.446668 0.0370851 -0.170255 0.21863 0.711986 0.156873 
-0.291243 -0.0401573 0.232737 0.302604 0.276422 0.202803 0.311436 0.46572 0.112591 -0.169044 0.0417279 0.192995 0.0250106 0.322413 0.449547 0.0929587 
-0.338815 0.199152 0.167456 -0.304922 0.160674 -0.215118 0.172121 -0.151462 0.68355 0.205352 0.264615 0.218481 -0.0235194 -0.0816224 0.146673 0.00381635 
0.152075 0.208745 -0.471034 -0.194553 0.45733 0.162799 -0.413824 0.348337 -0.0564283 0.0529736 -0.0887969 0.207022 -0.139596 0.514234 -0.11155 0.0337673 
0.0633583 0.264094 0.0786242 0.153607 -0.449615 0.0906984 0.275166 0.260553 0.283651 0.149898 0.574092 0.175291 0.255251 0.0442472 -0.462623 0.55265 
0.39216 0.291468 0.193618 0.179809 0.218923 -0.109979 -0.517306 -0.072455 0.249291 -0.0944927 0.310205 0.152833 0.107389 -0.0575682 0.162104 -0.391837 
0.0901659 -0.302494 -0.514405 0.137709 0.455062 -0.352358 0.442742 -0.136859 0.260126 -0.0479317 0.656413 0.265162 -0.183724 0.0826534 0.481672 -0.420175 
-0.284003 0.668666 0.175013 -0.362417 -0.245312 -0.354386 0.481991 0.161448 0.23499 -0.221762 -0.137407 0.25415 -0.234666 0.308914 -0.343238 0.344027 
0.00282048 0.000662036 -0.155365 0.711037 -0.0813407 0.441395 0.615009 -0.100928 -0.297775 -0.336288 -0.45085 0.218503 -0.245193 0.0782212 -0.0899897 -0.0630999 
0.00711224 -0.336125 -0.210017 -0.255893 0.354767 -0.131708 -0.250703 0.173402 -0.0448853 0.490825 0.227515 0.0591152 -0.382235 0.051897 -0.363523 0.585874 
pop 7 layer 2
dims 4 16
0.154276 0.334192 -0.177499 0.546483 0.53863 0.176143 -0.142066 0.33437 -0.418112 -0.0823123 0.0818498 -0.296338 -0.258287 0.103891 -0.0190356 0.189655 
0.197226 -0.051537 0.0738482 0.0237312 0.349601 -0.0943521 -0.0264803 0.32225 0.21242 -0.566322 -0.40656 0.272315 0.619975 -0.291073 0.196752 -0.495197 
-0.276097 0.236421 0.186273 0.738911 0.0912624 -0.564481 0.0647659 -0.632336 0.112968 -0.132683 -0.162863 0.0421697 -0.193182 -0.437492 0.0535681 0.127775 
-0.0411113 -0.101187 -0.0296993 -0.258839 0.488099 -0.599904 0.272696 -0.0300376 0.26183 -0.422938 0.00988986 -0.0514787 0.0088569 -0.412337 -0.575951 0.519 
pop 8 layer 0
dims 16 5
-0.253258 -0.182932 0.150722 0.359125 -0.116361 
0.523418 0.461155 -0.205584 -0.0588368 -0.305063 
-0.186761 0.243048 0.0653717 0.371018 0.418012 
-0.243936 0.69578 0.116971 0.255338 -0.290697 
0.134081 0.215369 -0.279347 -0.213187 -0.0190593 
-0.301172 -0.304616 0.00551949 0.174587 -0.192098 
0.204161 0.0292462 -0.0146035 0.290156 0.363675 
0.345767 0.0123652 0.0689976 -0.166565 0.0595958 
-0.562362 -0.320468 0.0312684 -0.0239409 -0.0232312 
0.0372313 0.0011963 -0.0981119 -0.167836 -0.174222 
-0.0158621 -0.115955 -0.197801 0.425732 -0.0305056 
0.0336125 0.400543 -0.124563 0.0796955 0.0816617 
-0.0637409 0.186193 -0.254291 0.0534785 0.413002 
-0.0469679 0.385642 -0.536471 0.17667 -0.128824 
0.0723388 0.174735 -0.328172 0.0722671 0.181586 
0.231763 -0.136631 -0.156785 -0.152301 -0.896861 
pop 8 layer 1
dims 16 16
0.2161 -0.0110835 0.23792 0.293906 -0.168222 0.0158423 -0.490397 -0.257191 0.0727367 -0.465248 -0.347275 0.166121 -0.66416 0.581219 -0.359181 -0.0394059 
0.0368632 -0.239426 -0.163425 -0.242976 -0.141799 -0.0148433 -0.277433 0.333747 -0.360191 0.35425 -0.56903 -0.0395487 0.312569 0.434191 0.316963 -0.0249392 
-0.421979 -0.300549 -0.335745 0.109945 -0.31373 -0.33304 0.159988 0.440795 0.681865 0.439957 0.0941742 0.110422 0.0700772 0.106734 -0.434658 -0.0710162 
-0.174473 0.0991608 -0.137279 0.215306 0.253225 -0.0314423 -0.670712 0.0699304 -0.291827 0.269378 -0.0522193 -0.346732 0.16991 -0.277382 0.0205417 0.148708 
-0.0010413 0.0765546 -0.138263 0.0267924 0.279717 -0.402132 -0.433083 -0.189788 0.0351562 -0.203573 -0.299788 0.275 -0.0837925 0.707887 0.29453 0.271821 
-0.100236 -0.250371 0.347909 -0.0452292 0.00935721 -0.0135612 -0.0458722 -0.694102 -0.480543 0.443343 -0.417756 0.323638 -0.427323 -0.625899 -0.323661 -0.359718 
0.226483 0.0251384 0.0473873 0.237149 -0.448318 -0.147839 0.190829 -0.283357 0.0813515 0.139349 0.0401127 0.0303831 -0.298055 0.0816265 0.578179 0.0492101 
-0.392631 -0.215597 0.306541 0.381584 0.545184 0.203381 0.440594 0.52414 0.0407946 0.00682474 0.260531 0.374005 -0.0453862 0.0880308 0.15465 0.380953 
-0.718713 0.0412444 -0.0657682 -0.301183 0.52573 -0.0998767 0.103123 0.0650663 0.658736 0.351356 0.0898508 -0.0275846 0.18411 -0.243516 -0.0153403 0.0246367 
-0.626376 -0.158524 -0.322181 0.101173 0.488213 0.32854 -0.501807 0.415656 0.178519 0.238454 -0.122359 -0.0924907 -0.302946 0.282735 -0.160998 -0.154536 
-0.530807 -0.302576 -0.373128 0.540261 -0.298593 0.13657 0.027558 -0.113341 0.755294 0.325804 0.73638 0.369949 0.368514 0.0602998 -0.512235 0.416477 
0.409851 0.0947679 0.579525 0.343693 0.046584 -0.231247 -0.469023 0.00717785 0.168919 -0.0277523 -0.0151496 0.334773 -0.570708 -0.231274 0.172715 -0.810215 
0.194961 -0.717635 -0.613834 0.140246 -0.0023448 -0.405964 0.711011 -0.226285 0.389462 -0.281666 0.819977 0.202554 -0.117106 -0.238075 0.638392 -0.269189 
-0.7732 0.463964 -0.0996646 -0.262524 -0.315211 0.0517477 0.530293 -0.117722 0.12707 -0.0602767 -0.431791 0.700272 -0.23412 0.261444 0.149334 0.685002 
-0.432136 -0.280895 -0.420229 0.98444 0.135567 0.327467 0.729389 -0.207301 -0.696387 -0.0553347 -0.189116 0.070298 -0.588084 -0.206317 -0.0818374 0.260102 
-0.192417 -0.662802 -0.230995 -0.25904 0.39791 -0.332594 -0.866996 -0.116067 -0.0813363 0.381935 0.0610465 0.0921983 -0.360716 -0.0147206 -0.421075 0.660666 
pop 8 layer 2
dims 4 16
0.112531 0.114537 0.0537278 0.50489 0.452195 0.153498 0.0963545 0.0598921 -0.384669 0.0825173 -0.0569831 -0.236855 -0.233723 0.190705 -0.170892 0.0529485 
0.320642 -0.270805 -0.130062 -0.484427 0.559824 -0.332208 0.540074 -0.0453759 0.351686 -0.408437 -0.333787 0.192544 0.518505 -0.190041 -0.0162796 -0.539041 
-0.110335 0.220188 0.419532 0.747736 -0.102866 -0.509473 0.213361 -0.685165 0.260281 -0.127156 -0.0633229 -0.0665015 0.243895 -0.532782 0.141858 -0.00146721 
-0.0686179 0.0987579 0.498941 -0.258385 0.611497 -0.597316 0.171349 -0.059972 0.107553 0.0414832 0.0230652 -0.114213 -0.107628 -0.409962 -0.77005 0.618981 
pop 9 layer 0
dims 16 5
-0.0883247 -0.103559 0.126635 0.346928 0.0324777 
0.46513 0.17215 0.0656469 0.203887 -0.145449 
-0.277047 0.558446 -0.0349657 0.405535 0.452227 
-0.0822771 0.681215 0.00513972 0.0576614 -0.160287 
0.12381 0.328627 -0.259234 -0.164202 -0.179226 
-0.16825 -0.298662 0.0416911 -0.123181 -0.132484 
0.216798 0.0156041 0.00271783 0.234174 0.33899 
0.0582269 0.338921 0.000765912 -0.447645 -0.0476769 
-0.570851 -0.284401 -0.199155 -0.153837 -0.0108388 
-0.0267889 -0.0874279 -0.141789 -0.299316 -0.00341406 
-0.199921 -0.287714 -0.401168 0.390652 0.130607 
-0.0735155 0.270584 -0.374527 -0.123304 0.00126332 
-0.0878753 0.0671189 -0.170831 -0.151234 0.355287 
0.0767922 0.657058 -0.66785 0.245168 0.104359 
0.111695 0.0901419 -0.251705 0.323236 0.115501 
0.327004 -0.113941 -0.206457 -0.093888 -0.793943 
pop 9 layer 1
dims 16 16
0.425111 -0.0835758 0.200822 0.367918 -0.0449029 0.130803 -0.441595 -0.387489 0.127338 -0.270301 -0.517992 0.460321 -0.509423 0.333208 -0.581494 0.178526 
0.187182 -0.281848 -0.0469083 -0.00807029 -0.223244 0.0950558 -0.372394 0.405387 -0.397777 -0.090013 -0.498162 -0.00122936 0.348427 0.365365 0.414578 -0.114092 
-0.643835 -0.175512 -0.332745 -0.0621957 -0.307739 -0.155883 0.200108 0.436669 0.594914 0.0621566 0.259814 0.139243 0.0514901 -0.235815 -0.460289 0.226611 
-0.1123 0.219894 -0.175728 0.41487 0.203435 0.0833204 -0.844821 0.140911 -0.244956 0.360917 -0.253689 -0.385005 0.00400418 -0.379638 0.0221774 0.22055 
0.0907949 0.167734 -0.352248 0.328858 0.223716 -0.108616 -0.364489 -0.253227 0.270283 -0.118484 -0.0371747 0.309397 0.164662 0.694287 0.112589 0.329483 
-0.108178 -0.15354 0.568639 0.0501633 0.0941579 -0.124461 -0.0920455 -0.526943 -0.0999917 0.375219 -0.0643801 0.117044 -0.682183 -0.693845 -0.366817 -0.277619 
0.112297 0.0612211 0.238351 0.0864648 -0.343275 -0.0225335 0.030829 -0.145636 0.0951805 0.162455 0.117583 0.156749 -0.237831 0.0127736 0.604367 -0.220357 
-0.301811 -0.181473 0.188944 0.178836 0.576993 0.169892 0.296917 0.644996 0.0947847 -0.0393338 0.35264 0.357153 0.122729 0.00497794 0.091836 0.10508 
-0.855394 -0.153908 0.126175 -0.217502 0.302125 -0.0802678 -0.0640332 0.05783 0.634614 0.480661 -0.00698576 0.0426167 -0.0438814 -0.135626 0.244761 0.0630423 
-0.421833 -0.166284 -0.580327 -0.185409 0.482782 0.354795 -0.594297 0.612299 -0.210121 -0.0357376 -0.156092 -0.0972746 -0.424147 0.249322 -0.0390053 -0.339769 
-0.345749 -0.230155 -0.393395 0.606012 -0.515442 0.43347 0.0441832 -0.09537 0.49325 0.178546 0.965891 0.393796 0.369855 0.107382 -0.678238 0.594913 
0.333196 0.197529 0.473226 0.178799 0.277389 -0.442938 -0.540353 -0.0478553 0.125329 -0.258332 0.236527 0.360617 -0.339067 -0.00385603 0.483313 -0.902966 
0.166803 -0.849373 -0.522423 0.30185 0.0475448 -0.22273 0.244851 -0.215143 0.315092 -0.380045 0.802754 0.417462 -0.0464219 -0.277759 0.584282 -0.415153 
-0.340084 0.424729 -0.0825927 -0.295481 -0.590786 -0.375089 0.699036 0.0770024 0.225826 -0.160254 -0.443434 0.848672 -0.267084 0.24408 0.267716 0.668085 
-0.158825 -0.314663 -0.323214 1.14169 0.235635 0.354688 0.380343 -0.257663 -0.711011 -0.360527 -0.362219 0.0870309 -0.651127 -0.140848 -0.118601 0.225647 
0.132842 -0.283599 -0.183127 -0.294335 0.559958 -0.0842808 -0.66281 0.126007 0.323601 0.16978 0.248687 0.026754 -0.327157 -0.0182298 -0.304769 0.388765 
pop 9 layer 2
dims 4 16
0.0711609 0.0361805 0.254066 0.22597 0.571454 0.248061 0.2164 0.164474 -0.308762 -0.0821622 0.167683 -0.085044 -0.33478 0.268827 -0.00993299 -0.0749091 
0.334973 -0.129937 -0.0561994 -0.249684 0.267065 -0.427929 0.345235 -0.0588251 0.608102 -0.321667 -0.378644 0.23574 0.747104 -0.378244 0.132934 -0.389713 
-0.111567 0.229381 0.436177 1.02007 -0.265914 -0.436071 0.246783 -0.987888 0.337122 0.0797773 0.109784 -0.00861559 0.464064 -0.564253 0.196188 0.349794 
-0.192347 0.206002 0.0260912 -0.0388604 0.43978 -0.513491 0.0175836 0.0444154 0.0855601 0.0272864 0.125731 -0.220914 0.415511 -0.574314 -0.461817 0.677426 
vWeights_end
generator 2054859 2739233820 634294498 2159764872 2755396458 1398336283 360933985 638554344 2023168725 3360186110 1294358578 3487179091 3294073198 2355678819 1136171457 3931579472 1084560872 3835324047 3768946235 3481122015 1987424448 1559713514 1700027280 1912772818 2339228781 1947880812 2541936203 1150484061 1401790216 3086860113 3306842659 2094383989 636718503 2689877221 1516953920 1481480254 1947387626 4243721816 752537278 1801323165 440986013 36147148 4204507498 1674275988 1016450892 3852997036 1100559837 956968342 4059635093 2697859297 831986864 1479019746 3235358509 3422150219 1575701823 1961819004 737620709 2567508071 695836484 549508329 2814985277 833090462 1228717001 376711426 980886695 507613252 929057589 986185509 1783145616 3517758577 3276791474 767325998 371869887 2445134474 860136289 1820532691 574307553 1868169930 1423038857 3156042213 3228603825 3822611453 3755431459 447941549 3731812482 306597773 1194165172 3066012001 1957383051 2310963977 3528611593 1199469653 2329592149 1267228038 362405636 483274654 1003732364 2047633274 2182112112 406533341 3813060444 3993897762 3252614213 802664650 443462091 3156703289 2690310213 3138869784 949404963 1921717023 338767074 4227450365 3999844139 4116330172 2485159433 3555607003 1616521194 1080088518 517212723 2146493072 3301244509 74603386 2144676929 2970351105 2754050008 1384870317 321243980 556971256 1648805534 1116157166 897523611 3873280423 1849416222 963996193 3794348284 2761080528 3857560740 1400898128 2961703352 1164506720 332480482 1288051857 921609532 3755113498 4075142777 2526343490 2835553130 2923980837 3636702695 4081240598 3431215004 2270693328 3632739024 2973119665 585396877 3508598485 2135381839 448350816 2747312046 3917418067 1389604766 2771643866 1234397152 3904674434 1404188139 3722800471 3821559340 2092178165 108852722 2403400388 1494525799 2972358330 4148784898 2830020346 2783346806 1136668374 2704568226 899221838 4193050269 1720241218 1668184128 1672744047 1516131752 2626551558 914652491 281178624 733501578 1538623038 1697113933 3854232748 2617498674 3549727288 979449235 2117977792 553519391 789230230 4153012031 2131417993 3210615167 349156683 1329370597 2543829212 4182320951 1931297250 2947009474 3574400353 1961279398 525679063 1045460718 3088088771 3889159926 2867923329 2838715826 4086717521 1353057666 445192250 2991804484 1186956590 2320296706 324756659 1819660156 1871011870 1246665760 286331046 2250023502 4261640446 3303909831 2852324728 841592398 2939633681 2691864065 2113296428 4157715700 3314457523 789217127 2327751524 1575128978 1664603931 982536688 1282841191 1329253023 3191497922 2877434020 2591121744 2954141804 3066764765 3682049352 2993018382 1051969275 1245178148 2533760619 732545272 3833580960 4052659323 2609835184 2770040351 1194825195 3899084177 986983695 3712847253 2018790560 565195354 3535758013 3150342307 3439194198 3216382646 1151068394 3326069080 1670407034 868219054 1460064172 1488310747 956355773 736071569 1518838601 1730928694 2604235483 2735467341 1140875527 2798227312 3079476551 1849050277 2977898730 1662667477 3018663837 3421307429 2302844889 360763170 2299278454 4075397525 804314760 3009338088 750656856 1847476609 1177753122 1273149113 2678950696 609515784 1243835703 3963938983 1284074968 2035631031 4220684484 2906000584 3089854691 564698508 2416832047 3208009593 1071211330 1442720129 1723183464 3180602327 829116530 2040949391 2063724132 794377152 527484584 1260835882 3879000207 2106051256 1289774927 621662447 3899818760 668337641 2530723534 1845862602 1911309981 196969390 1796891130 2580181610 80603988 2088195693 456693355 278432776 1281559800 2681313505 3067280833 1395963356 1726279188 3710324299 446012642 1190182112 3141291882 1240621664 3844825135 1744856811 834247095 2661203452 4113679516 3055817434 1122939875 4288790796 2095012078 3487479835 842105230 2883487430 3668499790 1368498458 3416828933 3704246831 1927254584 2100363909 532734746 74089273 3304290669 1771311492 1774398780 133039166 1909439856 2077161540 1145919412 1284000411 3585489259 3864204052 350394474 2591506646 2395511662 4268234864 3104982576 3637760442 1174510758 931727893 707646226 2608123164 3814264495 3520866868 3065330138 60677416 3543351155 3701679398 594318382 1983480687 3632210344 946738947 799934820 1518254271 2009673199 3452469540 2344816374 1706854739 1832989253 445812399 503502150 245982224 1458858395 621812576 3774223027 3752213667 2495746052 544564332 1959876359 4057057887 1613713508 3151481621 2966049290 2619594953 3099601577 3455365706 896319676 508626989 247093170 3379323076 2950286061 2666541342 2481141848 3768563724 3377329076 3241563833 915452676 2230470458 47761480 2547962122 2696435916 2796337758 3504526030 710144881 1658766770 2231403793 2795741338 931133269 1300892751 819222413 3735008288 3574997639 2322290255 3002278417 4012200702 1777898358 4253633808 816303505 571387564 2851913119 78275704 3378300521 1264348862 24262062 2661661825 3637900863 4168788820 3575772450 2644154221 2764738739 3057647470 3577482717 997077837 553548246 3111548236 3101225445 215291688 1338120931 1426159205 372269629 1942153787 3192607591 4131929332 1308213915 2484132742 4193891296 2433469816 1950797954 3414606696 68496428 155140727 2348893090 270986322 2263347754 3841504811 3308553639 3359895339 379616477 1469102860 1835772607 3667976594 2441766368 2494334097 465549897 75170388 2376833442 1299772738 3755286321 2221704963 560133010 1124109296 210370150 2606431607 1078916767 1907583926 1899061735 140956488 1281854749 2086774416 3517275197 1256718642 2859616604 3165818194 2475279034 4119436511 1474972468 3472302231 3111676907 4140922931 1920194077 3487687181 1737532236 2513436740 1491278072 3023242208 4102118921 551297492 1898507589 1163014028 3685993534 4219793415 557582255 3851845028 2071621083 3091838962 2630632645 2667311768 1997425699 2982859633 3772911360 578505671 3740640295 1878907347 2157206162 1904623881 1651718758 3218045314 1186556701 4022948065 3522556718 247303149 402377705 3181645069 3265117343 2851635050 256258944 3781966108 2916581064 308744039 2126825108 339428259 3548245014 1337002984 693132696 2729200199 2329807380 446998753 2834171094 3224959547 3145310822 2297854247 3120257741 2779200888 2790063557 2416028533 2789421936 794011280 1749529733 1804158139 1177235652 3111414417 3091039768 210102028 3808940594 845866171 2238972287 4050111479 2246380241 3767665229 1542195272 1818021504 2951928526 1788778296 3294092448 388237928 192674428 3133127925 697336310 3470048287 3756141164 2233748356 175349223 2284488586 959268865 2007389136 135525839 660952998 4005401186 2313941845 2972319145 151317942 3714704729 2437599759 2299546750 1718632270 4170392278 799369770 1501571115 3185611323 3549145895 3912234786 4006490197
