sName lunar_lander
version 1
nEpochs 6500
nPopSize 100
nTop 10
act 1
populationStrategy 2
randomInjectionRatio 0.35
nLayers 4
vSize 5 16 16 4 
vBiases_start
pop 0 layer 0
dims 16 1
-0.152038 
0.198295 
-0.393076 
-0.649255 
0.070629 
-0.346921 
0.260162 
-0.231196 
-0.285776 
0.0692069 
-0.00307306 
-0.219169 
-0.166126 
0.113521 
-0.116738 
0.398375 
pop 0 layer 1
dims 16 1
-0.23825 
-0.379025 
-0.118083 
0.284792 
0.123375 
0.334188 
0.254076 
0.403169 
0.260978 
0.204722 
0.362707 
0.130919 
0.133002 
0.25408 
-0.266026 
0.122976 
pop 0 layer 2
dims 4 1
-0.152328 
0.0830248 
0.138508 
0.181157 
pop 1 layer 0
dims 16 1
-0.0636356 
0.594357 
-0.257693 
-0.282922 
0.242146 
-0.000917718 
-0.102979 
0.0251183 
-0.344154 
0.0330201 
0.18269 
-0.231427 
-0.209797 
0.263363 
-0.0421234 
0.28835 
pop 1 layer 1
dims 16 1
-0.0942747 
0.011515 
-0.262664 
0.178297 
0.0701014 
0.411298 
0.184167 
0.382373 
0.13149 
-0.0871695 
0.261867 
0.119522 
0.318644 
0.0256749 
-0.0356137 
-0.0124191 
pop 1 layer 2
dims 4 1
-0.159625 
-0.206568 
-0.143627 
0.0663758 
pop 2 layer 0
dims 16 1
-0.0977012 
0.0462228 
-0.594856 
-0.525415 
0.0306169 
-0.269177 
-0.115985 
0.142613 
-0.0145799 
0.118794 
-0.0464683 
-0.059545 
-0.117977 
-0.100779 
-0.227386 
0.295853 
pop 2 layer 1
dims 16 1
0.0258226 
-0.415255 
-0.301693 
0.202309 
0.0207973 
0.181452 
0.190072 
0.417956 
0.293736 
0.255403 
0.336625 
0.252464 
0.228715 
-0.00985623 
-0.123935 
-0.0260421 
pop 2 layer 2
dims 4 1
-0.285091 
0.220186 
0.106142 
0.00108877 
pop 3 layer 0
dims 16 1
-0.0282372 
0.314442 
-0.559123 
-0.5322 
0.039961 
-0.214655 
0.067563 
-0.175216 
-0.11481 
0.074322 
0.0219571 
-0.246009 
-0.291346 
0.074801 
-0.238613 
0.422808 
pop 3 layer 1
dims 16 1
-0.158892 
-0.573062 
-0.16816 
0.259884 
0.068757 
0.260672 
0.243789 
0.319107 
0.364586 
0.111529 
0.309106 
0.160022 
0.05625 
0.232002 
-0.285821 
0.0233028 
pop 3 layer 2
dims 4 1
-0.236043 
0.170456 
0.151536 
0.157438 
pop 4 layer 0
dims 16 1
-0.282425 
0.293871 
-0.380598 
-0.222798 
0.259716 
-0.103125 
0.00263238 
0.0913288 
-0.330934 
0.130994 
0.171875 
-0.204242 
-0.222812 
0.15103 
-0.16173 
0.30463 
pop 4 layer 1
dims 16 1
-0.26984 
0.066132 
-0.424554 
0.0365164 
0.060897 
0.298021 
0.164704 
0.468461 
0.130649 
-0.155075 
0.264376 
0.33156 
0.258669 
-0.138727 
0.0158561 
-0.117245 
pop 4 layer 2
dims 4 1
-0.223723 
-0.0869637 
0.0189011 
0.204207 
pop 5 layer 0
dims 16 1
-0.335616 
0.221998 
-0.34385 
0.0366553 
0.408338 
-0.188896 
0.0640111 
0.0296134 
-0.00305621 
-0.00899896 
0.00109449 
-0.0672006 
-0.273275 
-0.0570461 
-0.197358 
0.322461 
pop 5 layer 1
dims 16 1
-0.371067 
-0.0350423 
-0.525263 
0.181733 
0.114162 
0.123133 
-0.00799495 
0.66245 
0.0339452 
0.0171038 
0.390637 
0.535677 
0.230618 
0.0161155 
-0.0109757 
0.0616349 
pop 5 layer 2
dims 4 1
-0.242182 
0.174554 
0.169893 
0.0642719 
pop 6 layer 0
dims 16 1
-0.158973 
0.380835 
-0.325931 
-0.265733 
-0.00426075 
-0.130124 
-0.0484709 
-0.0785857 
0.0398346 
0.164636 
0.0506547 
0.0398529 
-0.208277 
-0.0229463 
-0.365374 
0.265552 
pop 6 layer 1
dims 16 1
-0.247751 
-0.493213 
0.0661092 
0.399373 
-0.114345 
0.151104 
0.385899 
0.609156 
0.185359 
0.364672 
0.142181 
0.785346 
0.221871 
0.0729134 
-0.303164 
-0.00259486 
pop 6 layer 2
dims 4 1
-0.414332 
-0.0347618 
-0.166204 
0.0796073 
pop 7 layer 0
dims 16 1
-0.0384192 
0.139823 
-0.585666 
-0.390955 
-0.00834712 
-0.289212 
0.0162416 
0.134561 
-0.160753 
0.0871702 
0.208375 
0.0453095 
-0.224854 
-0.219017 
-0.28438 
0.331867 
pop 7 layer 1
dims 16 1
-0.0729396 
-0.462027 
-0.271391 
0.364141 
-0.121889 
0.328414 
0.0237832 
0.345323 
0.0687381 
0.156158 
0.0565033 
0.23719 
0.383956 
-0.0114207 
-0.0798648 
-0.122371 
pop 7 layer 2
dims 4 1
-0.317684 
0.253641 
0.257714 
0.159817 
pop 8 layer 0
dims 16 1
-0.161485 
0.218953 
-0.496505 
-0.486571 
0.083141 
-0.267859 
-0.0159982 
0.150637 
-0.104208 
0.102216 
0.118096 
-0.114157 
-0.212395 
-0.0949266 
-0.263151 
0.270707 
pop 8 layer 1
dims 16 1
-0.0717407 
-0.452213 
-0.295232 
0.240578 
-0.0576734 
0.206569 
0.189318 
0.407898 
0.145089 
0.263097 
0.273916 
0.369294 
0.182351 
0.103632 
-0.253812 
-0.0274314 
pop 8 layer 2
dims 4 1
-0.292369 
0.208547 
0.226721 
0.0387248 
pop 9 layer 0
dims 16 1
-0.252622 
0.214716 
-0.358913 
-0.153274 
0.282231 
-0.239852 
0.0636003 
0.0765025 
-0.471488 
0.126965 
0.148464 
-0.373489 
-0.253914 
-0.0330017 
-0.0970308 
0.501044 
pop 9 layer 1
dims 16 1
-0.51533 
-0.0925403 
-0.299839 
0.329498 
0.165594 
0.0397544 
0.357496 
0.522192 
0.221947 
-0.0800976 
0.507503 
0.317387 
0.159643 
0.0279805 
-0.274617 
-0.0158988 
pop 9 layer 2
dims 4 1
-0.244079 
0.0579894 
0.043531 
0.200026 
vBiases_end
vWeights_start
pop 0 layer 0
dims 16 5
-0.0379309 0.0194867 0.00931338 0.600692 -0.0283572 
0.223905 0.59004 0.11526 -0.0230146 -0.2906 
-0.451713 0.318886 -0.236438 0.342141 0.00405177 
-0.0698016 0.380004 -0.155776 -0.0288428 -0.17806 
-0.0908782 0.326094 -0.104512 -0.127541 0.210096 
0.020564 0.0173678 -0.228967 -0.06578 -0.0819013 
0.209768 0.211025 0.0375159 0.135755 -0.0567865 
0.0886596 0.0954785 -0.287801 -0.432216 -0.278876 
-0.609 -0.3471 0.327068 -0.115114 0.232334 
0.0700523 0.100982 -0.0746309 -0.481923 -0.155612 
-0.0780825 -0.0681354 -0.625365 0.00676024 0.241157 
0.457593 0.566717 -0.0582274 0.0154745 0.0206118 
-0.0471407 0.158902 -0.135892 -0.145245 0.114126 
0.0946586 0.351788 -0.240785 0.199715 -0.0503116 
0.00454998 0.0346925 -0.267862 0.468271 0.080095 
0.182964 -0.323348 -0.226102 -0.0211919 -0.468847 
pop 0 layer 1
dims 16 16
0.837499 -0.478229 0.0496212 -0.0113602 0.0668267 0.241757 -0.13737 -0.497813 0.299532 -0.530951 -0.173645 0.329958 -0.532491 0.196129 -0.0370713 0.0345385 
0.165028 -0.117636 -0.0671972 -0.0746769 0.0164884 0.23049 -0.107879 0.186152 -0.214159 0.0302468 -0.727915 -0.127798 0.335687 0.687909 0.256379 -0.0116026 
-0.49767 0.0961543 -0.0175143 0.0539815 -0.0385262 -0.215432 -0.0168709 0.305479 0.120418 0.249729 -0.30194 0.119654 0.335451 -0.11484 -0.267178 0.349876 
-0.246551 0.130962 -0.0864644 0.490704 -0.0671177 0.348719 -0.465862 0.137336 -0.191399 0.176827 -0.280522 -0.29122 0.0347567 -0.0882764 -0.106117 0.27034 
0.142985 0.337106 -0.0230593 0.477064 0.184127 -0.0387319 0.0213313 0.0785449 0.259925 0.0688828 0.00349317 0.226256 -0.100171 0.511371 -0.284122 0.487064 
0.0705054 -0.225788 0.47407 0.0461582 0.106359 -0.171774 -0.0486095 -0.558156 -0.0755587 0.271404 0.173414 0.0793163 -0.724194 -0.447287 -0.126557 -0.0714235 
0.309688 0.0865098 0.0373621 0.182271 -0.445664 -0.09226 -0.288437 -0.109316 -0.210638 0.152134 -0.10844 0.129178 -0.175304 0.186261 0.453926 -0.152632 
-0.264881 0.466949 0.0511178 0.183841 0.588245 0.358713 0.281819 0.619669 -0.031602 -0.467332 0.187658 -0.458209 0.0647964 0.235998 0.110177 0.149579 
-0.464174 0.0421338 0.153989 -0.226309 0.349921 0.165704 -0.208438 -0.0533514 0.306023 0.0883475 -0.261791 -0.0874913 -0.40148 -0.0430247 -0.0994445 -0.0339491 
-0.298946 -0.154276 -0.366972 0.0946013 0.202989 0.144879 -1.19273 0.551303 -0.0127212 -0.203135 -0.148553 -0.00756306 -0.123438 0.389934 -0.135888 -0.425492 
-0.107637 -0.512417 -0.458241 0.178337 -0.0537848 0.156346 0.270507 0.00110348 0.431817 0.137499 0.447095 0.330774 0.374202 0.244584 -0.324632 0.493721 
0.504007 0.0169668 0.235978 0.199001 0.0298498 0.253638 -0.304377 -0.0141532 0.205882 -0.243769 0.25077 0.451343 0.123941 -0.209655 0.329794 -0.855883 
0.218653 -0.459247 -0.37575 0.0847468 -0.246076 0.247964 0.387424 -0.101312 -0.057072 -0.0103027 0.722457 0.262968 -0.135722 -0.093157 0.271072 -0.356355 
-0.626296 0.384945 0.182622 -0.139188 -0.452492 0.261029 0.468089 0.385375 0.569351 0.0984014 0.292444 0.320469 -0.0924372 0.124148 -0.02815 0.491387 
-0.0385492 -0.485544 -0.451511 0.303235 0.184103 0.29731 0.31943 -0.511919 -0.559853 -0.267499 -0.309283 0.0703239 -0.50406 0.130867 0.28777 0.163585 
-0.0616028 -0.30223 -0.0610182 -0.0947008 0.219844 0.165974 -0.681657 -0.0472949 -0.262114 -0.0248444 0.432511 -0.30864 -0.323806 -0.100811 -0.13653 0.416528 
pop 0 layer 2
dims 4 16
-0.0659439 0.0977257 0.161506 0.250421 0.440325 0.0672355 0.141088 0.451266 -0.367117 -0.112053 -0.204675 -0.252638 -0.21078 0.13664 -0.123979 0.101993 
0.21231 -0.0215158 -0.5513 -0.44127 0.124341 -0.0552515 0.210939 0.268103 0.283437 -0.200814 -0.472759 0.392362 0.734644 0.0389224 0.353658 -0.50342 
-0.249128 0.340069 0.253337 0.75696 0.143253 -0.425935 -0.334072 -0.394032 0.477297 -0.034255 0.318027 -0.0756376 -0.26788 -0.799075 0.205296 0.0600196 
-0.208354 0.38651 -0.00798746 -0.106555 0.535886 -0.446614 0.0792887 0.0855809 -0.375933 0.163359 0.218104 0.0433747 -0.0431848 -0.611783 -0.240445 0.453896 
pop 1 layer 0
dims 16 5
0.0200085 -0.276012 0.0227146 0.128794 0.19407 
0.208724 -0.0507194 0.172747 0.208856 -0.193556 
-0.114112 0.371427 -0.0795706 0.540634 0.333147 
-0.218745 0.471147 0.233099 -0.0478857 -0.0702345 
-0.153329 0.080883 -0.0701671 -0.120986 0.0639537 
-0.0610016 0.379021 -0.0983005 -0.4477 -0.34362 
0.044426 0.241626 -0.218779 0.378227 0.150678 
-0.0318835 -0.138454 -0.222141 -0.32278 -0.20219 
-0.481799 -0.207208 0.228296 0.175267 0.7393 
0.136837 0.340038 0.309883 -0.230095 -0.623711 
-0.399765 -0.171239 -0.715138 0.642061 0.1916 
-0.202103 0.233812 -0.310406 0.0237129 -0.00135123 
-0.249478 -0.012007 -0.137871 0.193293 0.0966703 
-0.0773675 0.542653 -0.333856 -0.209232 0.0360342 
0.0633339 0.134162 -0.42694 0.0942071 -0.20721 
0.229055 -0.336803 -0.193729 -0.0754376 -0.810458 
pop 1 layer 1
dims 16 16
0.109312 0.054284 0.356727 0.0371727 -0.0305254 0.526743 -0.176676 -0.450003 0.012843 -0.158062 -0.3265 0.33621 -0.278549 0.448719 -0.34423 0.223707 
-0.219605 -0.747011 -0.353445 -0.0562988 -0.173928 -0.000754283 -0.146561 0.307741 -0.369486 -0.137186 -0.350459 0.0284956 0.189725 0.377346 0.705242 -0.0716661 
-0.214833 -0.0672211 -0.428395 -0.0948186 0.229254 -0.162427 0.221905 0.318538 0.609557 0.476456 0.283073 -0.165969 0.31278 -0.363348 -0.358826 0.0677013 
0.0956657 0.291839 0.0940222 0.381667 -0.0726197 -0.303208 -0.524555 0.142125 0.245821 0.258221 -0.444929 -0.725699 -0.121721 0.0734833 -0.0744606 0.589927 
-0.309199 0.172927 -0.538773 0.589789 0.283274 0.459974 -0.0648922 -0.332044 0.16552 -0.260956 0.118085 0.387467 0.101076 0.522841 0.0875841 0.468318 
0.291743 -0.0112929 0.399821 -0.0140018 0.341464 -0.242441 -0.0280074 -0.284505 0.200263 0.462746 0.016299 0.396981 -0.33377 -0.197097 -0.308247 -0.16413 
0.4213 -0.0565142 0.180705 0.259263 -0.272451 0.0263299 0.151443 -0.271992 -0.0384018 0.149509 0.357347 0.246714 -0.369107 0.0987712 0.806246 -0.213001 
-0.123612 -0.104107 0.349918 0.118919 0.502587 0.10321 0.263511 0.200486 -0.0555358 -0.209487 0.0592578 0.16754 -0.149713 -0.0402907 0.464312 0.219116 
-0.154015 -0.0554816 0.0532453 -0.437509 0.246397 -0.210404 -0.0485545 -0.014167 0.374812 0.181675 0.210657 0.316095 -0.162483 -0.0888673 -0.017999 0.102471 
-0.0434934 0.176608 -0.248603 -0.133058 0.445495 0.135346 -0.403485 0.134218 -0.0371444 0.207368 -0.440896 -0.00282215 -0.253599 0.269891 -0.125431 -0.179408 
-0.208176 0.064578 -0.273676 0.0532269 -0.318891 0.13192 0.451735 0.0660825 0.42843 0.21872 0.543805 0.319782 0.378496 0.115841 -0.264303 0.363932 
0.363916 0.221252 0.0926064 0.360425 0.103295 -0.153336 -0.641485 -0.0601199 0.108328 -0.332097 0.282508 0.293224 -0.13013 -0.0964973 0.241255 -0.545371 
-0.0686819 -0.372858 -0.282955 0.17264 0.021943 -0.354969 0.0336185 0.0231698 0.292926 -0.121752 0.436391 0.513745 -0.267357 0.13614 0.456496 -0.0970932 
0.104656 0.434164 0.164205 -0.393076 -0.338999 -0.328617 0.463942 0.0645856 0.125153 -0.0525305 -0.528698 0.124008 -0.0523638 0.186373 -0.0339076 0.161828 
0.224369 0.122483 -0.327179 0.595321 0.0059672 0.605826 0.381442 0.111947 -0.550943 -0.53377 -0.187281 -0.0629303 -0.274012 -0.203751 -0.0697043 -0.247831 
0.0579697 -0.204268 -0.331134 -0.385309 0.241154 0.0613037 -0.165497 -0.164929 -0.0798637 0.466547 0.233245 0.373404 -0.227876 0.19564 -0.293907 0.392899 
pop 1 layer 2
dims 4 16
-0.0251211 0.143656 0.0325184 0.391732 0.487242 -0.00919182 -0.0775387 0.187692 -0.486775 0.0740406 -0.0624778 -0.201464 -0.250268 0.200102 0.139903 -0.114069 
0.159928 -0.148264 -0.291876 -0.24345 0.220549 -0.0937403 0.0663826 0.0868159 0.367876 -0.474512 -0.0917473 0.275434 0.393089 -0.030378 -0.0952411 -0.361975 
-0.0946624 0.188239 -0.0706397 0.697702 0.0343977 -0.257915 0.175377 -0.699138 0.405605 0.106871 -0.26562 0.251288 -0.0943671 -0.393981 0.0961698 0.211956 
-0.0813988 -0.121892 -0.308387 -0.0481245 0.166197 -0.620534 0.172873 -0.074799 0.0653155 -0.19022 0.189016 0.0376518 -0.0616653 -0.26124 -0.389564 0.705099 
pop 2 layer 0
dims 16 5
-0.247749 -0.307467 0.0617137 0.639941 -0.267073 
0.367427 0.632787 0.110881 0.150439 -0.0221112 
-0.416586 0.362448 -0.195653 0.432401 0.266733 
-0.0343979 0.296318 -0.132154 0.000652211 0.120625 
-0.102946 0.305934 0.0589093 -0.222129 -0.243229 
-0.0910164 -0.0330624 -0.0682435 -0.129195 0.00180628 
0.290675 0.189113 0.0900902 0.200543 0.118797 
0.0239928 0.0199705 0.0120901 -0.483955 -0.326613 
-0.393737 -0.342447 0.191205 -0.0920912 0.311945 
0.0996327 0.0157871 -0.103367 -0.278985 -0.237079 
0.0165 -0.0140793 -0.593898 0.0957295 0.186656 
0.0916091 0.316002 -0.289507 0.188627 -0.0870403 
0.116819 0.216895 -0.191647 -0.0715582 0.120404 
0.189319 0.386897 -0.266501 0.308348 0.032097 
0.108071 0.145466 -0.245894 0.393917 0.101496 
0.158272 -0.335854 -0.19068 -0.258852 -0.769933 
pop 2 layer 1
dims 16 16
0.608336 -0.371613 0.079758 -0.15347 0.015768 0.252366 -0.295688 -0.403626 0.239986 -0.568788 -0.585936 0.277798 -0.363854 0.209486 -0.285298 0.0757298 
0.247332 0.160794 -0.146727 -0.0729838 -0.147453 0.249307 -0.129186 0.64768 -0.248848 0.0523928 -0.558279 -0.111606 0.433004 0.429584 0.451754 -0.0297057 
-0.416756 -0.163444 -0.185289 -0.0155497 -0.202478 -0.282343 0.132903 0.465286 0.393877 0.266612 0.0308111 0.104333 0.0855508 -0.112648 -0.299694 0.178121 
-0.00981537 0.0925759 -0.0771579 0.378855 -0.0867652 0.0862137 -0.765663 0.11015 -0.164026 0.150889 -0.373497 -0.3807 0.0733516 -0.423275 0.262765 0.352237 
0.253207 0.02868 0.0029905 0.0377818 -0.232302 -0.29059 0.182394 -0.112131 0.123257 -0.0117728 -0.22608 0.33278 -0.171483 0.478001 -0.0315688 0.466101 
0.0220083 -0.285703 0.505302 0.275059 -0.0697936 -0.0267418 -0.305482 -0.620678 -0.208493 0.480574 0.121421 -0.0300817 -0.651861 -0.581329 0.0399875 0.0926082 
0.0162284 0.0532713 0.102424 0.18322 -0.157247 -0.237965 -0.346408 -0.215331 -0.308468 -0.11411 0.0168024 0.0879293 -0.344844 0.0568732 0.475006 -0.0153408 
-0.0664069 0.390821 0.125479 0.41701 0.607645 0.252175 0.342843 0.781108 -0.246228 -0.143532 0.140074 -0.388593 0.176422 0.307235 0.0590281 0.198576 
-0.392322 -0.0257402 0.216153 -0.184937 0.352343 0.234972 -0.0841299 -0.208935 0.415519 0.282245 -0.210479 -0.00890782 -0.136629 -0.150067 0.14549 0.0817265 
-0.566726 0.0167003 -0.266234 -0.038363 0.301729 -0.0168732 -0.721351 0.493984 -0.0297089 -0.116892 -0.16459 0.0753421 -0.312085 0.298512 -0.130017 -0.389886 
0.0424866 -0.381379 -0.4908 0.664539 -0.230378 0.397669 0.480487 -0.158567 0.553636 0.303405 0.643235 0.185249 0.323602 0.262683 -0.644054 0.282756 
0.479658 0.165014 0.302931 -0.0158162 0.0905748 -0.130501 -0.309323 0.100202 0.119258 -0.042979 0.0994587 0.281436 0.066822 0.0287672 0.29182 -0.616396 
0.0813637 -0.628252 -0.0972081 -0.0728469 0.0833715 0.196468 0.187346 -0.145341 -0.223699 -0.202743 0.900755 0.202085 -0.0871915 -0.28083 0.386766 -0.554722 
-0.365461 0.734781 0.0683843 -0.183519 -0.146032 -0.0545172 0.33455 0.308738 0.698371 0.142301 -0.170045 0.464772 -0.245537 0.198738 -0.062355 0.543818 
-0.192157 -0.449722 -0.441193 0.154338 0.190827 0.0981017 0.446507 -0.60422 -0.579942 -0.380424 -0.345638 0.105205 -0.490529 -0.112618 0.14512 0.162339 
-0.0699432 -0.334144 -0.0501413 -0.118968 0.209335 0.167771 -0.567434 -0.120175 -0.202245 0.196144 0.349141 -0.140274 -0.119592 -0.111532 -0.236303 0.343975 
pop 2 layer 2
dims 4 16
-0.152087 0.184649 0.209248 0.367885 0.350799 0.0877968 0.151786 0.630142 -0.547354 0.0357616 -0.10541 -0.121681 -0.218587 0.303673 -0.0221877 -0.0342393 
0.290356 0.0191874 -0.361217 -0.418145 0.429319 -0.180521 0.275208 0.442056 0.20009 -0.475223 -0.355408 0.451136 0.419005 -0.158752 0.19612 -0.57627 
-0.144492 0.286729 0.425727 0.710376 0.177212 -0.640848 -0.279354 -0.504622 0.289066 -0.268109 0.12353 -0.201814 -0.379421 -0.582397 0.271668 0.289327 
-0.0890161 0.296913 -0.111204 -0.292521 0.46646 -0.325709 0.26316 -0.080121 -0.235006 0.0302567 0.244432 -0.0522477 0.15672 -0.520557 -0.341822 0.384742 
pop 3 layer 0
dims 16 5
-0.135417 -0.0724834 -0.0158141 0.414603 -0.141694 
0.172814 0.585907 0.0173966 -0.02439 -0.230511 
-0.408428 0.4881 -0.105762 0.230976 0.241412 
-0.0284296 0.354631 -0.0199291 0.0984329 -0.0685983 
-0.050522 0.401056 0.0599194 -0.317562 0.0345085 
-0.231976 0.0102051 -0.30066 -0.0463553 -0.053984 
0.330239 0.107031 0.171892 0.178244 0.013809 
0.00952793 -0.0462088 -0.180066 -0.432145 -0.335276 
-0.557027 -0.260936 0.325645 -0.154772 0.268497 
0.0237707 0.0348562 -0.146622 -0.513764 -0.285904 
-0.0498698 0.0252688 -0.712738 0.135043 0.161883 
0.315562 0.430994 -0.227901 0.106794 -0.0542265 
0.0388672 0.337389 0.0143727 -0.26516 0.199447 
0.111306 0.220653 -0.206797 0.353012 -0.0456266 
-0.103309 0.130947 -0.10136 0.31807 -0.0174039 
0.167286 -0.204697 -0.296107 -0.089945 -0.60505 
pop 3 layer 1
dims 16 16
0.700755 -0.395093 0.0906555 -0.183657 0.0848687 0.316709 -0.228096 -0.541251 0.331057 -0.591191 -0.256934 0.398336 -0.547296 0.0360385 -0.216773 0.0815755 
0.204602 -0.0825366 -0.193501 -0.00537532 -0.0541895 0.02972 -0.168684 0.429752 -0.340369 -0.145594 -0.644977 -0.0953139 0.369622 0.541109 0.232506 -0.0204203 
-0.534804 -0.0141346 -0.177433 -0.0133191 -0.0828918 -0.248056 0.117644 0.232883 0.342946 0.316756 -0.110717 0.0212649 0.216325 -0.124013 -0.242043 0.297647 
-0.129359 -0.0448936 -0.0804736 0.281734 0.00673993 0.226445 -0.666627 0.147597 -0.354428 0.250379 -0.478012 -0.265933 0.0610365 -0.180282 -0.12771 0.283875 
0.243332 0.490345 -0.16185 0.191097 0.0580087 -0.207143 0.10254 -0.0388081 0.175898 0.0440809 -0.157189 0.295155 -0.158588 0.513364 -0.344346 0.565348 
-0.0314113 -0.24741 0.602215 -0.023686 -0.0278454 -0.148328 -0.185755 -0.748092 -0.214802 0.325398 0.0808405 0.246242 -0.810605 -0.385243 -0.00964698 0.0139637 
0.149505 0.0313312 0.137191 0.152956 -0.342551 -0.228791 -0.191356 -0.0472833 -0.220702 -0.0515114 -0.0746909 0.196905 -0.0969849 0.0674575 0.435494 0.101381 
-0.182851 0.418709 0.0409098 0.309848 0.610976 0.215386 0.492053 0.661283 -0.128691 -0.343394 0.0457106 -0.522842 0.0539742 0.228705 0.137655 0.0655677 
-0.48251 -0.0498813 0.182994 -0.241192 0.435785 0.159842 0.0169453 -0.163093 0.445469 0.281647 -0.178833 -0.101715 -0.225771 -0.11258 0.0310187 0.016112 
-0.423645 -0.103422 -0.358019 -0.112465 0.115183 0.261629 -1.05389 0.726281 0.0312123 -0.175714 -0.163049 0.0134854 -0.181142 0.299652 -0.188679 -0.550193 
-0.177282 -0.491475 -0.661976 0.507581 -0.169054 0.213864 0.411028 0.00281452 0.53044 0.328457 0.635464 0.359868 0.392124 0.169454 -0.482083 0.487351 
0.496374 0.0166149 0.218296 0.138016 0.0670827 0.0490093 -0.252155 -0.0519159 0.103151 -0.246406 0.387581 0.347298 0.176578 -0.0895461 0.355537 -0.775143 
0.297967 -0.477162 -0.246395 0.00870037 -0.174371 0.347579 0.378548 -0.177941 -0.025212 -0.0895177 0.976429 0.213205 -0.169493 -0.0703528 0.367667 -0.541056 
-0.653058 0.624736 0.18327 -0.191926 -0.410494 0.1055 0.364595 0.462843 0.404645 0.00864614 0.169298 0.585198 0.0284282 0.221 -0.139207 0.488257 
-0.00019979 -0.473543 -0.471706 0.210516 0.153006 0.267591 0.420471 -0.588224 -0.447671 -0.168452 -0.463715 0.312323 -0.492395 -0.069613 0.0454875 0.189402 
0.027542 -0.220625 -0.0128274 -0.0476429 0.279766 0.134942 -0.74052 -0.0495202 -0.210876 0.104325 0.539603 -0.309523 -0.362997 -0.0172971 -0.375589 0.501001 
pop 3 layer 2
dims 4 16
-0.147867 0.254507 0.194656 0.389644 0.248328 0.151341 0.112038 0.518883 -0.515324 -0.194336 -0.0390502 -0.227593 -0.275339 0.22983 -0.168419 0.0528469 
0.173246 -0.110395 -0.395422 -0.410743 0.302351 -0.169847 0.126025 0.347626 0.265506 -0.327401 -0.380913 0.277562 0.728491 -0.161071 0.268986 -0.549959 
-0.16331 0.318313 0.394722 0.836708 0.0554862 -0.539474 -0.417235 -0.442696 0.523667 -0.123902 0.157708 -0.219317 -0.344095 -0.830203 0.169209 0.0352902 
-0.111792 0.339603 0.0204185 -0.0851502 0.511299 -0.387513 0.20627 0.188969 -0.304272 0.332199 0.176272 0.150729 0.193044 -0.609591 -0.380659 0.56238 
pop 4 layer 0
dims 16 5
0.0165643 -0.243006 -0.043591 0.328762 -0.0177951 
0.253951 0.0168178 0.309317 0.177977 -0.210759 
-0.114262 0.208136 -0.142804 0.574676 0.386164 
-0.207713 0.476462 0.274575 0.0523517 0.00452106 
-0.111769 0.0489889 -0.223658 -0.101474 0.135841 
-0.119739 0.403692 -0.0457107 -0.546395 -0.314313 
0.202899 0.162002 -0.18673 0.317925 0.15885 
-0.0656286 -0.172557 -0.188024 -0.29897 -0.253038 
-0.519321 -0.251708 0.0936968 0.0228863 0.443451 
0.252382 0.297351 0.187385 -0.262384 -0.531884 
-0.207304 -0.138111 -0.697348 0.694569 0.148829 
-0.0765134 0.165482 -0.223207 0.133586 0.0537725 
-0.213894 -0.0564355 -0.107634 0.068591 0.172553 
-0.0564917 0.805972 -0.359391 -0.0332589 -0.0212093 
0.0803805 0.213596 -0.348263 0.118193 -0.160119 
0.0407192 -0.340297 -0.163077 -0.0351595 -0.829351 
pop 4 layer 1
dims 16 16
0.0898334 -0.0334861 0.356473 -0.0212096 -0.040177 0.434053 -0.336103 -0.29703 0.10551 -0.324109 -0.514183 0.365531 -0.262954 0.583238 -0.356012 0.425776 
-0.269109 -0.678452 -0.198334 -0.20645 -0.144952 0.0435751 -0.341297 0.339814 -0.349975 -0.173305 -0.468979 -0.0521894 0.221557 0.410533 0.479754 -0.270984 
-0.318718 -0.192446 -0.325641 -0.110715 0.121188 -0.149602 -0.0502111 0.283538 0.632707 0.432133 0.212954 0.0174539 0.0278692 -0.256258 -0.348822 0.216877 
0.0770056 0.34674 -0.0287028 0.363574 0.00912583 -0.337327 -0.562003 0.0165694 0.231946 0.14715 -0.485014 -0.641029 -0.210361 0.135998 -0.196864 0.433058 
-0.18235 0.220482 -0.408986 0.431356 0.149361 0.279487 0.0768362 -0.480615 0.185946 -0.33666 0.0790748 0.324692 0.0953779 0.546263 0.142943 0.566456 
0.115902 -0.120786 0.185914 0.128046 0.358102 -0.127515 -0.188769 -0.304486 0.0984007 0.331529 -0.141055 0.336725 -0.253799 -0.13484 -0.252719 -0.171098 
0.275909 0.0183499 0.0650439 0.232044 -0.312699 -0.0375331 0.185327 -0.281568 -0.0721576 0.320312 0.4653 0.13461 -0.281205 0.218253 0.746929 -0.100809 
-0.00527996 -0.159616 0.267987 0.249673 0.452408 0.198488 0.198642 0.285878 0.119145 -0.196705 0.167855 0.305967 -0.0979439 0.0231666 0.439537 0.157655 
-0.169741 0.0587785 0.118991 -0.496713 0.239296 -0.258741 0.125736 0.0198681 0.567063 0.0891833 0.0952599 0.293204 -0.0889949 -0.0862271 -0.00335456 0.0487126 
0.00355378 0.213563 -0.234364 -0.199391 0.553458 0.2476 -0.547981 0.303943 -0.067665 0.216358 -0.398776 0.137314 -0.191982 0.369935 -0.113656 -0.0160814 
-0.00813565 0.0437038 -0.242338 0.317192 -0.420072 0.0118261 0.508591 -0.024916 0.36641 0.182899 0.549982 0.338138 0.463877 0.0494129 -0.291964 0.348425 
0.518305 0.276335 0.215264 0.25587 0.291896 -0.127295 -0.605769 0.026685 0.162302 -0.270616 0.441127 0.300062 -0.1891 -0.200764 0.261129 -0.553476 
0.00490703 -0.447231 -0.40248 0.161505 0.101911 -0.447388 0.186538 -0.01319 0.381937 -0.111216 0.66185 0.420628 -0.231294 0.0646322 0.475184 -0.136335 
0.0503737 0.625395 0.187502 -0.369645 -0.224781 -0.216281 0.542888 -0.161035 0.152955 -0.172732 -0.439145 0.211166 -0.101929 0.201788 -0.283784 0.334413 
0.096033 0.166504 -0.352554 0.845086 0.027436 0.556503 0.633909 -0.0500387 -0.592232 -0.332523 -0.218562 0.0444376 -0.358085 -0.249979 -0.0725278 -0.126791 
0.0695464 -0.279811 -0.338125 -0.348235 0.330575 0.0562992 -0.196123 0.107549 -0.059495 0.357804 0.140071 0.254579 -0.360965 0.0980514 -0.346939 0.368227 
pop 4 layer 2
dims 4 16
-0.150494 0.20749 -0.0775633 0.338911 0.61875 0.0985041 -0.106589 0.114516 -0.362139 0.120631 -0.0294689 -0.324072 -0.255996 0.129948 0.0149589 -0.00557635 
0.161416 -0.112589 -0.266376 -0.278953 0.462845 -0.0792398 0.0966418 0.0144567 0.288125 -0.427561 -0.0493277 0.188092 0.577242 -0.138557 -0.0797118 -0.352017 
-0.136613 0.289203 0.022165 0.721937 -0.105368 -0.278393 0.142582 -0.624384 0.326513 0.0148145 -0.171445 0.153836 -0.168994 -0.501633 0.184041 0.498411 
-0.143295 -0.0525655 -0.0774132 -0.087112 0.271234 -0.695841 0.184113 -0.208454 0.122207 -0.286467 0.147479 0.0287205 -0.00473624 -0.438856 -0.462897 0.679552 
pop 5 layer 0
dims 16 5
0.172761 -0.330854 -0.118941 0.369337 0.0507028 
0.196274 0.336051 -0.154505 0.248547 -0.161655 
-0.391132 0.173291 -0.336991 0.537782 0.332027 
0.109329 0.234311 0.285958 -0.0227461 -0.184861 
-0.221765 0.164332 0.034105 -0.318281 -0.0967601 
-0.0854765 0.0421562 -0.222374 -0.526913 -0.263335 
-0.00610574 0.18847 -0.229942 0.124809 0.0573132 
-0.0352201 -0.00818169 -0.0233047 -0.0584879 0.157621 
-0.286007 0.0443104 0.0277052 0.0690522 0.135243 
0.118239 -0.0529005 -0.0109394 -0.0762671 -0.400177 
-0.0935494 -0.370239 -0.646917 0.450575 0.201911 
-0.0884091 0.236021 -0.278174 0.193942 -0.0946624 
-0.0539286 -0.148403 0.0189514 -0.103062 0.00345847 
-0.106165 0.901005 -0.124203 0.0302685 0.288032 
-0.0556136 0.220539 -0.016357 0.330804 -0.164202 
-0.284187 -0.166995 -0.289405 -0.145721 -1.05686 
pop 5 layer 1
dims 16 16
0.260392 0.0484581 0.100263 0.0795938 -0.20009 0.338226 -0.453028 0.00146913 0.252189 -0.246457 -0.416724 0.0869106 -0.4837 0.483459 -0.0879892 0.344957 
-0.225843 -0.712941 -0.342134 -0.350139 0.0819119 0.16809 -0.0800459 0.271916 -0.40348 -0.119935 -0.387067 -0.042418 0.158284 0.340585 0.262971 -0.0580348 
-0.19218 0.155463 -0.238134 -0.228527 0.0778913 -0.140396 0.324266 0.0146504 0.295816 0.00697418 0.153172 0.253806 0.24586 -0.17462 -0.202371 0.252507 
0.114947 0.25192 -0.0135357 0.340727 0.216638 0.0809015 -0.744361 0.0466135 0.303413 0.199688 -0.266785 -0.303939 -0.0510805 -0.132962 -0.11988 0.167265 
-0.0889039 0.203986 -0.251792 0.192922 -0.117999 0.507071 -0.0499988 -0.348142 0.184709 -0.236356 -0.048364 0.118219 -0.0240539 0.437085 0.181437 0.233558 
0.0295242 -0.231932 0.322536 0.040806 0.446832 -0.0681921 0.0720864 -0.530976 0.0561949 0.438866 -0.181733 0.252337 -0.362434 -0.111087 -0.455569 -0.126156 
0.153642 -0.0669472 0.166326 0.503618 -0.194435 0.0448546 0.150045 0.0761366 -0.0208191 0.409988 0.341732 0.0403981 -0.116009 0.115925 0.553729 0.249283 
-0.0919476 -0.0292769 -0.0151868 0.120403 0.284983 0.408227 0.230288 0.304162 -0.17189 -0.140565 0.0585688 0.094624 -0.0744863 0.0269645 0.308118 -0.0743069 
-0.337999 0.0607475 0.43501 -0.330442 0.271046 -0.0762822 0.173118 -0.235591 0.719187 0.245516 0.0606183 0.330867 -0.0283403 -0.341381 -0.183969 0.153647 
-0.204691 0.0471727 -0.162556 -0.424159 0.166372 0.235079 -0.456837 0.221387 -0.044275 0.0753842 -0.282324 0.128615 -0.31753 0.252003 -0.057191 -0.110017 
-0.0762595 0.271372 -0.0813237 0.402978 -0.423886 0.125445 0.223676 0.119043 0.443426 0.229063 0.687628 0.322035 0.302286 -0.0462123 -0.464148 0.221146 
0.333639 0.177055 0.357607 0.260954 0.000307739 0.000506944 -0.414509 -0.123776 0.205923 -0.0417425 0.145142 0.0837006 0.12368 -0.0644295 0.290274 -0.432815 
0.158682 -0.663739 -0.519651 0.0753289 0.149254 -0.363935 0.280285 -0.18411 0.239635 -0.0277346 0.659525 0.29815 -0.265226 0.220022 0.0694865 -0.258117 
-0.0914005 0.471735 0.0367963 -0.243048 -0.175882 -0.225328 0.397406 0.0470398 0.0698069 -0.0228618 -0.211127 0.337004 -0.121489 0.262768 -0.230686 0.309139 
0.00115165 0.0354833 -0.376234 0.604366 0.160474 0.415914 0.593154 -0.129497 -0.184622 -0.213525 -0.451202 -0.00156163 -0.419986 0.15711 -0.0306544 0.0286738 
-0.102027 -0.129652 -0.341466 -0.260152 0.377856 -0.116063 -0.241706 0.191015 -0.0703046 0.020331 0.0458298 0.0913707 -0.413842 -0.374589 -0.313247 0.499396 
pop 5 layer 2
dims 4 16
-0.147052 0.192347 0.0383632 0.481463 0.275973 0.0887969 -0.137452 0.350881 -0.12037 -0.1157 0.119317 -0.0698706 -0.199241 0.403237 -0.228115 0.00278874 
0.389749 0.0591208 -0.0372904 -0.0507 0.205765 -0.269377 0.0198571 0.156644 0.278368 -0.376673 -0.240253 0.202044 0.439289 -0.147123 -0.0174463 -0.54343 
-0.12619 0.256588 0.227957 0.809798 0.356694 -0.379711 -0.162722 -0.409383 0.323877 -0.263416 0.10176 -0.131825 -0.135775 -0.689603 0.364047 0.388062 
-0.0635837 0.140779 -0.0144998 -0.148384 0.495162 -0.479018 0.326667 -0.0646201 -0.034513 0.024028 0.007395 -0.136823 0.473465 -0.481461 -0.622755 0.225713 
pop 6 layer 0
dims 16 5
-0.19048 -0.374469 -0.0220925 0.534049 -0.119071 
0.0573666 0.340979 0.164998 0.161778 -0.316793 
-0.153893 0.0987792 0.0176281 0.331422 0.451787 
0.0777227 0.372965 -0.0766131 -0.00293733 0.132396 
-0.166493 0.00310072 -0.192705 -0.0765729 -0.0277166 
-0.0903639 -0.0538637 -0.252349 -0.159998 -0.25609 
0.379594 0.407499 0.0450542 0.0121239 0.0594853 
-0.0497204 -0.0551173 -0.241919 -0.254769 -0.314283 
-0.602422 -0.506149 0.249123 -0.0378152 0.133461 
0.213918 0.197381 -0.0861155 -0.415673 -0.169944 
-0.0868708 -0.212039 -0.609612 0.212627 0.15539 
0.0362209 0.303896 -0.113479 0.170956 -0.0204438 
0.0703931 -0.0490562 0.0146028 -0.183098 0.201876 
0.0488256 0.52928 -0.518004 0.379911 0.14565 
0.0786426 0.349346 -0.189941 0.492253 -0.0587303 
0.416484 -0.315989 -0.00583228 0.0400735 -0.743894 
pop 6 layer 1
dims 16 16
0.640287 -0.389656 0.00685999 -0.0909826 -0.27211 0.0900359 -0.435236 -0.674804 0.0832669 -0.432671 -0.426196 0.260966 -0.495684 0.273708 -0.370796 -0.267192 
0.249722 0.0273143 -0.310919 0.00174471 -0.0306379 0.302422 -0.22904 0.665973 -0.192754 -0.232076 -0.740924 -0.152164 0.451629 0.526971 0.431831 -0.161903 
-0.396094 -0.0670137 -0.325729 -0.205522 -0.287274 -0.085204 0.11478 0.252951 0.507177 0.219981 -0.0252095 -0.148617 0.332701 -0.0574906 -0.447864 0.0574572 
-0.39549 -0.0177081 -0.130757 0.135033 0.0886036 -0.0874032 -0.842178 0.0781717 -0.175636 0.240485 -0.161576 -0.413772 0.348593 -0.175276 -0.0559963 0.0983516 
-0.18569 0.25323 0.00195365 0.346965 0.114997 -0.0909778 -0.243807 -0.00446933 0.356174 0.242344 -0.232344 0.363982 0.0525785 0.492585 -0.224782 0.478089 
0.072415 -0.21823 0.249207 0.114005 -0.161438 -0.0917271 -0.10959 -0.540711 -0.126629 0.563303 0.216303 0.0762314 -0.896761 -0.879803 -0.00359027 -0.0694653 
0.250479 -0.202322 -0.146608 0.258206 -0.500484 -0.127519 -0.135472 -0.132156 -0.315091 -0.25107 0.156979 0.262185 -0.461684 -0.0409915 0.357564 0.242196 
-0.489537 0.24345 0.587705 0.3664 0.415482 0.399361 0.337597 0.516031 -0.25393 -0.0185335 0.101197 -0.465666 0.199693 0.0765831 0.0968031 0.0124146 
-0.541762 -0.115644 -0.0945963 -0.332712 0.327687 0.349478 -0.293596 -0.0189052 0.548011 0.420907 -0.150924 0.00946032 0.0789023 -0.178472 -0.087327 0.095095 
-0.352511 -0.22088 -0.250442 -0.235437 0.516264 0.203494 -0.713944 0.634306 -0.379776 0.04476 -0.236732 -0.00262216 -0.0961358 0.27563 -0.185123 -0.335408 
0.0926427 -0.236186 -0.495362 0.545763 -0.276908 0.219474 0.535745 -0.144041 0.575165 0.293174 0.795891 0.211451 0.3283 0.473842 -0.507443 0.481297 
0.383326 0.334525 0.217613 0.262039 -0.155936 0.182413 -0.334608 -0.0578649 0.250374 -0.0218295 0.405051 0.425588 0.246121 -0.148496 0.463513 -0.893217 
0.0914054 -0.723085 -0.319723 -0.0586102 -0.012944 0.392404 0.281956 -0.442227 0.0493788 -0.313289 0.813107 0.169463 -0.137219 -0.0418589 0.437421 -0.488087 
-0.493956 0.507422 0.277206 -0.312735 -0.489004 0.139659 0.472007 0.278887 0.371451 0.0236813 -0.216793 0.701463 -0.132868 0.101702 -0.011248 0.382861 
-0.25002 -0.484252 -0.41635 0.474483 0.19646 0.367736 0.494435 -0.505428 -0.555476 -0.463766 -0.31538 -0.0253321 -0.501351 -0.207524 0.0992362 -0.00517591 
0.128962 -0.507045 0.12883 -0.153724 0.449246 0.184083 -0.732613 0.0747344 0.157891 0.248921 0.109461 -0.0592899 -0.182828 -0.218792 -0.0904259 0.450689 
pop 6 layer 2
dims 4 16
0.139618 0.38817 -0.0718191 0.502335 0.304226 0.262234 0.0450899 0.544 -0.171026 -0.102037 -0.305922 -0.119339 -0.03486 0.156312 -0.0738799 0.011871 
0.225875 -0.0941397 0.122813 -0.500382 0.500842 -0.278888 0.128886 -0.0209453 0.127255 -0.432305 -0.247527 0.0480664 0.646646 -0.237104 0.0269694 -0.37779 
-0.293804 0.266094 0.308939 0.608233 -0.00367058 -0.657413 -0.0320536 -0.695889 0.164554 -0.105856 0.251727 0.0342642 -0.169114 -0.608027 0.0609573 0.41429 
-0.296099 0.280671 -0.0265853 -0.120476 0.393942 -0.592379 0.388935 -0.0867347 0.0959945 -0.156206 0.00302652 -0.278356 0.309271 -0.660734 -0.498263 0.45707 
pop 7 layer 0
dims 16 5
-0.0204254 -0.255189 0.0720956 0.384217 -0.229393 
0.303817 0.487339 0.120027 0.117687 -0.148849 
-0.4962 0.378745 -0.0259926 0.278633 0.384301 
0.0283738 0.398686 0.00454433 0.0990976 -0.150491 
-0.025401 0.105874 -0.0933751 -0.196299 -0.0754068 
-0.262301 -0.114201 -0.337433 0.172917 -0.0472309 
0.310008 0.288918 -0.0524603 0.188479 0.111789 
0.0387805 -0.100673 -0.0676675 -0.52437 -0.338496 
-0.290579 -0.259124 0.348677 -0.00469426 0.180515 
0.259016 0.0106304 -0.102163 -0.354294 -0.247487 
-0.101015 0.101888 -0.577717 0.103149 0.187515 
0.470325 0.222577 -0.359999 -0.00458032 -0.271558 
-0.0769246 0.14829 -0.0829557 -0.308896 0.223535 
0.289298 0.235889 -0.202986 0.292044 -0.152532 
-0.0749308 0.115828 -0.053057 0.134765 -0.0749819 
0.243279 -0.173226 0.00656487 -0.219494 -0.722116 
pop 7 layer 1
dims 16 16
0.738609 -0.518066 -0.0363455 -0.0675974 0.0851884 0.128641 -0.388175 -0.604318 0.304828 -0.689431 -0.576027 0.329294 -0.469802 -0.0213214 -0.172569 -0.10561 
0.186206 0.0513931 -0.0591609 0.0151044 -0.0842494 0.348521 -0.0906935 0.537367 -0.223464 -0.190551 -0.579177 0.0318193 0.401795 0.459438 0.433617 -0.067769 
-0.571376 0.00032282 -0.113311 0.0256571 -0.0712538 -0.337241 0.209797 0.391537 0.458507 0.309109 -0.046854 -0.0526852 0.139391 -0.120515 -0.171132 0.137949 
-0.0484223 -0.113779 -0.100604 -0.0110164 -0.281684 -0.0236448 -0.398083 0.0950082 -0.313183 0.153841 -0.408589 -0.239237 0.276901 -0.205122 0.101072 0.402169 
0.0274386 0.254539 0.0523042 0.260721 -0.156467 -0.304132 -0.0590964 -0.180548 0.158641 -0.154481 -0.120503 0.431773 0.053629 0.613559 -0.265463 0.402864 
0.0109176 -0.273832 0.576545 0.0879759 0.0260326 -0.0727391 -0.386712 -0.42838 0.0805503 0.402987 0.365642 -0.0902451 -0.794712 -0.46273 0.0108523 0.231709 
0.0985563 0.0219357 0.0148233 0.233026 -0.365318 -0.139299 -0.0690213 -0.242519 -0.275042 -0.257078 0.0114683 0.151415 -0.330352 -0.00659525 0.362307 -0.0840149 
-0.260012 0.460421 0.109177 0.15305 0.472655 0.112756 0.26622 0.68575 -0.202411 -0.322092 0.195842 -0.398933 0.223401 0.0421385 0.0411153 -0.118891 
-0.403357 -0.0421981 0.143156 -0.555446 0.369994 0.14431 -0.0246206 -0.0690854 0.401069 0.0403593 -0.491328 -0.261474 0.0443103 -0.231768 -0.0323424 -0.0100305 
-0.567841 -0.0751346 -0.139166 -0.252134 0.248278 0.391546 -0.912336 0.588952 0.0092047 -0.20953 -0.0423654 0.0449774 -0.205377 0.26275 -0.356642 -0.355511 
-0.0650613 -0.460607 -0.626368 0.36279 -0.452694 0.041417 0.637912 -0.258017 0.566242 0.440406 0.724935 0.31299 0.186986 0.320044 -0.625358 0.4389 
0.312164 0.0753952 0.182445 0.120594 -0.105973 -0.150553 -0.44157 -0.168178 0.280077 -0.222565 0.370185 0.219744 0.22864 -0.0850989 0.308957 -0.622551 
0.19061 -0.759448 -0.102139 -0.0469869 0.043477 0.168255 0.2783 -0.0589426 -0.146823 -0.124686 0.941536 0.0787084 -0.118757 -0.0777481 0.403544 -0.594219 
-0.517563 0.512344 0.161617 -0.10292 -0.397519 0.216136 0.398071 0.265215 0.543642 0.0442058 -0.065493 0.476953 -0.0359367 0.167027 -0.0418668 0.534658 
-0.0560367 -0.300343 -0.197641 0.234334 0.0245292 0.208005 0.518838 -0.568919 -0.580371 -0.0652904 -0.481177 -0.0217833 -0.584109 -0.123825 0.155246 -0.0762544 
-0.153089 -0.256511 0.0209426 -0.0975266 0.228958 0.0898569 -0.704912 -0.0684153 -0.0476766 0.208681 0.383595 -0.0146272 -0.154829 -0.0910705 -0.441894 0.563532 
pop 7 layer 2
dims 4 16
-0.199006 0.1625 0.162176 0.393327 0.410184 0.25702 0.0928851 0.625492 -0.454982 -0.0547912 -0.177594 -0.116523 -0.245003 0.331518 -0.16872 0.110454 
0.335206 0.000683293 -0.355897 -0.33581 0.289543 -0.148697 0.179166 0.457892 0.069816 -0.485961 -0.346498 0.311326 0.516835 -0.0897712 0.0976956 -0.447098 
-0.301786 0.311035 0.414241 0.795751 0.218402 -0.734482 -0.293639 -0.449933 0.406167 -0.108224 0.019762 -0.00894528 -0.401764 -0.74929 0.060864 0.180367 
-0.0320846 0.191824 -0.121243 -0.0790853 0.331493 -0.2605 0.319478 -0.11359 -0.274314 0.00157064 0.120417 0.11942 0.0114922 -0.498518 -0.526224 0.631908 
pop 8 layer 0
dims 16 5
-0.0664935 -0.219029 0.000979339 0.627054 -0.203515 
0.26463 0.502052 0.0971393 0.128885 -0.210059 
-0.410423 0.420315 -0.0430097 0.405105 0.411985 
-0.0695717 0.313606 -0.091428 0.0837411 -0.0581584 
-0.0297073 0.30456 -0.0674775 -0.207852 -0.182754 
-0.170282 -0.104458 -0.203488 -0.157683 -0.130846 
0.320935 0.215544 -0.0141906 0.199241 0.237035 
0.0321351 -0.113759 -0.0586701 -0.545272 -0.418952 
-0.509251 -0.268247 0.24681 -0.103832 0.282065 
0.0672166 0.107377 -0.255495 -0.363067 -0.206738 
-0.00639625 -0.0105812 -0.660118 0.15225 0.134602 
0.281024 0.343955 -0.19801 0.12707 -0.124547 
0.00877343 0.225957 -0.200592 -0.0690043 0.198956 
0.143273 0.338547 -0.236245 0.295174 0.0853592 
0.0257428 0.21272 -0.169619 0.351255 0.0419781 
0.211038 -0.380484 -0.128105 -0.243544 -0.82798 
pop 8 layer 1
dims 16 16
0.760949 -0.387939 0.055489 -0.0634669 0.0143942 0.19546 -0.445211 -0.691993 0.326564 -0.615404 -0.559083 0.340783 -0.405677 0.0688982 -0.372673 -0.0920197 
0.259331 0.0236828 -0.204098 -0.0127491 -0.0308711 0.138776 -0.0800308 0.57156 -0.334145 -0.138557 -0.644375 -0.0789568 0.411944 0.529039 0.4252 -0.0996882 
-0.522875 -0.0756867 -0.254747 -0.0713884 -0.132995 -0.232799 0.152919 0.433414 0.487985 0.31167 0.0186513 -0.0110392 0.0804359 -0.131069 -0.241721 0.150343 
-0.0386745 0.0785123 -0.0282236 0.192018 -0.15873 0.0849218 -0.674967 -0.0130697 -0.301677 0.110908 -0.348137 -0.32075 0.231224 -0.220447 0.0353644 0.299236 
0.0386823 0.223257 -0.0343586 0.160746 -0.196672 -0.229467 0.0537791 -0.139869 0.223092 0.0200177 -0.162016 0.407826 -0.0778742 0.587946 -0.198529 0.597126 
0.109528 -0.370484 0.602275 0.142627 -0.0521862 -0.0497921 -0.144872 -0.527458 -0.182001 0.540912 0.133739 -0.0772566 -0.81973 -0.63881 -0.0257555 0.0654565 
0.0532702 -0.0472024 0.100674 0.223141 -0.359127 -0.127196 -0.128037 -0.113851 -0.161775 -0.246128 0.00840247 0.205725 -0.219128 -0.0931716 0.453132 0.0880287 
-0.320088 0.44567 0.180661 0.266319 0.509576 0.197813 0.422838 0.664281 -0.232129 -0.19696 0.16422 -0.372296 0.127328 0.19964 0.11239 -0.00924378 
-0.491076 -0.0992792 0.130528 -0.283446 0.465247 0.140011 -0.0767814 -0.0751875 0.645942 0.324694 -0.253177 -0.100201 -0.108999 -0.172492 0.0829855 0.0357708 
-0.413101 -0.0703618 -0.342463 -0.222858 0.342207 0.281527 -0.981726 0.59741 -0.0756127 -0.163535 0.0162678 -0.0838172 -0.315618 0.255361 -0.320445 -0.386011 
-0.0482133 -0.38396 -0.633032 0.654044 -0.221252 0.224653 0.506007 -0.150445 0.575915 0.293895 0.685089 0.297033 0.241011 0.251204 -0.51932 0.403587 
0.528807 0.112099 0.264245 0.150324 0.0400326 0.016092 -0.382643 -0.0374295 0.122185 -0.168592 0.368353 0.339289 0.232673 -0.118787 0.350966 -0.760248 
0.18617 -0.717101 -0.235274 0.0349715 -0.121589 0.176424 0.288636 -0.299526 -0.0815778 -0.162297 1.03342 0.200131 -0.125401 -0.125796 0.38884 -0.484917 
-0.524411 0.683628 0.14871 -0.203585 -0.464453 0.044688 0.377824 0.286171 0.476292 0.141914 -0.0794969 0.546591 -0.191744 0.334508 -0.0443557 0.483373 
-0.201019 -0.469892 -0.360704 0.28759 0.128255 0.270632 0.583849 -0.689768 -0.496083 -0.293245 -0.404381 0.125004 -0.592119 -0.17106 0.0980859 0.0882449 
-0.0485604 -0.357229 -0.00737653 -0.148123 0.444146 0.109415 -0.817929 -0.0297693 -0.0330975 0.258677 0.449616 -0.188053 -0.217092 -0.0538931 -0.398252 0.534918 
pop 8 layer 2
dims 4 16
-0.0765019 0.232766 0.107676 0.375107 0.414538 0.271666 0.204957 0.672171 -0.503176 -0.0200141 -0.0693299 -0.195376 -0.361321 0.359079 -0.149779 0.0314502 
0.352228 -0.0453968 -0.418683 -0.455515 0.245541 -0.203144 0.304879 0.26897 0.236 -0.627519 -0.3924 0.309145 0.567126 -0.155226 0.159644 -0.644124 
-0.216361 0.254616 0.476834 0.964461 0.255122 -0.736729 -0.235851 -0.566278 0.394628 -0.207887 0.163601 -0.138931 -0.364952 -0.80206 0.162918 0.221967 
-0.069374 0.31282 -0.112511 -0.178352 0.471374 -0.37594 0.264273 0.0199701 -0.183453 0.00672105 0.14501 0.0040333 0.103028 -0.604856 -0.396994 0.621135 
pop 9 layer 0
dims 16 5
-0.147291 -0.361492 -0.109814 0.3086 0.168498 
0.271811 0.24347 0.145855 0.338774 -0.0402652 
-0.387581 0.249522 -0.0109863 0.490871 0.315121 
0.128424 0.122354 -0.174977 -0.0979184 -0.0798047 
0.0406257 0.0120344 -0.101975 -0.26178 0.186287 
-0.146289 0.216419 0.0168864 -0.393925 -0.303166 
0.208848 0.217738 -0.0920244 -0.0455533 0.0143227 
0.0642012 0.0122637 -0.0229449 -0.25015 -0.324496 
-0.177854 -0.238389 0.0927504 0.0371624 0.341954 
0.318092 0.277282 0.0131997 -0.151908 -0.370009 
0.0217363 -0.224582 -0.412278 0.529199 -0.0365159 
-0.109117 0.34077 -0.302109 0.0460416 -0.10042 
-0.214546 -0.1087 0.0808587 -0.231257 0.148604 
0.00827504 0.702125 -0.209749 0.028181 0.186654 
0.0440347 0.101867 -0.133713 0.262868 -0.139274 
0.0471328 -0.335329 -0.317225 0.0389197 -0.936226 
pop 9 layer 1
dims 16 16
0.168643 0.0389416 0.293051 0.0165154 -0.122851 0.344547 -0.413059 -0.287434 -0.0568623 -0.313589 -0.290405 0.227858 -0.369459 0.578488 -0.471484 0.626198 
-0.110675 -0.460375 -0.425738 -0.191562 -0.13559 0.170139 -0.313391 0.3655 -0.338141 0.176168 -0.415155 -0.0554191 0.286694 0.241906 0.508259 0.0250309 
-0.234533 -0.0489764 -0.240036 0.0870056 0.0105417 -0.1832 0.0366133 0.017528 0.512739 0.374092 0.372662 0.0851779 0.0691635 -0.165428 -0.163527 0.332853 
-0.0783199 0.407179 0.063059 0.192729 0.0213836 -0.285852 -0.455945 -0.16791 0.237864 0.234087 -0.244541 -0.507031 -0.123625 -0.0892529 -0.104878 0.0475337 
0.087092 0.166015 -0.627322 0.297764 0.197676 0.208434 0.218652 -0.303213 0.159149 -0.305158 0.0011452 0.22741 0.436059 0.600695 0.233547 0.366269 
0.0429999 -0.214532 0.35038 0.0901389 0.315224 -0.0751561 -0.10035 -0.441223 -0.0630663 0.414206 -0.292265 0.135973 -0.505462 -0.270372 -0.262787 -0.151017 
0.0469586 -0.0994466 0.126581 0.361456 -0.33037 0.00865572 0.166258 -0.0535488 0.0164033 0.361366 0.301545 0.125617 -0.140461 0.142501 0.712438 0.0320553 
-0.107035 -0.193444 0.13938 0.287671 0.320317 0.334805 0.252233 0.252373 0.199615 -0.132052 0.10122 0.0801325 0.0264371 0.232094 0.447518 0.137353 
-0.154142 0.0563277 -0.0174292 -0.25163 0.350601 -0.270023 0.241136 -0.0660131 0.745807 0.156205 0.119275 0.0841354 0.0215671 -0.0519128 0.164346 -0.034128 
-0.030463 0.109495 -0.401655 -0.174297 0.61455 0.390668 -0.312925 0.33512 0.0827458 0.122924 -0.204285 0.0718903 -0.37375 0.463871 -0.172312 0.0642112 
-0.0672942 0.263263 -0.259689 0.362153 -0.478244 0.0118203 0.288253 0.0280709 0.328451 0.397759 0.607016 0.160972 0.297524 0.0591514 -0.546847 0.421214 
0.370968 0.365609 0.327573 0.127329 0.0939799 -0.173927 -0.676639 0.0527055 0.242252 0.0439406 0.146987 0.335368 -0.0485701 0.00291637 0.418743 -0.392818 
0.0943336 -0.219981 -0.334558 0.17892 0.238605 -0.358793 0.389434 -0.324033 0.241158 -0.147153 0.758359 0.417832 0.0733861 0.0117423 0.371956 -0.469642 
-0.0620426 0.519793 0.146754 -0.484747 -0.272179 -0.241889 0.721396 0.0332053 0.242685 0.0232839 -0.325936 0.410192 -0.22185 0.0861937 -0.320519 0.330924 
0.0725285 0.18224 -0.268974 0.778078 0.195088 0.357128 0.687921 -0.157685 -0.251856 -0.282297 -0.466811 -0.00530227 -0.581737 -0.116174 0.0928017 -0.0614076 
0.0505283 -0.292165 -0.284278 -0.284833 0.485891 -0.0354271 -0.36616 0.179833 -0.025172 0.403641 0.364109 0.0110555 -0.338497 0.148927 -0.25725 0.521329 
pop 9 layer 2
dims 4 16
-0.331481 0.0867203 0.0210916 0.320864 0.524977 0.186443 0.00804507 0.270423 -0.380707 0.0492139 0.0724426 -0.417697 -0.201092 0.0319769 -0.0335312 -0.252577 
0.0324749 -0.114516 -0.328022 0.0697632 0.614631 -0.22399 -0.095123 0.0422354 0.222908 -0.415473 0.0260423 0.197263 0.59201 -0.0897166 0.161411 -0.407916 
-0.284538 0.130655 0.171801 0.63858 -0.0787847 -0.681501 0.112638 -0.612991 0.375648 0.0365057 -0.0151483 0.128918 -0.643451 -0.435146 0.181029 0.160966 
0.0329994 0.0022982 0.0362851 0.0263787 0.386377 -0.563821 0.377926 -0.145558 -0.142561 -0.168873 0.0392393 0.0405171 0.109664 -0.596607 -0.403395 0.520875 
vWeights_end
generator 1371684761 3423588119 2984404165 1809051504 2072297883 2752721436 674505603 1779329192 103657411 4012662407 4148622816 2586061865 298832972 472940520 1033883423 3390431597 2874335313 1863453340 1335378294 2862113417 3537665131 2048743843 4276303178 2473283676 1049484212 2630597156 1452096069 1229813010 1479925067 2766098095 1522557630 2570122509 2067740194 55609098 2068451996 258703733 3275933860 1187485445 1633620468 3720013137 173938478 1266881060 3999892833 2499389306 53910104 224846636 2147692139 951118231 994265929 4130431415 883332499 2025887953 4080639050 1330377830 631631685 3428605739 1928202544 1029862781 630908517 2399228852 1245122389 1597927518 4233867131 426071183 338207861 4071055728 1963270444 2238353545 2572284666 2800960610 2418449459 3810327247 4070996587 726800058 2126113591 935359715 1974646028 3478583360 4178599329 3497279485 50612540 4175484721 1173257533 1346240828 896798393 2307986554 2391871778 823720585 1129043880 3279507815 3819778339 1519718353 227145464 2569626356 3004125998 3742546590 3878619016 1651345797 460983531 377293963 145115998 4141097543 2298200380 962596035 1091813579 2514010284 3663836965 2837598351 3316080293 2557384906 2352203878 3921477846 661271223 2314474663 2636962833 1299300760 2511905267 4212032795 3434879515 2386385701 2378462456 1131340017 1639482498 358091313 2496210919 1604196027 1141442431 55432786 2879896252 4060031544 564491484 1616679134 1828256758 2680465282 2548232918 4081015378 1896371459 3995606584 1547645217 3529371823 2619509400 1871859913 748863110 3380876721 2016052495 1541504192 2024625001 2844673278 2419586330 1719800496 2777795012 700379723 2074825010 3769097468 1135303404 2624974815 2601711966 2193691850 509808518 3844301646 3654125034 2300960125 370458323 3928884599 742309806 3856685059 2912228168 2769578842 2998988667 833863087 1492720296 3052672044 4215131482 1692052535 987482731 353979002 1660403655 4053876277 1000400785 2642079744 1674865298 3102559058 3491391505 2372076881 3385973523 1556525117 1245248343 2082721050 1129285947 541284931 1036742022 188651680 2459429178 1289002106 3244028025 1071577659 1689928905 3006153720 171375385 3830221742 2311983697 2792540232 1097187242 290910590 1628141184 2780307111 7658986 3153058797 366148111 249926569 2793956318 2106151202 823397303 401476440 4260480674 677965571 522104024 3930630547 1264362071 419869682 2292064635 3577208010 3842193628 4137407103 3752166198 4262204571 2028646282 2329754665 3751371673 3095792454 2062465771 3687119074 179484849 3724431416 1783057586 3838019994 2254112613 2386912620 976156066 763834059 3593921124 161611754 187745597 2220872292 1441943516 1158243189 2143968404 2758461574 2967837665 583558362 1761013297 4290502846 903774166 4275704749 3853992051 2094756405 4193404555 675288607 2382805601 3038241849 1968735889 35177656 1784677193 1107918440 1007270466 851040637 2527419106 1496944785 2121339247 1748232919 1948693016 1310846534 1668098723 3966887146 1290690724 623266308 2272972592 434145896 3147940293 1812799028 165161438 4275277714 1691125234 2675495014 1402283390 1581569139 949560772 1600303064 2702741018 2284090122 3222143560 2309703543 3089956214 3640309704 658241223 4122159506 999792001 218880774 1306404218 3202003565 2568549540 3884323674 2691200434 2802559014 2407800626 1732406482 362430917 726203675 446829677 3495432184 902290956 3732977363 2685158408 739103435 1079738689 940553466 2633266726 488392919 2728628617 2593668905 1961038379 3658632654 215943684 1995066645 1366210504 3650760979 3387680286 759147737 390818109 2277850499 2985054087 3990942586 1012177677 2014158662 484090507 1278746191 2956912189 2904521528 1437463517 3868114610 2918081034 3740714898 3486876811 1016256503 707004979 1536907426 944892797 3850655043 410504284 1448070060 360686221 1999594676 3020140370 54428815 1519804364 1971703585 2174246960 1644253772 764988696 3448931017 1077265977 450042488 3676284932 1237473963 4200728419 2864598128 2024919297 2646938942 3521702378 4113890465 3154669146 2011616377 3826236316 1312212237 2030237105 3542696427 930006785 1141490603 4208421962 2254204237 1304768417 3964977171 2673864205 1719612330 1661791233 1662411799 2147250269 1930039774 969341922 1235372706 597402879 2070342277 1571103591 418593780 3746575221 3338632711 1582641435 3669803481 2596123825 975336218 3071401405 812015907 1860271057 2691185094 940051203 2477551298 1240638106 2579812795 3227367645 963120298 425705359 292160051 2871904738 3106695723 1221009663 1044621736 883531093 2829125299 2000094484 3888868623 3040126673 3687754869 3676279720 3135316810 3662499517 3034764599 3238848088 305507955 4258274705 241846279 4058665816 2319221862 236759279 2217703215 4118644225 4119913929 35902850 3885801163 992056434 955144445 4219355687 2023339216 3923937633 3065936230 2822444688 3931353227 1096213493 3210160681 596060406 223115814 2065093103 1973966818 2941248037 1352152744 2443378605 158179072 221334855 2128798722 2886933281 131260280 3730189275 486729557 782921627 1705193929 1353815829 3930949738 1644445970 3734583154 1837278011 2407706652 1291024933 1682549647 1381022274 2347438967 937982104 1104866751 3054466742 1709851678 2023673770 2602418974 1444742806 1631664447 527546362 3729866799 699281193 2841044387 305758315 3572869565 4179574345 2390658117 3688762785 946597119 1868996462 251378739 2203169778 4030948682 1898953133 759124566 1043463578 3987436071 2699635639 375912480 293428032 3946379018 978847306 2425076108 4257798867 1740649417 1630900048 4114324739 2998368753 3075288391 236292196 2236754336 3597845863 4124270325 485525733 3775563974 2239810020 563567985 3335980262 160123644 3283547653 2612026900 2044284490 3398695811 2342394783 2056915235 3529906648 1851615443 3558422907 2412486295 64511585 3938716595 3526745374 1300905587 2131506520 3856412622 2443993191 1337654644 1378008997 3608761237 2445208667 3148217226 2339465246 1647847109 195423272 2902270443 3956828862 3368363594 1854870571 983469235 1601818698 803795049 2823229443 483424278 2803479297 172337692 2251690100 1326701527 2709638531 2019827001 145581081 3590197166 1928031210 3290585961 3415766784 3048223931 926877733 2747284563 2462425529 632394293 3109847562 3861763347 1823255726 2793549946 1086582897 2204326462 1231554804 2436546555 1630477993 1200226186 1576928663 508887809 1845801553 3622075829 2488843479 3525909432 3449034655 3395293480 272662264 2245800171 537938195 967830737 512556667 1276159420 2014907247 416633103 2535956744 1548412665 2048421518 3249075565 2517815942 901759631 626246392 2968501549 1175267970 1814408593 4253345450 1332923720 4268517536 3416090903 3482963762 3995556386 3176853978 128116621 3130849436 715395812 3121043407 236607456 979925266 1745867023 1144159771 2948374024
