sName lunar_lander
version 1
nEpochs 300
nPopSize 100
nTop 10
act 1
populationStrategy 2
randomInjectionRatio 0.35
nLayers 4
vSize 5 16 16 4 
vBiases_start
pop 0 layer 0
dims 16 1
-0.266033 
-0.0665677 
-0.237174 
-0.387949 
0.0346378 
-0.340614 
0.100767 
0.0574533 
0.259421 
0.606682 
0.377696 
-0.392669 
-0.210754 
-0.145866 
-0.22366 
0.427458 
pop 0 layer 1
dims 16 1
-0.398863 
-0.186546 
-0.755446 
0.233428 
0.135047 
0.224132 
0.552767 
0.647146 
0.600596 
0.474962 
0.18917 
0.726242 
0.200417 
0.138991 
-0.340555 
-0.0664481 
pop 0 layer 2
dims 4 1
-0.164079 
0.53939 
-0.0922501 
-0.0526962 
pop 1 layer 0
dims 16 1
-0.580187 
0.0287917 
-0.483164 
-0.600563 
0.184754 
-0.166098 
-0.123164 
-0.110306 
0.559327 
0.146373 
0.406449 
-0.371105 
-0.219338 
-0.0736494 
-0.159688 
0.429271 
pop 1 layer 1
dims 16 1
-0.249896 
-0.28438 
-0.771942 
0.322195 
-0.139847 
0.663467 
0.712308 
0.455806 
0.612518 
0.479399 
0.099112 
0.47956 
0.306477 
0.18567 
-0.611953 
0.0576792 
pop 1 layer 2
dims 4 1
-0.566797 
0.530026 
-0.168738 
-0.392602 
pop 2 layer 0
dims 16 1
-0.31367 
0.0770948 
-0.528901 
-0.319175 
-0.0570496 
-0.248078 
0.0962955 
0.0291379 
0.154478 
0.369986 
0.229346 
-0.161398 
-0.402986 
-0.218505 
-0.175206 
0.489909 
pop 2 layer 1
dims 16 1
-0.132233 
-0.284654 
-0.646897 
0.282577 
0.0100235 
-0.16905 
0.416958 
0.390541 
0.492262 
0.442063 
0.210908 
0.528305 
0.582039 
0.176812 
-0.498121 
-0.106632 
pop 2 layer 2
dims 4 1
-0.562292 
0.318294 
-0.123519 
-0.0586839 
pop 3 layer 0
dims 16 1
-0.427511 
-0.0686138 
-0.369506 
-0.239075 
-0.225066 
-0.351795 
-0.0918453 
-0.050713 
0.516229 
0.248066 
0.344714 
-0.345562 
-0.511311 
-0.172055 
-0.163271 
0.516564 
pop 3 layer 1
dims 16 1
-0.209126 
-0.344592 
-0.690452 
0.283063 
0.123809 
0.107981 
0.416467 
0.589365 
0.541716 
0.612936 
0.0848268 
0.57637 
0.476692 
0.115146 
-0.503416 
-0.202926 
pop 3 layer 2
dims 4 1
-0.581066 
0.375252 
-0.258875 
-0.0540868 
pop 4 layer 0
dims 16 1
-0.207762 
-0.0259593 
-0.325475 
-0.420346 
0.0916147 
-0.312285 
-0.023192 
0.116679 
0.361172 
0.31563 
0.419789 
-0.510011 
-0.22686 
-0.162114 
-0.100388 
0.377754 
pop 4 layer 1
dims 16 1
-0.0949641 
-0.2777 
-0.701601 
0.22605 
-0.0739902 
0.268295 
0.79354 
0.715066 
0.579188 
0.46643 
0.211083 
0.757123 
0.210998 
0.260775 
-0.364699 
-0.122488 
pop 4 layer 2
dims 4 1
-0.28603 
0.505407 
-0.340339 
0.00891614 
pop 5 layer 0
dims 16 1
-0.309595 
0.0533567 
-0.34489 
-0.288687 
-0.0942079 
-0.262064 
0.0782044 
-0.0236637 
0.262816 
0.25795 
0.290697 
-0.280319 
-0.437538 
-0.191704 
-0.300941 
0.629064 
pop 5 layer 1
dims 16 1
-0.296088 
-0.501148 
-0.544511 
0.247789 
-0.0108581 
0.0160959 
0.210848 
0.513795 
0.509203 
0.648452 
0.222487 
0.502438 
0.467546 
0.0101049 
-0.457804 
-0.240643 
pop 5 layer 2
dims 4 1
-0.517355 
0.387094 
-0.30122 
0.070572 
pop 6 layer 0
dims 16 1
-0.411024 
-0.0830312 
-0.293712 
-0.240044 
-0.283081 
-0.250386 
0.00687728 
0.0585192 
0.513439 
0.141405 
0.233384 
-0.312889 
-0.5694 
-0.0696062 
-0.0322066 
0.387695 
pop 6 layer 1
dims 16 1
-0.251009 
-0.35553 
-0.622411 
0.294216 
-0.0181536 
0.0453675 
0.0783181 
0.513846 
0.566139 
0.460688 
0.107004 
0.539675 
0.527891 
-0.0121032 
-0.489989 
-0.154147 
pop 6 layer 2
dims 4 1
-0.674591 
0.225166 
-0.10438 
-0.0688554 
pop 7 layer 0
dims 16 1
-0.145118 
0.0500055 
-0.203389 
-0.234741 
0.0267611 
-0.195063 
0.0485151 
-0.0428162 
0.266343 
0.296161 
0.516048 
-0.426263 
-0.0636268 
-0.267929 
-0.222117 
0.35591 
pop 7 layer 1
dims 16 1
-0.145679 
-0.171783 
-0.653404 
0.161648 
0.00135158 
0.219077 
0.862334 
0.676675 
0.543648 
0.443792 
0.147193 
0.591343 
0.255472 
0.228585 
-0.272455 
-0.0654642 
pop 7 layer 2
dims 4 1
-0.47752 
0.154204 
0.223801 
-0.031138 
pop 8 layer 0
dims 16 1
-0.123183 
0.314183 
-0.429674 
-0.148319 
0.0837009 
-0.586507 
0.00837783 
0.142339 
0.433341 
0.37334 
0.469295 
-0.327484 
-0.355316 
-0.33293 
-0.273328 
0.490053 
pop 8 layer 1
dims 16 1
-0.290684 
-0.376067 
-0.920422 
0.464274 
-0.104394 
0.279968 
0.852307 
0.81741 
0.671861 
0.715989 
0.164876 
0.681325 
0.371235 
0.652648 
-0.425645 
-0.145652 
pop 8 layer 2
dims 4 1
-0.443922 
0.642819 
-0.149977 
-0.251339 
pop 9 layer 0
dims 16 1
-0.339361 
-0.0276418 
-0.295385 
-0.275245 
-0.0373327 
-0.316219 
0.0650388 
0.276862 
0.556439 
0.258371 
0.26393 
-0.487039 
-0.430249 
-0.226175 
-0.125303 
0.297316 
pop 9 layer 1
dims 16 1
-0.242879 
-0.41298 
-0.728925 
0.371034 
0.090437 
0.404723 
0.527701 
0.863619 
0.587217 
0.615698 
0.179482 
0.530376 
0.457697 
0.00317292 
-0.490835 
-0.292245 
pop 9 layer 2
dims 4 1
-0.340914 
0.504122 
-0.406129 
0.00802014 
vBiases_end
vWeights_start
pop 0 layer 0
dims 16 5
-0.141879 -0.3658 -0.0392965 0.972522 0.17887 
0.145499 0.635853 0.156584 0.226474 -0.148866 
-0.559186 0.172738 -0.434667 0.245033 0.0964764 
-0.00644656 0.266101 0.0753238 0.272734 0.221884 
-0.296988 -0.247323 -0.128538 -0.536909 0.0429036 
0.0640705 -0.19853 0.155273 -0.116719 -0.340515 
0.281545 0.597032 0.567824 0.0774678 0.318694 
0.252794 0.442006 0.0152253 -0.307084 0.336947 
-0.466602 -0.310377 -0.30349 -0.296258 0.170503 
-0.114592 0.179319 0.443239 0.0671653 0.0582303 
0.316313 0.0149294 -0.597057 0.228982 0.0686309 
-0.333362 0.578915 -0.581683 -0.13935 -0.215401 
-0.674453 0.0319005 -0.208024 0.0642433 0.243025 
-0.240309 0.765474 -0.512039 -0.0357022 -0.0200654 
-0.123213 0.360037 -0.272221 0.2816 -0.179789 
0.423434 -0.047782 -0.226857 0.0637804 -1.42773 
pop 0 layer 1
dims 16 16
0.553717 -0.474437 0.137026 0.0897217 -0.0557431 0.245671 -0.682671 -0.388041 0.123513 -0.392252 -0.641867 0.453497 -0.817151 0.335939 -0.480817 0.487477 
0.0924665 -0.0498178 -0.123358 0.10459 -0.161447 0.0318857 -0.446467 0.536213 -0.225498 0.0343096 -1.18666 0.0383371 0.28585 0.134718 0.755887 -0.180082 
-0.149338 -0.0416621 -0.378604 -0.257161 -0.359532 -0.508454 0.261501 0.479902 0.674021 0.141232 -0.0483592 0.152332 0.211469 0.0731964 -0.406802 -0.0762094 
-0.130816 -0.112963 -0.403515 0.301454 0.248728 0.311395 -0.744817 -0.273462 -0.138173 0.569128 0.233275 -0.608248 0.0773577 -0.508519 0.278447 0.463862 
0.0462528 0.0429445 0.137193 0.31804 0.182439 -0.415169 -0.158823 -0.339418 0.116796 0.281423 0.0176285 0.140786 0.0155829 0.725849 -0.261927 0.530775 
-0.0459268 0.0467214 0.777868 -0.100917 -0.269547 0.147064 0.0985997 -0.7234 -0.465659 0.850156 -0.329811 0.203188 -0.797148 -0.882557 -0.402437 -0.415569 
-0.0431005 0.0933912 0.384829 0.189459 -0.468367 -0.558029 0.0884489 -0.394864 -0.31611 -0.173041 0.408455 0.174575 -0.458741 0.355865 0.513772 0.194971 
-0.542666 0.370946 -0.0641777 0.248816 0.500843 0.699893 0.403496 0.521504 0.11009 0.0780263 -0.0668161 0.06528 -0.390778 -0.26564 0.295442 0.166191 
-0.329612 -0.264869 0.198494 -0.396508 0.572143 -0.047731 -0.0193233 0.323862 0.985952 0.113813 0.519826 0.194405 -0.0715062 -0.358424 -0.0162546 0.190692 
-0.173724 -0.418684 -0.432292 -0.127576 0.79292 0.106801 -1.0672 0.541643 -0.0599571 -0.173192 0.108051 0.0455605 -0.36326 0.539159 -0.202913 -0.467044 
-0.0163959 -0.0649751 -0.51763 0.568253 -0.0967623 -0.291578 0.158152 -0.119382 0.384632 0.0687941 0.992678 -0.161535 0.707052 0.165112 -0.53106 0.641009 
0.539174 0.483361 0.561626 0.478543 -0.0764254 -0.200092 -0.543934 -0.0101293 0.261373 0.0763568 0.244126 0.658072 0.228376 -0.185169 -0.148531 -0.730838 
0.596807 -0.917721 -0.54156 0.465334 -0.0599345 0.234362 0.95179 -0.370441 0.156502 -0.0410355 0.544277 0.690919 -0.114146 -0.315237 0.794732 -0.0778607 
-0.793366 0.535797 -0.00795837 -0.489054 -0.467005 -0.0165543 0.578554 0.148266 0.523347 -0.349151 -0.726599 0.408812 -0.0598987 0.0780716 -0.0519365 0.76182 
-0.380918 -0.0787225 -0.683888 0.823705 0.420294 0.235406 0.533756 -0.542004 -0.98222 -0.345853 -0.432018 -0.222457 -0.425618 -0.0851339 -0.403813 0.369523 
0.220911 -0.235121 -0.0451249 -0.0566367 0.797518 0.219441 -1.04205 0.000993967 0.083187 0.32413 0.304763 -0.076243 -0.614742 -0.406113 -0.552741 0.521688 
pop 0 layer 2
dims 4 16
-0.324395 0.488458 -0.202499 0.606111 0.464135 0.38365 0.373749 0.0749737 -0.503705 0.0193496 -0.161941 0.147324 0.303091 0.293691 -0.196798 0.276329 
0.212342 0.0166432 -0.102476 -0.245364 0.807639 -0.534065 0.6214 0.00535063 0.541184 -0.196692 -0.721826 -0.225573 0.264213 -0.326253 0.318998 -0.949919 
-0.0500933 0.3804 0.572921 0.688115 -0.143632 -0.162123 -0.137956 -0.98158 0.177428 0.20302 -0.28722 -0.00870417 -0.343924 -0.513002 0.176064 0.179271 
-0.225977 -0.0810708 0.0457678 -0.275855 0.592904 -0.521155 0.405588 -0.439649 -0.249642 -0.353196 0.243503 -0.130169 -0.0221879 -0.543963 -0.270342 0.581188 
pop 1 layer 0
dims 16 5
-0.0198337 -0.146424 0.00925895 0.591552 0.1307 
0.285366 0.54429 0.188562 0.49817 -0.488192 
-0.60872 0.413834 -0.480067 0.201015 -0.141788 
0.0115809 0.124583 0.0521426 -0.0170149 -0.0440684 
-0.443993 -0.176064 -0.249288 -0.604488 0.0781582 
-0.340672 -0.16511 0.00925291 -0.0741462 -0.409666 
0.324646 0.974913 0.487732 0.000212744 0.6287 
0.198132 0.296255 -0.268491 -0.455825 0.37629 
-0.585431 -0.548844 -0.14983 -0.0926978 -0.0356568 
-0.162176 0.114149 -0.00422618 0.190415 -0.123728 
0.0216955 -0.150436 -0.974697 0.266513 -0.341145 
-0.323123 0.518794 -0.260823 -0.492806 -0.10016 
-0.728331 0.156077 0.220531 -0.190025 -0.142099 
-0.132435 0.803274 -0.470916 0.0885969 -0.212445 
-0.110873 -0.0649372 -0.167262 0.238575 -0.403216 
-0.0515286 -0.643502 -0.0487194 0.053823 -1.4994 
pop 1 layer 1
dims 16 16
0.817431 -0.595328 -0.0416329 0.556245 -0.0929244 0.278831 -1.17132 -1.00016 0.389842 -0.50476 -0.539537 0.643664 -0.867496 0.196413 -0.430679 0.242965 
0.0814911 0.0669109 -0.188338 -0.119494 -0.167042 0.35965 -0.583018 0.626057 -0.114981 0.11369 -1.64489 -0.0916557 0.377094 0.310155 0.544351 -0.508101 
-0.490076 -0.0825773 -0.340264 -0.295315 -0.532749 -0.00079168 0.134122 0.363589 0.685032 0.523033 0.204611 0.247043 0.0604287 0.240426 -0.23316 0.0427995 
-0.0467474 0.388214 -0.0823034 0.11857 0.157984 0.114015 -1.04108 -0.294476 -0.18579 0.757695 -0.0381368 -0.270576 0.175646 -0.216959 0.371308 0.652704 
-0.474278 -0.146486 -0.0915922 0.386587 -0.0484422 -0.242482 -0.164117 -0.658533 0.199796 0.0945707 -0.0104151 0.103806 -0.375928 1.00232 -0.132025 0.339394 
-0.408491 0.0286853 0.825414 -0.244258 -0.0855561 -0.150558 -0.13176 -0.754643 -0.503924 0.832836 -0.138452 0.153788 -0.858324 -1.11461 -0.144519 -0.658805 
-0.0176023 0.146648 0.243083 0.0586698 -0.192547 -0.604908 0.2965 -0.727043 -0.551668 -0.313617 0.220094 0.16119 -0.318707 0.382435 0.536345 0.241507 
-0.719255 0.43408 0.144469 0.279657 0.502166 0.754351 0.304564 0.594173 -0.0326243 0.0104096 0.151427 0.324139 -0.0190333 -0.229343 0.175426 0.316074 
-0.579824 -0.161561 0.0687713 -0.337336 0.695745 0.230164 0.197889 0.0738611 1.27261 0.534121 0.418193 -0.086377 -0.0525489 -0.330749 0.435204 0.280594 
-0.0690438 -0.470435 -0.405069 -0.0272512 1.07212 0.281044 -1.13526 0.661805 0.082424 0.0127289 0.464062 0.162397 -0.776803 0.531661 -0.448777 -0.700818 
0.113899 -0.0641738 -0.594732 0.78175 -0.274578 0.0125475 0.189045 0.158879 0.590567 0.296275 1.21707 0.158409 0.575603 0.381016 -0.848863 0.911395 
0.529126 0.608049 0.676839 0.664912 -0.139412 0.0794981 -0.613532 -0.107994 -0.0661947 -0.132191 0.277437 0.406965 0.175518 -0.164789 -0.127743 -1.03682 
0.585563 -0.828171 -0.513193 0.687058 -0.535611 0.304012 1.19719 -0.44466 0.218174 0.215068 1.19753 0.723308 -0.093199 -0.279246 0.880629 -0.436719 
-1.01311 0.926729 0.0115978 -0.456439 -0.476907 -0.119857 0.598896 0.286515 0.273407 -0.262509 -0.63977 0.658588 -0.0525235 0.138165 0.370918 0.972691 
-0.474623 -0.417319 -0.62693 0.984818 0.175924 0.363711 0.21189 -0.539545 -1.12544 -0.222029 -0.482191 -0.0642285 -0.61954 0.29833 -0.685503 0.329755 
0.0733952 -0.333525 -0.133904 0.0130585 0.759985 0.386157 -1.26238 0.281219 0.498615 0.287814 0.425201 0.0436908 -0.782186 -0.25819 -0.435542 0.660922 
pop 1 layer 2
dims 4 16
-0.234174 0.34549 -0.0869187 0.763165 0.576581 0.215896 0.52774 0.272027 -0.433104 0.0436642 0.195426 0.0703786 -0.0283718 0.428146 -0.0852691 0.390597 
0.152552 -0.0140642 -0.13558 -0.188222 0.463499 -0.348042 0.389225 -0.270099 0.221684 -0.108545 -0.755205 0.130147 0.289316 -0.57104 0.299754 -0.869678 
-0.0725934 0.337219 0.184597 0.990598 -0.309369 -0.518648 -0.0139049 -0.950857 0.273218 0.447982 -0.293277 -0.413094 0.0135859 -0.397599 0.153051 0.0051884 
0.171399 0.0791864 0.162223 -0.422258 0.716914 -0.604795 0.409333 -0.215882 -0.162762 -0.241753 0.279308 -0.084496 0.192874 -0.630426 -0.397403 0.617325 
pop 2 layer 0
dims 16 5
0.181516 -0.273204 -0.127366 0.734697 -0.00714606 
0.600743 0.29993 -0.0156131 0.140219 -0.201609 
-0.115252 0.354949 -0.0778143 0.462568 0.415955 
0.175448 0.331694 -0.0407301 0.160698 -0.00886019 
-0.0979226 0.233359 -0.378478 -0.312164 0.132369 
-0.360965 0.215766 0.0650177 -0.0890749 0.0226788 
-0.0989715 0.288911 0.258262 0.00542401 0.345372 
0.134352 0.41423 0.121049 -0.327361 0.0274244 
-0.599703 -0.716506 0.0426399 0.0584398 0.0344189 
0.199524 0.134254 -0.0859265 -0.190287 0.0441012 
-0.1153 -0.0223231 -0.571465 0.218713 -0.00535285 
0.138364 0.569756 -0.391627 -0.229602 0.110448 
-0.207576 -0.0974209 -0.171207 0.0187675 0.345714 
0.197393 0.992506 -0.648199 0.170965 0.00493347 
-0.0356788 0.296405 -0.375912 0.197763 -0.123492 
0.293003 -0.19367 -0.0873014 -0.11927 -1.21554 
pop 2 layer 1
dims 16 16
0.507011 -0.333499 -0.137637 0.018654 -0.086482 0.353745 -0.538396 -0.806931 0.289857 -0.601063 -0.552161 0.378868 -0.691488 0.56053 -0.487187 0.339716 
0.054245 -0.433565 0.0363769 0.118545 0.223104 0.243778 -0.300846 0.431382 -0.188772 -0.192783 -1.36264 -0.0453288 0.260553 0.42744 0.712664 -0.350817 
-0.408293 -0.246828 -0.407167 -0.201208 -0.367846 -0.182403 0.268181 0.539218 0.728613 0.189077 -0.0830671 -0.0988359 0.246841 -0.0748313 -0.20918 0.274016 
0.0100749 -0.171621 -0.0868345 0.0583385 -0.059259 -0.214173 -0.832812 -0.130654 -0.348677 0.31047 -0.245434 -0.662255 -0.0799688 -0.471672 0.0606045 0.303931 
0.185149 -0.106076 0.137154 0.272081 0.0963758 -0.142796 -0.201503 -0.412701 -0.0302045 0.086076 0.159327 0.20698 -0.0819617 0.870191 -0.142953 0.427332 
0.334805 -0.146283 0.617748 -0.0933939 -0.0600113 -0.0282083 0.0246395 -0.73288 -0.186284 0.713122 0.208859 0.256985 -0.529975 -0.868895 -0.236456 -0.520045 
0.279778 0.164674 0.30004 0.0675097 -0.264539 -0.236938 -0.0392819 -0.47149 -0.296817 0.0224295 0.119944 -0.21603 -0.017635 0.108759 0.618577 0.128135 
-0.408833 0.193712 0.215555 0.579007 0.406762 0.351765 0.401714 0.511776 -0.0179967 0.0268017 0.416421 0.263734 -0.362923 -0.129819 0.372156 0.176152 
-0.466941 -0.205741 -0.0331975 -0.342653 0.354144 0.187022 -0.0436864 0.139844 0.658396 0.547682 0.182262 0.035098 -0.196118 -0.209187 0.0458689 0.223082 
-0.475948 -0.462336 -0.536708 -0.216109 0.988526 0.171969 -1.0481 0.550177 -0.00560937 0.320168 -0.385535 0.0192432 -0.610639 0.496719 -0.200507 -0.454247 
-0.314633 -0.103955 -0.751021 0.674962 -0.549563 0.233316 0.00122213 0.087754 0.515918 0.262662 0.901816 0.49297 0.708756 0.363244 -0.670779 0.570782 
0.53392 0.169096 0.518148 0.349879 -0.128458 -0.0911328 -0.32642 -0.104379 0.0459844 0.0272821 0.236766 0.183254 0.20237 0.0792567 0.296553 -0.634624 
0.396219 -0.76778 -0.356045 0.306767 0.0362369 0.155043 0.972381 -0.428951 0.22124 -0.344971 0.783741 0.505719 -0.032112 -0.386456 0.719358 -0.366365 
-0.628392 0.741121 -0.0826945 -0.346461 -0.288781 0.175365 0.495675 0.0552272 0.542979 -0.00879927 -0.524075 0.839276 -0.218459 0.355937 -0.219366 0.852167 
-0.327849 -0.554605 -0.591715 0.77357 0.402504 0.33198 0.719224 -0.771157 -0.735608 -0.118753 -0.223905 -0.187821 -0.512315 -0.0953073 -0.314345 0.396278 
-0.147463 -0.380811 0.118086 -0.341233 0.577923 0.016091 -1.00187 0.184518 0.285417 0.353812 0.278592 0.103805 -0.424609 -0.244102 -0.476088 0.711387 
pop 2 layer 2
dims 4 16
-0.00599316 0.282215 0.083765 0.669148 0.667809 0.073395 0.253792 0.0802 -0.56988 0.0999585 0.138124 -0.0540173 -0.31677 0.455727 -0.158691 0.124396 
0.393636 -0.0127387 -0.0742883 -0.273804 0.496217 -0.290489 0.607542 -0.0827908 0.447842 -0.565657 -0.611609 0.22799 0.610588 -0.276692 0.139076 -0.61178 
-0.0296239 0.449725 0.312106 1.12041 -0.0976708 -0.788576 0.0785064 -1.02829 0.450454 0.073521 -0.124686 -0.0696924 0.0186529 -0.527404 0.0823604 0.0484251 
-0.307255 -0.00135704 0.2023 -0.183521 0.605488 -0.701068 0.332967 -0.1847 -0.234426 -0.151004 -0.00571159 0.0119862 0.0620485 -0.728997 -0.523886 0.527552 
pop 3 layer 0
dims 16 5
0.0246149 -0.296061 -0.27563 0.831556 0.0468365 
0.566455 0.282934 -0.107628 0.221704 -0.517633 
-0.466403 0.16158 -0.0940111 0.384666 0.21358 
0.00790355 0.147624 0.024633 0.110188 0.0774586 
-0.439038 -0.0222005 -0.581717 -0.429872 0.0121704 
-0.402255 0.0215999 -0.0245249 -0.119069 -0.357186 
0.165544 0.541658 0.410283 0.0076473 0.308234 
0.144952 0.302489 -0.123867 -0.559633 0.0921854 
-0.541379 -0.732968 -0.136145 -0.222665 -0.0792357 
0.186895 0.171999 -0.355196 0.0866287 0.0371954 
0.0786987 -0.0548604 -0.713037 0.327907 0.0395199 
-0.102118 0.546912 -0.447804 -0.371583 -0.0954281 
-0.532989 0.11486 0.0129153 -0.119049 0.166957 
-0.0416712 0.883807 -0.436493 0.0524773 -0.179356 
-0.0788525 0.380491 -0.3597 0.0596402 -0.267279 
0.462598 -0.50204 -0.0530266 0.13104 -1.719 
pop 3 layer 1
dims 16 16
0.6903 -0.536456 -0.0745364 0.145645 -0.145667 0.298838 -0.670463 -0.752969 0.338434 -0.59385 -0.514225 0.357992 -0.713915 0.57763 -0.560394 0.32375 
0.118869 -0.217876 -0.0786271 0.0473932 -0.0525659 0.261868 -0.235309 0.489227 -0.44044 -0.15002 -1.33202 -0.0885204 0.317584 0.440069 0.707364 -0.49083 
-0.370045 -0.148196 -0.543908 -0.276883 -0.396423 -0.225914 0.270252 0.436038 0.663755 0.252653 0.024599 0.203909 0.318943 0.0562687 -0.119689 0.295408 
-0.0697523 -0.100109 -0.0968654 0.127283 0.00294797 -0.149556 -0.846547 -0.0738511 -0.250921 0.299468 -0.223972 -0.572545 -0.0416551 -0.587715 0.153383 0.367837 
0.133291 -0.0321703 0.0189597 0.525159 0.0963011 -0.147033 -0.335522 -0.42472 -0.0496451 0.187505 0.135261 0.246936 -0.15771 0.934529 -0.163538 0.48602 
0.0942879 -0.100945 0.794797 -0.0444796 -0.0971134 -0.0994088 -0.0118137 -0.868602 -0.248772 0.639883 -0.175642 0.226738 -0.634642 -0.96524 -0.35345 -0.534506 
0.231003 0.149489 0.250346 0.0435481 -0.372409 -0.311228 -0.0374451 -0.414251 -0.359259 -0.154202 0.254825 -0.0151488 -0.22059 0.201795 0.758921 0.18009 
-0.529152 0.1906 0.18082 0.622959 0.581171 0.341672 0.385483 0.610805 0.157368 -0.023726 0.321438 0.247584 -0.183881 -0.122857 0.27234 0.284326 
-0.501597 -0.188468 0.00640237 -0.320384 0.588883 0.0108556 -0.091784 0.101444 0.762238 0.519551 0.15411 0.0384107 -0.206907 -0.190605 -0.0132784 0.127094 
-0.385834 -0.441908 -0.566271 -0.13628 0.966524 0.190331 -0.980247 0.498696 0.0862404 0.148198 -0.280108 -0.00792725 -0.507386 0.538141 -0.165616 -0.411197 
-0.162127 -0.151322 -0.761327 0.714858 -0.329451 0.103785 0.064153 0.0843732 0.472672 0.298054 1.06271 0.335682 0.587685 0.382883 -0.815506 0.606683 
0.529938 0.203077 0.568924 0.431752 -0.116522 -0.063257 -0.449716 -0.161079 0.0226153 -0.0196917 0.398842 0.348673 0.127122 0.0420299 0.474197 -0.830915 
0.49633 -0.759874 -0.406639 0.387746 -0.0755589 0.121925 0.856092 -0.575539 0.17701 -0.119665 1.04385 0.533733 -0.122176 -0.345955 0.801885 -0.362715 
-0.842015 0.79842 -0.0617581 -0.455349 -0.419732 0.0679209 0.837592 0.0225093 0.579919 -0.0748645 -0.636056 0.904228 -0.144942 0.177087 -0.0525938 0.792434 
-0.470317 -0.459745 -0.625436 1.03349 0.480115 0.322047 0.732007 -0.484793 -0.911046 -0.138123 -0.373767 -0.0240938 -0.751813 -0.144077 -0.304452 0.449205 
-0.0981115 -0.480491 0.0205305 -0.47321 0.628168 0.205721 -0.936789 0.184641 0.234917 0.23332 0.230304 0.0127857 -0.534223 -0.313245 -0.377034 0.573485 
pop 3 layer 2
dims 4 16
-0.105679 0.191416 0.11353 0.818086 0.831564 0.00751953 0.298155 0.0524067 -0.507299 0.110017 0.268404 0.0376454 -0.174896 0.440966 -0.047709 0.226019 
0.329218 0.00397064 -0.226206 -0.145334 0.384338 -0.292856 0.595111 -0.0344786 0.469611 -0.357784 -0.539384 0.167166 0.28482 -0.200952 0.265561 -0.664273 
0.0466408 0.470086 0.388437 0.951125 -0.111351 -0.717084 -0.0615513 -0.987674 0.243947 0.216333 0.0250944 -0.207829 0.0610987 -0.626726 0.0387409 0.0999387 
-0.0412224 0.0872482 0.183712 -0.275438 0.621893 -0.782886 0.401735 -0.278854 -0.208133 -0.135048 0.0333458 -0.0518801 0.23532 -0.66547 -0.631165 0.615553 
pop 4 layer 0
dims 16 5
-0.213636 -0.336384 -0.0699447 1.03128 0.288679 
0.242897 0.686249 0.293408 0.367714 -0.178976 
-0.763112 0.264154 -0.376854 0.347321 0.173831 
0.130311 0.209634 -0.0277906 0.219302 0.112001 
-0.417512 -0.185521 -0.463201 -0.509888 0.0513492 
-0.173736 -0.0832298 0.013149 -0.0628705 -0.13355 
0.329306 0.698901 0.498797 -0.0215975 0.353014 
0.373256 0.33279 -0.218221 -0.363765 0.2455 
-0.462629 -0.349891 -0.26965 -0.248665 0.229913 
-0.185154 0.207452 0.190277 -0.0148365 0.0123665 
0.192306 0.0123589 -0.817066 0.331518 0.0297722 
-0.308959 0.542391 -0.39753 -0.334039 -0.0460583 
-0.663683 0.116823 -0.228606 0.0278323 0.0252275 
-0.312104 0.857801 -0.536687 0.182826 0.0494067 
-0.104901 0.2307 -0.359431 0.335946 -0.318874 
0.491002 -0.171966 -0.231565 0.0803539 -1.72484 
pop 4 layer 1
dims 16 16
0.608468 -0.691318 0.205189 0.0773122 -0.283126 0.259347 -0.981401 -0.811355 0.252709 -0.373023 -0.62245 0.623896 -0.774675 0.37403 -0.569176 0.437102 
0.0438196 -0.213186 -0.244882 0.0183328 -0.0336313 0.150442 -0.448239 0.574534 -0.220352 -0.096735 -1.46216 -0.127158 0.34988 0.218113 0.735353 -0.252884 
-0.219288 -0.229321 -0.247682 -0.163295 -0.421417 -0.464711 0.233978 0.522633 0.56973 0.275581 0.106025 0.225079 0.332126 0.0954459 -0.410635 -0.0712453 
-0.16944 -0.016643 -0.356708 0.1731 0.282967 0.226886 -0.873604 -0.15224 -0.141199 0.607598 0.101879 -0.672659 0.15267 -0.439734 0.194189 0.570696 
-0.056733 0.0215052 0.0604912 0.203575 0.301078 -0.389456 -0.213547 -0.302915 -0.0369357 0.345064 -0.119503 0.186224 0.0062193 0.878679 -0.309281 0.592179 
0.0619345 0.0357999 0.764692 -0.100773 -0.124875 0.0539692 0.162986 -0.779475 -0.369159 0.851022 -0.285053 0.172264 -0.783528 -1.00499 -0.389555 -0.515689 
0.0929619 -0.0708568 0.292395 0.187224 -0.323576 -0.53581 0.0811454 -0.321926 -0.492801 -0.185205 0.395884 0.263367 -0.327944 0.258602 0.729547 0.162028 
-0.673547 0.504424 0.215569 0.315491 0.609747 0.859784 0.336515 0.527119 0.134249 -0.0166239 0.0673774 0.221097 -0.217244 -0.303089 0.219839 0.162962 
-0.42468 -0.23256 0.130109 -0.412801 0.675406 0.198449 0.0590356 0.190265 1.05549 0.114366 0.501303 0.0794312 -0.0972437 -0.420581 0.0756289 0.100988 
-0.157451 -0.485334 -0.577929 -0.200434 1.02338 0.20914 -0.989232 0.438614 -0.127469 -0.18255 0.306623 0.0285636 -0.434999 0.493462 -0.129496 -0.433242 
-0.0168404 -0.0808548 -0.630625 0.669907 -0.228055 -0.311696 0.138151 0.0491122 0.330695 0.124605 0.95957 0.0734885 0.750981 0.402677 -0.683702 0.609588 
0.599583 0.491466 0.610248 0.441339 -0.00249819 -0.175861 -0.620045 -0.209121 0.0966009 0.131666 0.357166 0.539647 0.0192927 0.000243302 0.0141238 -0.795842 
0.720264 -0.869685 -0.629364 0.611864 -0.217833 0.253241 1.10091 -0.249073 0.185172 0.110557 0.719033 0.745805 -0.210617 -0.273836 0.908476 -0.188947 
-0.888694 0.676815 -0.0541383 -0.282994 -0.578489 -0.0494345 0.817501 0.0331581 0.485432 -0.145372 -0.812968 0.542786 0.0479537 0.150328 0.0437507 0.945687 
-0.45028 -0.209671 -0.693044 1.12399 0.460757 0.286886 0.585476 -0.523322 -0.932045 -0.398371 -0.544587 -0.222255 -0.514938 -0.0831069 -0.536079 0.353794 
0.0396928 -0.44204 -0.0961095 -0.228599 0.699905 0.233722 -1.13887 0.0696355 0.0329702 0.297178 0.362014 0.164791 -0.621078 -0.446692 -0.609055 0.650955 
pop 4 layer 2
dims 4 16
-0.502556 0.10231 -0.119138 0.303758 0.546431 0.561639 0.577538 0.118913 -0.43169 -0.13655 0.0953719 0.307147 0.147755 0.22709 0.0663412 0.261168 
-0.0789631 -0.052547 0.168865 -0.223666 0.5747 -0.54737 0.624709 0.106443 0.219633 -0.207398 -0.841112 0.218192 0.45508 -0.339844 0.189009 -0.593674 
0.104311 0.162065 0.562765 0.601432 -0.0546333 -0.327166 0.0468216 -0.728805 0.0529569 0.327529 0.0532614 -0.304741 -0.117555 -0.199299 0.0329645 0.0702411 
-0.162647 -0.260434 0.28573 -0.270473 0.728523 -0.742064 0.226861 -0.471248 -0.212596 -0.0952051 0.381454 -0.340514 0.0353789 -0.424695 -0.373754 0.39571 
pop 5 layer 0
dims 16 5
0.119278 -0.22081 -0.220759 0.769999 -0.00949682 
0.600864 0.238432 -0.0590723 0.197707 -0.318666 
-0.342327 0.256108 -0.030846 0.363932 0.290729 
0.0204872 0.293854 -0.0646559 0.171043 -0.0262531 
-0.210541 0.110792 -0.504885 -0.486829 0.149199 
-0.286644 0.0952886 0.0339643 -0.142256 -0.100363 
0.161219 0.378436 0.343811 0.07806 0.332606 
0.221059 0.343398 0.046599 -0.194787 0.0779073 
-0.614851 -0.812893 0.0147743 -0.115426 -0.067773 
0.278737 0.180432 -0.172596 0.060063 -0.0896333 
0.105198 -0.0889947 -0.624796 0.285888 0.0746219 
0.00248694 0.491283 -0.445586 -0.400044 -0.047865 
-0.395478 0.0564921 -0.133041 0.0964194 0.149691 
-0.0674522 0.758546 -0.455642 -0.068914 -0.0510391 
-0.0706512 0.263442 -0.33361 0.128299 -0.244765 
0.383504 -0.368113 -0.0624083 0.0153854 -1.59826 
pop 5 layer 1
dims 16 16
0.559417 -0.536969 0.167646 0.0303902 -0.103019 0.418212 -0.702881 -0.575023 0.536662 -0.467391 -0.501724 0.363317 -0.654477 0.59816 -0.531291 0.26191 
0.163171 -0.245774 -0.0295288 0.181901 0.0773964 0.170502 -0.208628 0.483717 -0.397009 -0.203577 -1.14659 -0.106894 0.17113 0.339937 0.820987 -0.338713 
-0.192871 -0.274673 -0.501078 -0.368702 -0.373227 -0.176937 0.131067 0.528444 0.603344 0.296066 0.193444 0.113374 0.133775 0.00817587 -0.0945587 0.430462 
0.0704241 0.00174375 -0.116659 -0.0698399 -0.101849 -0.0858256 -0.863309 -0.0225483 -0.0809912 0.313161 -0.189229 -0.55627 -0.0825904 -0.607011 0.162901 0.153217 
0.183743 -0.00606047 -0.115196 0.3402 0.14915 -0.0730679 -0.337471 -0.441487 0.0821342 0.174552 0.131279 0.197917 -0.197246 0.71054 -0.0653881 0.530167 
0.186375 -0.0177966 0.643827 -0.0894709 -0.127794 0.0740888 0.00172974 -0.800293 -0.159198 0.499813 -0.239806 0.195233 -0.468697 -0.921395 -0.369492 -0.602219 
0.0180268 0.230789 0.245454 0.0250079 -0.364655 -0.0832056 -0.15687 -0.317987 -0.325448 -0.00780659 0.109228 0.0869423 -0.351713 0.298968 0.680113 0.181056 
-0.406181 0.185135 0.0713724 0.554034 0.435565 0.282326 0.435921 0.441715 0.125239 -0.213433 0.306903 0.281847 -0.290545 -0.0416427 0.378653 0.342372 
-0.591586 -0.0817037 0.117717 -0.355049 0.62259 -0.0931451 -0.0371546 -0.0603542 0.70696 0.466005 0.175065 0.129234 -0.181217 -0.00283798 0.141967 0.0569206 
-0.33014 -0.390787 -0.499852 -0.0336591 0.713981 0.247299 -0.909773 0.395141 0.141452 0.0693854 -0.310738 -0.0273567 -0.488993 0.423279 -0.324471 -0.56156 
-0.141872 -0.391428 -0.575769 0.765575 -0.318528 -0.03608 0.0761298 -0.0509056 0.517343 0.14413 1.11895 0.350064 0.476411 0.319813 -0.628078 0.592909 
0.540252 0.352793 0.59466 0.166263 -0.0521219 -0.0624531 -0.276114 -0.140405 -0.0099038 -0.0817942 0.484526 0.396451 0.0420305 0.0325464 0.466932 -0.579169 
0.374518 -0.683429 -0.314524 0.323132 -0.107466 0.134482 0.830733 -0.360613 0.0866994 -0.196369 1.15584 0.471228 -0.1387 -0.370378 0.738928 -0.413798 
-0.801233 0.678522 -0.0163195 -0.483263 -0.402011 0.193499 0.800113 -0.156022 0.558103 -0.124991 -0.415321 0.624007 -0.114131 0.182557 -0.0414776 0.703323 
-0.381813 -0.258516 -0.492082 0.890849 0.58228 0.316295 0.558878 -0.305041 -0.736843 -0.0652099 -0.351913 -0.161248 -0.751202 -0.19681 -0.407975 0.44595 
-0.0392096 -0.27697 0.068872 -0.395274 0.575432 0.235949 -0.896341 0.31262 0.153856 0.0438983 0.228221 -0.0193824 -0.347463 -0.325065 -0.408818 0.520658 
pop 5 layer 2
dims 4 16
-0.0262728 0.0800755 0.0303795 0.642845 0.860464 0.165618 0.131212 0.0807873 -0.435594 0.00164992 0.239344 0.122216 0.00362737 0.563283 -0.0474621 0.118542 
0.25748 0.170052 -0.165534 -0.242408 0.335145 -0.331838 0.706634 -0.0598363 0.548732 -0.49055 -0.568559 0.117363 0.277123 -0.234736 0.206617 -0.4874 
0.0917644 0.368434 0.309783 0.858472 -0.104538 -0.746716 -0.106316 -0.90551 0.196864 0.230742 0.0922869 -0.145408 0.0858755 -0.575633 -0.0547973 -0.144508 
0.117493 -0.0776385 0.118509 -0.14123 0.494203 -0.655751 0.527885 -0.316747 -0.162787 -0.0665918 0.0138865 -0.00992348 0.23025 -0.49973 -0.662757 0.54327 
pop 6 layer 0
dims 16 5
-0.113356 -0.159044 -0.410466 0.654657 0.223409 
0.398336 0.354245 -0.0747703 0.271043 -0.423589 
-0.409559 0.0887117 -0.159628 0.398519 0.190484 
0.18548 0.308674 0.130539 0.0558405 0.131761 
-0.305837 0.0632056 -0.436059 -0.319177 -0.0443689 
-0.247465 0.0486829 0.170818 -0.285367 -0.153046 
0.0930096 0.607913 0.413786 -0.0123657 0.312053 
0.19812 0.123298 -0.267731 -0.695653 0.127476 
-0.523318 -0.593943 0.095627 -0.388469 -0.0717157 
0.343446 0.144954 -0.337369 -0.0177373 0.0748813 
0.195263 -0.0922108 -0.581844 0.260234 0.157334 
-0.192142 0.377669 -0.560816 -0.113639 -0.250218 
-0.503939 0.204468 -0.197101 -0.0999273 0.135335 
-0.109873 0.82871 -0.470173 0.0292338 -0.105235 
-0.154875 0.369811 -0.39771 0.0391124 -0.290534 
0.415369 -0.462727 -0.153092 0.136059 -1.69857 
pop 6 layer 1
dims 16 16
0.764579 -0.665377 -0.123883 0.0531454 -0.0997929 0.414946 -0.482384 -0.651765 0.289133 -0.605403 -0.385555 0.379529 -0.684855 0.642383 -0.504876 0.395608 
0.13035 -0.158195 0.00936862 0.0991896 0.0604824 0.304392 -0.0915555 0.636133 -0.368869 -0.151074 -1.24009 0.00732727 0.178486 0.588614 0.579236 -0.501853 
-0.351038 -0.100407 -0.467691 -0.0671096 -0.237537 -0.261043 0.152399 0.445384 0.716735 0.208561 0.113698 0.201556 0.249218 0.00568792 -0.103886 0.277926 
-0.265257 -0.307599 -0.0643742 0.196602 -0.146629 -0.36343 -0.708755 -0.0866217 -0.327597 0.177725 -0.0693719 -0.455172 -0.00812802 -0.520761 0.195266 0.382008 
0.0889387 -0.0210119 -0.0934928 0.466923 0.0696603 -0.0648626 -0.19035 -0.428393 -0.120264 0.161238 0.181042 0.205711 -0.15824 0.69107 0.0795794 0.534158 
0.0359156 -0.0131159 0.780868 -0.10823 -0.0736484 -0.256973 0.284353 -0.773933 -0.416234 0.490999 -0.126281 0.21534 -0.464578 -0.737313 -0.38831 -0.622773 
0.276551 0.0223472 0.0355069 0.00272938 -0.271737 -0.395031 0.0395183 -0.336705 -0.178107 -0.128539 0.21475 0.072728 -0.209165 0.248827 0.54414 -0.0325191 
-0.481628 0.33974 -0.00511151 0.414841 0.52947 0.222716 0.11308 0.359654 0.193027 -0.117357 0.440487 0.391937 -0.16621 -0.118756 0.331537 0.357202 
-0.536266 -0.144743 0.109513 -0.252756 0.349313 -0.0817244 -0.0157175 0.300544 0.774966 0.373819 0.200235 -0.0240163 -0.16629 -0.00302199 0.0934805 0.125872 
-0.262144 -0.339292 -0.64275 -0.0490964 0.820602 0.201411 -0.817875 0.451865 0.00473207 0.13732 -0.283408 0.0600473 -0.57973 0.587102 0.0277846 -0.232325 
-0.192971 -0.154139 -0.617663 0.692683 -0.21939 0.129642 0.0625732 -0.00405346 0.453998 0.302826 1.01846 0.245909 0.539409 0.233159 -0.717556 0.724142 
0.388243 0.106672 0.507489 0.483809 -0.067437 0.114025 -0.357516 -0.176336 -0.20282 0.0725791 0.343861 0.315063 0.0926408 0.140182 0.424732 -0.769411 
0.468584 -0.791889 -0.448988 0.418684 -0.210817 0.159185 0.709643 -0.381329 0.0755451 0.0120772 0.894248 0.448185 -0.134365 -0.345682 0.747558 -0.599084 
-0.53197 0.761106 0.0258158 -0.491736 -0.49574 0.164212 0.876403 -0.00336774 0.452504 0.074437 -0.231008 0.710188 -0.136411 -0.0237007 -0.139042 0.588264 
-0.334159 -0.272371 -0.642853 1.09265 0.601566 0.237893 0.652697 -0.504614 -0.855865 -0.00316952 -0.214091 -0.0856345 -0.686048 -0.0211433 -0.127374 0.319449 
-0.0154844 -0.45202 0.215347 -0.297828 0.370531 0.256752 -1.00842 0.464871 0.229864 0.230259 0.348064 -0.0404873 -0.394771 -0.395404 -0.305079 0.455015 
pop 6 layer 2
dims 4 16
-0.133038 0.18655 0.11231 0.730511 0.641579 -0.0264329 0.342084 0.0603919 -0.564084 -0.0224376 0.273513 0.142628 -0.166257 0.457312 -0.0868273 0.261883 
0.239554 -0.121921 -0.0755301 -0.0934274 0.555377 -0.162372 0.668621 0.0532728 0.424875 -0.353602 -0.523293 0.196771 0.235153 -0.293956 0.363539 -0.677738 
0.240961 0.273852 0.58805 0.874316 -0.101021 -0.550578 0.0598796 -0.865593 0.182325 0.333235 0.0940862 -0.0938845 0.0455936 -0.577004 0.00608152 0.102596 
-0.272322 0.156533 0.082857 -0.0270936 0.713439 -0.608828 0.403214 -0.241681 -0.124234 -0.100003 0.0158217 0.101859 0.4111 -0.531068 -0.453165 0.589274 
pop 7 layer 0
dims 16 5
-0.125508 -0.434868 -0.0192171 0.857357 0.254477 
0.0915821 0.656937 0.152273 0.259933 -0.172855 
-0.512281 0.177288 -0.415501 0.44807 0.221163 
-0.0450636 0.258975 0.0282075 0.306593 0.0306419 
-0.200569 0.0239738 -0.515403 -0.408938 0.0568608 
-0.0891581 -0.0756112 -0.0753032 0.0365023 -0.128098 
0.385821 0.505786 0.382357 0.0120819 0.291525 
0.484881 0.459344 -0.167378 -0.271271 0.225793 
-0.639102 -0.331438 -0.405754 -0.191283 0.0882086 
-0.1504 0.0808602 0.255753 -0.0166673 -0.0674249 
0.121219 -0.182525 -0.730243 0.314273 -0.058348 
-0.197932 0.403085 -0.397234 -0.0314789 -0.0831842 
-0.438345 0.354773 -0.213862 -0.00802504 0.120752 
-0.228632 0.862407 -0.548078 0.169152 0.242227 
-0.143268 0.445537 -0.453092 0.18059 -0.423345 
0.339877 -0.104059 -0.180034 0.193363 -1.582 
pop 7 layer 1
dims 16 16
0.699557 -0.553639 0.215208 0.16389 -0.228905 0.31619 -0.931502 -0.830504 0.254867 -0.33983 -0.658602 0.666881 -0.613471 0.18935 -0.592062 0.291601 
-0.0896456 -0.243377 -0.283161 0.154027 0.219628 0.027451 -0.288934 0.576801 -0.30502 0.0807868 -1.25668 -0.0363205 0.144228 0.237342 0.766054 -0.37633 
0.0444465 -0.286037 -0.284036 -0.121956 -0.415344 -0.516027 0.224411 0.425251 0.360527 0.114767 0.137047 0.220305 0.272341 0.0341236 -0.53865 -0.239103 
-0.246446 0.110716 -0.276163 0.0830696 0.110866 0.114804 -0.980162 -0.127209 -0.0499337 0.587005 0.137195 -0.723526 0.0413311 -0.509331 0.403096 0.587057 
-0.226133 0.0548911 0.0624913 0.389571 0.285506 -0.310459 -0.234467 -0.117887 -0.191928 0.197593 -0.118907 0.0498074 0.0779581 0.79223 -0.193182 0.436562 
0.167048 0.071783 0.774407 0.0259516 -0.130012 -0.0307912 0.319508 -0.576537 -0.357472 0.763006 -0.339009 0.0389409 -0.710929 -0.899239 -0.253497 -0.420383 
0.0657526 -0.115347 0.181395 0.197022 -0.205284 -0.36575 0.0115646 -0.207312 -0.463822 -0.167367 0.361231 0.186251 -0.407177 0.299078 0.600606 0.0983089 
-0.642731 0.412524 0.0154918 0.229721 0.457065 0.825982 0.319775 0.585014 0.194571 -0.059101 -0.0354722 0.159267 -0.221642 -0.234152 0.202813 0.260894 
-0.444356 -0.200824 -0.00502925 -0.316297 0.601114 0.0594981 0.14075 0.192325 0.922914 0.290352 0.437075 -0.0468448 -0.0572268 -0.422128 0.00938689 0.164159 
-0.208838 -0.560832 -0.405177 -0.194678 0.941103 0.281071 -0.812283 0.374999 -0.172318 -0.0113933 0.305532 -0.0328838 -0.504416 0.38455 -0.167865 -0.415645 
0.103633 -0.0559816 -0.51625 0.831763 -0.215046 -0.247201 0.0646153 0.174096 0.319644 0.123736 0.715587 -0.0912714 0.644533 0.115696 -0.591159 0.767296 
0.432832 0.370745 0.499554 0.357634 0.0820568 -0.0914032 -0.764588 -0.294553 0.0982235 0.248117 0.241574 0.491281 0.0204755 0.0778758 -0.210634 -0.658338 
0.803877 -1.00235 -0.547188 0.772613 -0.209525 0.244428 0.886628 -0.283779 0.219407 0.152269 0.672375 0.73041 -0.264716 -0.357016 0.709552 -0.292694 
-0.879408 0.696366 -0.052786 -0.399112 -0.70971 -0.0156594 0.674515 0.0655901 0.448898 -0.306275 -0.815475 0.333292 -0.00990443 0.012516 0.0738974 0.84221 
-0.476881 -0.298542 -0.585554 1.03356 0.384652 0.355998 0.475073 -0.624669 -0.883942 -0.487718 -0.459865 -0.111028 -0.361246 -0.251023 -0.428743 0.304202 
-0.0248401 -0.366741 -0.158977 -0.279073 0.745325 0.0804327 -1.02965 0.119444 0.0410541 0.22176 0.355604 0.265026 -0.591034 -0.44554 -0.542727 0.573878 
pop 7 layer 2
dims 4 16
-0.14395 0.294032 0.108719 0.619031 0.422193 0.252564 0.25664 0.403891 -0.262519 -0.106087 -0.00196635 0.162645 0.111011 0.354034 0.142856 0.392548 
-0.0821123 0.134016 -0.395481 -0.159522 0.283759 -0.320442 0.279954 -0.00940564 0.460979 -0.247133 -0.63942 0.0955092 0.145033 -0.487099 0.115202 -1.0198 
0.269974 0.408495 0.0952727 0.802265 -0.425238 -0.291561 -0.0218032 -0.793131 0.00773046 0.181995 0.00602805 -0.270711 0.182321 -0.721462 0.207459 -0.141779 
0.22515 -0.067078 0.18695 -0.00213499 0.460453 -0.62191 0.104577 -0.143941 -0.41144 -0.215656 0.0905968 -0.124098 0.367051 -0.612927 -0.487794 0.64974 
pop 8 layer 0
dims 16 5
-0.169826 -0.402256 -0.0497444 0.917495 0.164352 
0.262923 0.441634 -0.263242 0.482421 -0.486359 
-0.665755 0.281442 -0.36475 0.217151 0.228274 
-0.227569 0.217618 0.0520452 -0.125997 0.206949 
-0.491243 -0.344888 -0.621284 -0.551484 -0.186705 
-0.402437 -0.288281 -0.0462934 -0.200131 -0.297678 
0.187145 0.931365 0.541102 0.0141578 0.444999 
0.33633 0.413789 -0.000316329 -0.644558 0.37733 
-0.903691 -0.74949 -0.0508536 -0.038006 0.348711 
0.060181 0.426744 -0.149561 0.227425 0.0462074 
0.212923 -0.118811 -1.12937 0.377171 -0.32985 
-0.106692 0.726807 -0.458376 -0.301974 -0.136243 
-0.895847 -0.0292664 0.202027 -0.178609 -0.007634 
-0.133197 0.903196 -0.293363 0.178374 -0.062773 
-0.196248 0.248608 -0.134274 0.381755 -0.549944 
0.499887 -0.751418 -0.153429 0.263234 -1.86831 
pop 8 layer 1
dims 16 16
0.464537 -0.809504 0.349132 0.823038 -0.306617 0.0601342 -1.52331 -1.00575 0.576375 -0.913225 -0.701926 0.564831 -1.03675 0.303251 -0.528327 0.334573 
0.0115661 0.330331 0.0221462 0.0273342 -0.407127 0.17073 -0.892311 0.865333 -0.163073 -0.286639 -1.80334 -0.216967 0.201681 0.580175 0.562146 -0.941336 
-0.437325 -0.0433193 -0.351501 0.1402 -0.39653 -0.464066 0.29668 0.630061 0.853196 0.37748 0.234012 0.162232 0.419956 0.0232866 -0.137092 -0.16835 
-0.0627163 0.28798 -0.244192 -0.261382 -0.344102 0.452369 -1.36069 -0.349564 -0.419905 1.10077 0.0857588 -0.302252 0.269598 -0.285596 0.389105 0.647726 
-0.158031 0.125117 0.267948 0.396032 -0.0713567 -0.245437 -0.354473 -0.362503 -0.0321865 0.424813 0.269001 0.142885 -0.594313 0.911833 -0.483203 1.01957 
-0.693448 0.133891 1.13078 -0.283588 -0.0910672 0.263588 0.139049 -0.894557 -0.72633 1.36254 -0.151034 0.00659726 -0.956272 -1.12196 -0.163323 -0.360457 
-0.00141453 0.0818652 0.192556 0.567338 -0.238057 -0.975706 0.401128 -0.801053 -0.579703 -0.0269118 0.318289 0.0970611 0.0526379 0.491756 0.655302 0.375076 
-0.514466 0.576201 0.548445 0.688736 0.638592 1.00275 0.693236 0.927297 -0.159766 0.170156 0.567109 0.269633 -0.0698353 -0.578074 0.404213 0.309185 
-0.673486 -0.21841 0.34115 -0.256585 0.556581 0.336824 0.0633435 -0.0600124 1.21671 0.47833 0.367886 0.219261 -0.24904 -0.608246 0.33722 0.0220056 
0.23269 -0.51496 -0.870783 -0.309474 1.11122 0.352478 -1.43027 0.60477 0.172229 -0.27552 0.516061 -0.0482445 -0.708685 0.397042 -0.690003 -0.783339 
0.343171 -0.437917 -0.83848 1.00944 -0.436723 -0.242812 0.315884 0.283689 0.504843 0.0711738 1.31066 0.0631569 0.87474 0.588309 -1.08719 0.570706 
0.770024 0.758285 0.893889 0.632931 -0.185212 -0.0736605 -1.17632 0.379911 -0.100371 -0.00316615 0.528334 0.570004 0.329809 -0.141606 0.214882 -1.23074 
0.536745 -1.35913 -0.756999 0.744954 -0.565336 0.455935 1.26978 -0.433114 0.383331 0.296843 1.25652 0.52115 -0.230031 -0.102705 1.17094 -0.00477891 
-1.08339 1.0599 -0.0968546 -0.69856 -0.459724 -0.138854 0.645676 0.545082 0.314037 -0.33222 -0.777044 0.97009 -0.0566384 -0.00876467 0.0910253 1.09152 
-0.754609 -0.432121 -0.688953 1.06712 0.127611 0.648047 0.100922 -0.409165 -1.29469 -0.234578 -0.629892 -0.0338521 -0.738832 -0.131703 -0.933856 0.413908 
-0.129209 -0.566642 0.0917536 -0.0355649 1.06149 0.412352 -1.68239 0.246831 0.434991 0.342582 0.654246 -0.0944162 -0.745469 -0.467438 -0.439583 0.851171 
pop 8 layer 2
dims 4 16
-0.31471 0.454194 -0.177543 0.686909 0.538421 0.209862 0.44297 0.193509 -0.428225 -0.033347 0.0253756 0.239788 0.185202 0.236912 -0.165389 0.379416 
0.257083 -0.0984345 -0.0281288 -0.213172 0.542371 -0.621429 0.594996 -0.0200416 0.581008 -0.164357 -0.778745 0.000879919 0.451606 -0.406059 0.426958 -0.997442 
-0.0860435 0.130997 0.710805 0.765173 -0.255209 -0.283888 -0.0531905 -1.02404 0.250471 0.367044 -0.165742 -0.174154 -0.266017 -0.513231 0.13363 0.148001 
-0.148666 -0.127427 0.231936 -0.404881 0.663858 -0.61531 0.449791 -0.507426 -0.300386 -0.271838 0.26334 -0.0294446 0.234318 -0.626156 -0.421911 0.561074 
pop 9 layer 0
dims 16 5
0.115462 -0.404116 -0.191942 0.926052 0.187312 
0.172849 0.408944 0.238355 0.496707 -0.345657 
-0.556675 0.0744259 -0.299435 0.296726 0.230227 
0.120412 0.078324 0.132688 0.295881 0.128709 
-0.351747 -0.318368 -0.553874 -0.431487 0.0375703 
-0.390149 -0.190416 -0.0850545 -0.268468 -0.17827 
0.253583 0.634426 0.481403 -0.048458 0.423919 
0.50656 -0.000812669 -0.191939 -0.508385 -0.0495327 
-0.534035 -0.265468 -0.00940777 -0.207734 0.130118 
-0.307561 0.148209 -0.102792 -0.142706 -0.0321872 
0.179623 -0.139029 -0.666133 0.344667 -0.123386 
-0.407469 0.484355 -0.344832 -0.382092 -0.330382 
-0.592147 0.39059 -0.0418356 0.00829829 -0.191823 
-0.348851 0.768106 -0.603005 0.0235168 -0.054832 
-0.133729 0.378637 -0.289499 0.411657 -0.456083 
0.389666 -0.108071 -0.461319 0.105352 -1.65872 
pop 9 layer 1
dims 16 16
0.69327 -0.606669 0.0596611 0.219595 -0.22361 0.365929 -0.995282 -0.636184 0.324754 -0.545353 -0.501021 0.389663 -0.844492 0.399683 -0.581315 0.440166 
-0.0298326 -0.400441 -0.138673 0.0289057 -0.0772667 0.156457 -0.21287 0.51049 -0.448481 -0.247918 -1.48666 -0.140093 0.329297 0.305914 0.738525 -0.459821 
-0.508407 -0.0925496 -0.526822 -0.342374 -0.404094 -0.411 0.152541 0.522627 0.832664 0.243343 0.121066 0.409107 0.39892 0.121491 -0.140236 0.134342 
0.0650019 0.00406503 -0.198759 0.0449474 0.0680602 0.0969378 -0.910964 -0.227754 -0.287088 0.526424 0.00520017 -0.647227 -0.0637117 -0.487352 0.00899838 0.509881 
0.000337996 -0.0908935 -0.034235 0.494324 0.0824727 -0.220078 -0.465349 -0.355367 -0.147542 0.353144 0.0682063 0.167768 -0.137221 0.969225 -0.282749 0.558115 
-0.0135271 0.0778744 0.889224 -0.0143571 -0.216675 -0.136022 0.0424777 -0.874665 -0.371256 0.793236 -0.23964 0.223533 -0.802068 -1.09105 -0.441891 -0.523374 
0.113019 0.0556805 0.109962 0.144098 -0.44618 -0.287132 -0.0787168 -0.41932 -0.225502 -0.209077 0.205422 0.0254634 -0.215836 0.22223 0.834698 0.283258 
-0.599803 0.368894 0.074453 0.668754 0.586332 0.457942 0.31487 0.56308 0.0841512 -0.0871485 0.240875 0.203522 -0.149478 -0.242048 0.111511 0.424468 
-0.546771 -0.25753 -0.0161225 -0.267282 0.628 0.175972 -0.058541 0.273236 0.925622 0.536084 0.511282 0.112412 -0.170171 -0.328186 0.0882562 0.0909047 
-0.246378 -0.437916 -0.529451 -0.317457 1.09418 0.187593 -0.991823 0.47746 -0.0273827 -0.0559021 0.0506322 -0.0610011 -0.63078 0.441515 -0.172455 -0.546 
-0.17308 -0.176039 -0.799685 0.560656 -0.189241 0.0466653 0.159223 0.179298 0.388443 0.351894 0.988809 0.225988 0.502948 0.333174 -0.872018 0.6134 
0.461692 0.317681 0.571912 0.380902 -0.113724 -0.0657552 -0.523222 -0.123438 0.113233 -0.0214755 0.42362 0.340095 0.253083 0.00387129 0.388734 -0.764659 
0.477055 -0.772158 -0.590975 0.539862 -0.239644 0.169581 1.04402 -0.304334 0.220132 0.0643032 1.10714 0.673725 -0.041813 -0.331821 0.906427 -0.209722 
-0.795723 0.850988 -0.0239195 -0.516809 -0.445721 -0.0576399 0.862246 -0.0350677 0.495946 -0.0179572 -0.66955 0.820717 0.0531226 -0.0266043 0.0311278 1.10259 
-0.45561 -0.374083 -0.705543 1.03507 0.44433 0.50684 0.562527 -0.606855 -0.99453 -0.364218 -0.436872 -0.119848 -0.754776 -0.110482 -0.420467 0.311363 
-0.0900965 -0.383335 0.134413 -0.368154 0.550719 0.235655 -0.965407 0.186177 0.306713 0.143454 0.313319 0.111503 -0.593125 -0.3214 -0.329143 0.541178 
pop 9 layer 2
dims 4 16
-0.468459 0.0786531 -0.167875 0.317894 0.798339 0.482253 0.486854 0.129991 -0.602655 -0.0287841 0.198991 0.1813 0.195251 0.2803 -0.0294315 0.252608 
0.00310229 0.0218528 0.200033 -0.283801 0.45094 -0.6078 0.556418 0.249312 0.381884 -0.175899 -0.784327 -0.0452991 0.546054 -0.249077 0.463034 -0.556937 
0.0677253 -0.0443577 0.738315 0.425405 -0.140082 -0.0307838 0.0698202 -0.720425 0.193251 0.291902 -0.0844482 -0.171494 -0.0774815 -0.239461 -0.0337469 0.144379 
-0.108031 -0.178981 0.134239 -0.062776 0.663675 -0.481491 0.342043 -0.387937 -0.17257 -0.230443 0.490884 -0.158202 0.158162 -0.48462 -0.420722 0.32467 
vWeights_end
generator 4087346799 445911423 2667033987 835367583 3937530441 1792160211 1326375159 1958129361 141374107 3955572374 2297902980 730149433 2826796142 901953113 3210523357 766593580 192796407 160157557 3979209516 3884573309 3719646487 3986357047 140630679 3336544805 1185645180 3027809150 1751527197 3198911163 1988636991 1878039735 3844175758 1197449917 1471074377 323824666 2365868878 1484412627 2446913667 2249062660 1805600645 653962364 638688087 1860873529 1326770782 1626645674 1317022304 3105250178 526256313 2881215253 4289561765 3052724016 423137813 4168214525 241431556 2794680118 3118438814 3273632284 4210315974 3747580782 3222550854 1108254141 3482322680 1594582573 147675254 390898227 3863856642 2123001770 2477365392 1847176654 1637163561 2442866289 4084695109 658830662 1668845514 337609033 1638887720 1460277112 1157494678 1619518943 3655132836 3465362656 2849490186 2138283056 1809929277 3702530627 4286581182 3936890299 3523862967 1235802927 3796250389 3635392485 2117186317 2072636179 3508808989 1150826680 3125436492 4272816916 4090168764 643076699 1683715437 3538498982 212903898 3341413477 4056668663 1226064317 3645764456 1519967711 934130508 1097285510 1428713791 52732326 1531877198 3482933112 3589141748 1841764654 981023983 2643394258 3330500891 1600270761 293498270 2883103772 503395062 1954936640 736908834 1910765467 3097843238 1530110302 837496751 408045218 4026914811 1282032253 1397725010 1006534812 1831634968 4160300890 132196472 3505262905 967247883 2434969098 3473937824 2808488273 2351606368 3984345572 220882279 3718562823 556341103 1401627187 3810804295 248055979 3275949710 1182663351 3762144803 3880423195 4065237164 2994110630 1026448297 3795408183 2979007541 3895127449 912183454 3517394791 378093889 2723842884 1988108686 4095663069 2443568849 3056989353 4157321511 1167792761 1470485714 3288274091 3268547591 1179925123 1625865002 3570210363 2198535764 3966287118 2748115904 1472474764 3123667087 3558480574 817846121 3416324514 1564825797 828785622 3911899202 1916523787 4084554117 2652321923 2534680592 245869281 3318038356 178721924 1823134767 3216463973 2609474427 4259946931 1932692571 3841126730 2054828869 2821598190 1181865028 1329196406 4149626836 1950017160 2943642637 1122136889 718162354 203365412 447847933 2684759774 3125894331 3231856771 1773666091 1098210228 3839305995 524931515 419302851 2504731543 2486426515 377792979 643612632 4043760549 4218293341 1959771453 1203546678 3030891488 3925984143 85934634 734678414 2025928085 3955551824 2713312643 1763275312 3302260428 3579820944 2011864675 104254027 828013209 1652715654 13722715 3099118734 1948019865 3759597946 3638580167 2534059183 3105937050 1631584416 4215668568 3757415857 2756019754 601876579 395989210 2081099898 1929881928 3412597235 3209554909 2015412309 2080589149 1231136158 3888165055 2271025301 3142612160 953591355 4139785485 257983732 3305500072 2711291788 3114805116 3506528957 1170128916 3377976157 2969884683 1875191732 619606076 3026320698 3578380668 3469307972 3125757907 1267992048 2835222457 3362598441 3292847751 2102949016 2420005563 2054094662 4127046393 226635472 1869203594 2130000247 1325755183 615542905 4080804157 2516293918 3208122037 2800312157 2976381305 481362502 897474137 1011826091 2127565540 3643969385 3191346206 1151973682 684080436 560243283 1307579254 4064905775 995728527 2323934758 3249509422 2812129916 3571267425 2994664979 3186615804 3794598505 3656357257 3911352480 3530361451 1100785528 3342685659 461938762 3752117734 3866923607 794267099 3258810015 1664302243 3251382922 2878873884 3555295439 926679851 2263495996 3674275791 2432704516 2329489641 55076256 4120773543 1751958877 503173222 2192476741 2392547732 1514330023 1809782741 3657079463 3799521700 745816217 901597716 532057097 2772158656 2935636218 765940356 135124437 205137090 1696513123 3978660488 3282612421 885997386 1620290419 754165500 1588181723 270572334 1340901276 2034214797 716109070 2155305542 2003356769 1161274691 926376141 2816509318 1111002712 1737805248 896266581 1376217482 3884414360 1283063806 677970 3503177989 689592269 2378582833 1109668048 1095657279 4254293672 1610146959 2738882051 1593811108 3760426205 1680479980 3943096020 4079551662 521311011 3954966467 4265410396 2755861394 3192012506 4194144482 2206516678 4215193416 2966887051 3006643155 2019665159 2932489297 1546959186 1353972494 3483478730 4046017081 1790533943 3592305071 1543323353 2050293394 1326718635 3247259195 3107967902 1456974560 1353808657 1629677704 249726746 4189248998 622797707 1790451244 2167364409 962519576 827339093 680185754 1271890712 2154823328 623211953 909553504 805083948 2067929879 3910776084 1578825351 1732533891 794520141 605410079 3905574870 273458537 1432771369 1458471116 2245279602 3643396795 3266594353 2210389743 4294940855 3829844254 443781014 2858048536 771290773 3488527356 3361508363 1004660960 2871157962 2661664940 1967163430 1821785532 1570046846 4275055846 1524812062 2410998288 4229190082 3936697556 2176886845 3958073887 159266078 2244422123 1102566839 566465261 1847538778 112571311 549943636 810844485 95564260 2664527483 596371108 1017157170 3017989541 728801383 1489014132 3307405367 1513380993 1685042008 1736350991 970350419 2982560196 1774864215 3376628970 1555033082 2145455990 3250090265 884141144 3378197717 699795280 4046411406 888422103 2287021590 4071202265 4009040892 1686633497 83477520 3723088507 2948148425 704355278 1278987301 2272512227 431109920 2991803416 161763624 496506884 610466461 1564344423 3111319774 1001992847 715210587 1834138159 3856193590 325334537 3629441813 2541586047 138346939 2880509179 3691915985 3010581015 1218838105 693434369 1225317182 3262887322 3024466203 1971955074 1348708165 1779806458 269043499 2656600704 824429067 4052978234 575866470 3539240956 2303122833 3185930463 1825714167 2115525975 237494058 765383585 3713045922 1753762118 561059563 4287970059 4277360531 2519022004 3084832536 2294103185 242775791 1246339282 1627546728 178081502 230536978 4215983289 1867894811 3942494189 2405795179 934925560 2704358537 157388783 3526641443 1332012942 1046685670 1772446866 770224389 829937244 1266307097 4020869445 3959120593 2371393144 444460336 3036807602 1471910260 1260888343 1922642440 551328788 2323598811 3658915674 3263642094 74947585 652101967 1285466961 4230261145 3891178721 141451072 1297010869 3735650492 931521456 1840454818 1747023116 3877974316 3412285395 1827598184 4050142763 1000196762 4187441198 571621332 3498534572 3170593382 3677069569 2677207354 1179205025 1777947666 4180225614 837074917 2299949056 1707568173 246611761 1456233755 2178291050 6691715 603733104 1287405777 1408727307 3994586568 2794010396 862918462 4264958342 1646640067 431037767 4052986956 1181179246 2298702654 269504867
