sName lunar_lander
version 1
nEpochs 4000
nPopSize 100
nTop 10
act 1
populationStrategy 2
randomInjectionRatio 0.35
nLayers 4
vSize 5 16 16 4 
vBiases_start
pop 0 layer 0
dims 16 1
-0.223849 
0.303781 
-0.351022 
-0.259951 
-0.147328 
-0.153011 
-0.152429 
0.199547 
-0.0255091 
0.0135529 
0.163169 
-0.164663 
-0.311746 
-0.254371 
-0.0497227 
0.435248 
pop 0 layer 1
dims 16 1
-0.145632 
-0.198519 
-0.808434 
0.407254 
-0.0281285 
0.355373 
0.507197 
0.261672 
0.547398 
0.301443 
0.108662 
0.332083 
0.437927 
0.136854 
-0.570079 
0.329878 
pop 0 layer 2
dims 4 1
-0.390137 
0.126649 
0.241066 
0.09468 
pop 1 layer 0
dims 16 1
-0.244087 
0.114888 
-0.278709 
-0.0943233 
0.171085 
-0.065599 
0.159042 
0.0457271 
-0.0243106 
0.165481 
0.106308 
-0.115385 
-0.241979 
0.11939 
-0.246901 
0.480767 
pop 1 layer 1
dims 16 1
-0.234455 
-0.0470192 
-0.215793 
0.00900446 
0.191504 
0.126366 
0.0306787 
0.454734 
0.391769 
0.0761625 
0.21615 
0.457093 
0.0586089 
-0.154536 
-0.22485 
0.10569 
pop 1 layer 2
dims 4 1
-0.231856 
0.0275669 
0.0167387 
-0.020001 
pop 2 layer 0
dims 16 1
-0.158973 
0.380835 
-0.325931 
-0.265733 
-0.00426075 
-0.130124 
-0.0484709 
-0.0785857 
0.0398346 
0.164636 
0.0506547 
0.0398529 
-0.208277 
-0.0229463 
-0.365374 
0.265552 
pop 2 layer 1
dims 16 1
-0.247751 
-0.493213 
0.0661092 
0.399373 
-0.114345 
0.151104 
0.385899 
0.609156 
0.185359 
0.364672 
0.142181 
0.785346 
0.221871 
0.0729134 
-0.303164 
-0.00259486 
pop 2 layer 2
dims 4 1
-0.414332 
-0.0347618 
-0.166204 
0.0796073 
pop 3 layer 0
dims 16 1
-0.252622 
0.214716 
-0.358913 
-0.153274 
0.282231 
-0.239852 
0.0636003 
0.0765025 
-0.471488 
0.126965 
0.148464 
-0.373489 
-0.253914 
-0.0330017 
-0.0970308 
0.501044 
pop 3 layer 1
dims 16 1
-0.51533 
-0.0925403 
-0.299839 
0.329498 
0.165594 
0.0397544 
0.357496 
0.522192 
0.221947 
-0.0800976 
0.507503 
0.317387 
0.159643 
0.0279805 
-0.274617 
-0.0158988 
pop 3 layer 2
dims 4 1
-0.244079 
0.0579894 
0.043531 
0.200026 
pop 4 layer 0
dims 16 1
-0.361274 
0.0860456 
-0.302822 
-0.14947 
0.100402 
-0.214551 
3.88294e-05 
0.188418 
-0.0487666 
0.0225462 
-0.127983 
-0.37033 
-0.216771 
0.108695 
-0.130555 
0.314215 
pop 4 layer 1
dims 16 1
-0.346711 
0.15209 
-0.331561 
0.21091 
0.0838753 
0.133391 
0.113173 
0.612293 
0.184607 
-0.156664 
0.25208 
0.492328 
0.354456 
-0.0593297 
-0.127411 
-0.013421 
pop 4 layer 2
dims 4 1
-0.310281 
0.0652785 
0.0721512 
0.066456 
pop 5 layer 0
dims 16 1
-0.250962 
0.243322 
-0.298847 
-0.23308 
0.148908 
-0.137363 
0.0335698 
0.142374 
-0.253941 
0.1509 
0.186808 
-0.303106 
-0.205455 
0.0789631 
-0.190681 
0.378121 
pop 5 layer 1
dims 16 1
-0.366176 
0.0160569 
-0.345038 
0.252087 
0.13293 
0.164241 
0.32703 
0.583637 
0.270131 
-0.0502951 
0.358927 
0.429252 
0.230804 
0.0888117 
-0.150851 
-0.180408 
pop 5 layer 2
dims 4 1
-0.259979 
0.0639805 
0.0293065 
0.146108 
pop 6 layer 0
dims 16 1
-0.161485 
0.218953 
-0.496505 
-0.486571 
0.083141 
-0.267859 
-0.0159982 
0.150637 
-0.104208 
0.102216 
0.118096 
-0.114157 
-0.212395 
-0.0949266 
-0.263151 
0.270707 
pop 6 layer 1
dims 16 1
-0.0717407 
-0.452213 
-0.295232 
0.240578 
-0.0576734 
0.206569 
0.189318 
0.407898 
0.145089 
0.263097 
0.273916 
0.369294 
0.182351 
0.103632 
-0.253812 
-0.0274314 
pop 6 layer 2
dims 4 1
-0.292369 
0.208547 
0.226721 
0.0387248 
pop 7 layer 0
dims 16 1
-0.216229 
0.334241 
-0.40968 
-0.375515 
0.0182722 
-0.2472 
-0.043927 
-0.0402226 
-0.0674657 
0.0249243 
0.121694 
-0.100118 
-0.224693 
-0.0547398 
-0.296497 
0.332241 
pop 7 layer 1
dims 16 1
-0.130522 
-0.470012 
-0.157049 
0.32771 
-0.0134227 
0.11652 
0.400682 
0.482256 
0.232317 
0.489023 
0.348132 
0.690558 
0.202632 
0.00504595 
-0.324729 
-0.0480703 
pop 7 layer 2
dims 4 1
-0.375856 
-0.180707 
0.04059 
-0.00923046 
pop 8 layer 0
dims 16 1
-0.12597 
0.25793 
-0.211034 
-0.221634 
-0.0877733 
-0.0623867 
0.0363248 
-0.071385 
-0.031133 
0.250881 
-0.0467657 
-0.00928688 
-0.246051 
-0.125028 
-0.373322 
0.278744 
pop 8 layer 1
dims 16 1
-0.253792 
-0.414464 
-0.0628346 
0.324681 
0.00864446 
0.0690387 
0.335307 
0.425472 
-0.0831974 
0.280287 
0.171758 
0.790955 
0.421355 
0.0372235 
-0.393446 
0.0648219 
pop 8 layer 2
dims 4 1
-0.11251 
0.169682 
0.0120799 
-0.0365986 
pop 9 layer 0
dims 16 1
-0.16744 
0.141244 
-0.332195 
-0.00577706 
0.0389291 
-0.0935955 
0.191385 
-0.115424 
0.00398957 
0.344308 
-0.112723 
0.0381459 
-0.218173 
-0.266105 
-0.425009 
0.289627 
pop 9 layer 1
dims 16 1
-0.120035 
-0.28239 
-0.08203 
0.312102 
-0.0494068 
0.0795121 
0.50064 
0.43379 
-0.0195927 
0.20646 
0.103692 
0.773108 
0.164222 
0.0918375 
-0.500653 
0.128438 
pop 9 layer 2
dims 4 1
-0.0296267 
0.154308 
0.0876364 
0.12339 
vBiases_end
vWeights_start
pop 0 layer 0
dims 16 5
0.021396 -0.409659 0.0905404 0.562158 -0.0557298 
0.240436 0.149119 -0.0143376 0.0327516 -0.264717 
-0.335667 0.580145 -0.181062 0.378475 0.254957 
-0.0751025 0.252484 -0.0367372 0.00997697 0.0357133 
-0.271355 0.0840189 -0.167881 -0.193904 -0.224972 
-0.24117 -0.0668762 -0.0897481 -0.00249367 -0.257935 
0.0331572 0.212042 -0.0162928 0.261216 0.287055 
0.183377 0.0658193 -0.0684878 -0.266855 0.0358035 
-0.48567 -0.148635 0.164575 0.0474835 0.162645 
0.334176 0.298147 -0.178709 -0.280139 -0.258643 
-0.0443637 -0.0437362 -0.552384 0.439932 -0.0671996 
0.0263754 0.328725 -0.250812 0.155655 -0.29578 
0.0407095 -0.0742244 -0.121552 -0.0372485 0.304323 
-0.238604 0.673091 -0.492795 0.373729 -0.0587098 
-0.128635 0.232317 -0.556079 0.276838 0.0334338 
0.346556 -0.419722 -0.211302 -0.114653 -1.05061 
pop 0 layer 1
dims 16 16
0.638191 -0.354004 -0.0397008 0.379647 0.0719205 0.36175 -1.11556 -0.88617 0.524139 -0.58267 -0.606852 0.42127 -0.630496 0.17133 -0.259544 0.00130621 
0.0828318 0.0837618 -0.161252 0.00819512 -0.182372 0.288801 -0.42114 0.308767 -0.0449544 0.0375298 -1.52961 -0.276436 0.188013 0.293831 0.303592 -0.368395 
-0.419927 -0.27088 -0.180968 -0.395858 -0.504285 0.0534719 -0.0856928 0.571462 0.57254 0.382307 0.16876 -0.102282 0.201216 0.162079 -0.170872 -0.071864 
-0.0520492 0.290876 0.152651 0.19526 0.279265 0.131387 -0.537402 -0.240293 0.0158702 0.225313 -0.201608 -0.227129 0.200773 -0.115828 0.0840205 0.533491 
-0.439036 -0.0360496 -0.0595523 0.236372 -0.168043 -0.13861 -0.286418 -0.137943 0.0814842 0.375632 -0.183438 0.00986209 -0.225968 0.769632 0.0357297 0.394019 
-0.554891 0.100309 0.632782 -0.163175 -0.195082 -0.116007 -0.0794242 -0.496904 -0.429397 0.96553 -0.167915 0.12593 -0.567794 -0.997308 -0.114473 -0.369746 
-0.140169 0.079743 0.268218 -0.111455 -0.168179 -0.297775 0.393086 -0.58195 -0.575432 -0.31043 0.205611 0.23371 -0.460028 0.239643 0.20009 0.0956044 
-0.563597 0.574969 0.239903 0.00727914 0.234697 0.442632 0.46884 0.660003 0.139038 -0.0255496 0.217233 0.217186 -0.0693141 -0.150017 0.320078 0.165491 
-0.706253 0.130899 -0.209158 -0.104408 0.321778 -0.0446466 0.202079 0.0823398 1.25987 0.176905 0.513347 0.0783573 0.208946 -0.704724 0.306484 0.238127 
0.0224987 -0.353364 -0.580458 -0.103248 0.787016 0.37225 -0.867101 0.608488 0.161556 -0.0622482 0.465372 0.196039 -0.464848 0.404047 -0.32804 -0.76362 
0.109362 -0.283192 -0.677927 0.668169 -0.380218 0.0268756 0.28614 0.265076 0.235054 0.261696 0.919126 0.245647 0.233908 0.358048 -0.470836 0.724269 
0.387757 0.30773 0.565411 0.559498 -0.0685441 0.107034 -0.463265 -0.274576 -0.0765091 -0.097477 0.33313 0.0409477 -0.0395231 0.0160988 -0.0412579 -0.803804 
0.413638 -0.477801 -0.582405 0.861462 -0.604231 0.282598 0.854119 -0.541714 0.0614582 0.255061 0.949185 0.833468 -0.171349 0.0208625 0.600323 -0.378957 
-0.806172 0.755308 0.147551 -0.301742 -0.124066 -0.23007 0.489438 0.263493 0.340877 -0.284826 -0.614176 0.79047 -0.320184 0.171918 0.333013 0.754186 
-0.480708 -0.38253 -0.491892 0.597344 0.0548369 0.347751 0.315925 -0.396871 -0.889344 0.0253364 -0.577954 -0.282842 -0.269875 0.32909 -0.671742 0.252743 
0.0427674 -0.36768 -0.261732 -0.199932 0.835148 0.382678 -1.07264 0.155211 0.320106 0.244786 0.264055 0.124728 -0.42352 -0.52173 -0.359638 0.759216 
pop 0 layer 2
dims 4 16
-0.107608 0.261818 0.233547 0.536955 0.506035 0.156784 0.0903476 0.411189 -0.398393 0.0122057 -0.0591275 -0.187585 -0.218298 0.484785 -0.0631383 -0.0155588 
0.264389 -0.104601 -0.356991 -0.312683 0.302835 -0.183283 0.268915 0.103533 0.344206 -0.60863 -0.330953 0.399527 0.705253 -0.214022 0.0427372 -0.516741 
-0.250702 0.254211 0.53437 1.03253 0.0745661 -0.55833 -0.135313 -0.648086 0.443222 -0.123541 0.0293402 0.0272877 -0.113339 -0.758803 0.118107 0.453031 
-0.0350364 0.276378 0.0235244 -0.171116 0.502746 -0.444182 0.292233 0.00701964 -0.0567397 -0.0226467 0.231232 -0.0572863 0.161264 -0.674704 -0.524569 0.513622 
pop 1 layer 0
dims 16 5
-0.0511554 -0.143921 -0.0868192 0.522308 0.184838 
0.406229 0.393553 0.200977 0.281379 -0.239521 
-0.0241969 0.444965 -0.225298 0.312864 0.289819 
0.0158843 0.322968 0.177022 -0.0671844 0.0463502 
-0.269259 0.244067 -0.0538767 -0.0344593 -0.0603698 
0.132861 0.00277392 0.028662 -0.183991 -0.373565 
0.172209 0.185797 -0.0895538 0.223028 -0.0218226 
0.13435 0.0748895 0.12679 -0.116158 -0.279214 
-0.15941 -0.249706 0.342916 -0.0401094 -0.249116 
0.0879919 0.262509 0.0259705 -0.176324 -0.316068 
-0.187585 -0.316072 -0.504017 0.316388 0.0963935 
-0.0544307 0.429895 -0.350342 0.266817 -0.15323 
-0.00333653 -0.250865 -0.145798 0.0310336 0.480989 
0.0649986 0.752347 -0.290404 0.0688296 0.125103 
0.0140062 0.0538037 0.0556032 0.289701 -0.14536 
-0.100805 -0.427768 -0.0762641 0.0388553 -0.976236 
pop 1 layer 1
dims 16 16
-0.0560832 -0.0179181 0.332589 0.245795 -0.081475 0.14825 -0.350955 -0.221966 -0.155733 -0.239902 -0.440952 0.142082 -0.41468 0.443153 -0.178797 0.415258 
0.168555 -0.699463 -0.00330389 -0.320018 0.0397684 -0.0374783 -0.30425 0.414807 -0.51698 -0.103901 -0.380739 -0.116287 -0.14649 0.204856 0.237817 -0.096725 
-0.398738 -0.245422 -0.0865339 -0.174234 0.16173 -0.169184 0.27299 0.525619 0.386662 0.180341 0.0115078 -0.0747315 0.287241 -0.160981 -0.167535 0.373632 
-0.0206139 0.123602 -0.0167025 0.271107 -0.0319536 -0.122851 -0.480534 -0.235273 0.189028 0.338022 -0.364337 -0.575141 -0.255003 -0.0583626 -0.321169 0.109004 
-0.0610925 0.191495 -0.421229 0.390115 -0.151536 0.346674 0.354735 -0.22326 0.129936 -0.371547 -0.15447 0.389568 0.0180131 0.627646 0.225065 0.524104 
0.163006 -0.331543 0.328355 0.0789288 0.300395 0.0825974 -0.131353 -0.241363 -0.0227043 0.387001 -0.0876354 0.0553157 -0.332874 -0.162638 -0.0661925 0.118926 
0.109849 0.0611198 0.0672393 0.272078 -0.303971 0.150198 0.363794 -0.281906 -0.15181 0.158164 0.0110263 0.235535 -0.186725 0.208987 0.486615 0.137621 
0.128878 -0.0319549 0.0512617 0.00648755 0.0747742 0.0392974 0.0722924 0.0396341 0.0945285 0.00592845 0.00719054 0.261928 -0.125142 -0.0713951 0.168388 0.0372919 
-0.264356 0.334102 0.180552 -0.272252 0.123735 -0.0952526 0.0104298 -0.18225 0.407066 0.00194085 0.115661 0.0168185 -0.194629 -0.00649187 -0.0190488 0.286647 
-0.0119538 0.205496 -0.4384 -0.234646 0.243258 0.302005 -0.123403 0.373321 0.147236 -0.0927182 -0.107473 0.0546505 -0.49815 0.479734 -0.213811 -0.247897 
0.0847493 0.0222599 -0.200113 0.118142 -0.207492 0.00214643 0.0473496 0.206855 -0.070134 0.0670245 0.39715 0.264172 0.610797 0.00481718 -0.127887 0.0668489 
0.387356 0.295974 0.00921195 0.0712835 0.467584 -0.222063 -0.617406 0.181334 0.202853 -0.116064 0.129658 0.214824 0.00304519 0.0808662 0.299896 -0.34242 
0.162082 -0.355042 -0.610436 0.118739 0.221418 -0.26387 0.159205 -0.475041 0.00991638 -0.418174 0.452716 0.335505 0.0166026 0.220808 0.0865767 -0.101528 
0.0471209 0.369538 0.270164 -0.368667 -0.272093 -0.33068 0.275153 -0.0914795 0.392405 -0.0484333 -0.0496479 0.138191 -0.472822 0.230648 -0.257751 0.0874528 
0.231456 0.143441 -0.6194 0.731231 -0.00281128 0.504722 0.873074 -0.325407 -0.160227 -0.231577 -0.318426 0.0226206 -0.549784 -0.0897821 0.0501646 -0.238347 
-0.073983 -0.345381 -0.305328 0.0307562 0.120811 0.153137 -0.318621 0.410881 -0.187954 0.370505 0.242678 0.0103045 -0.578032 0.117979 -0.237923 0.376913 
pop 1 layer 2
dims 4 16
0.253144 0.505001 -0.257798 0.368329 0.388275 0.272841 -0.0478617 0.266535 -0.433297 0.00793325 -0.137173 -0.276727 -0.203297 0.106389 0.0494227 -0.0775862 
0.158563 0.0257169 -0.247907 -0.0502556 0.328943 -0.338447 0.15271 0.206277 0.341295 -0.29145 -0.155107 0.0156016 0.569458 -0.351364 0.190259 -0.508031 
-0.265059 0.126677 0.321088 0.722923 0.0265462 -0.380336 0.199231 -0.675863 0.410984 0.0484859 -0.0112456 0.0838723 -0.254448 -0.502233 0.070673 0.214977 
-0.246677 0.106316 0.00427459 -0.115792 0.458725 -0.599002 0.354165 -0.0925113 0.23254 -0.298969 0.00801423 -0.112696 -0.0787457 -0.60723 -0.279405 0.590647 
pop 2 layer 0
dims 16 5
-0.19048 -0.374469 -0.0220925 0.534049 -0.119071 
0.0573666 0.340979 0.164998 0.161778 -0.316793 
-0.153893 0.0987792 0.0176281 0.331422 0.451787 
0.0777227 0.372965 -0.0766131 -0.00293733 0.132396 
-0.166493 0.00310072 -0.192705 -0.0765729 -0.0277166 
-0.0903639 -0.0538637 -0.252349 -0.159998 -0.25609 
0.379594 0.407499 0.0450542 0.0121239 0.0594853 
-0.0497204 -0.0551173 -0.241919 -0.254769 -0.314283 
-0.602422 -0.506149 0.249123 -0.0378152 0.133461 
0.213918 0.197381 -0.0861155 -0.415673 -0.169944 
-0.0868708 -0.212039 -0.609612 0.212627 0.15539 
0.0362209 0.303896 -0.113479 0.170956 -0.0204438 
0.0703931 -0.0490562 0.0146028 -0.183098 0.201876 
0.0488256 0.52928 -0.518004 0.379911 0.14565 
0.0786426 0.349346 -0.189941 0.492253 -0.0587303 
0.416484 -0.315989 -0.00583228 0.0400735 -0.743894 
pop 2 layer 1
dims 16 16
0.640287 -0.389656 0.00685999 -0.0909826 -0.27211 0.0900359 -0.435236 -0.674804 0.0832669 -0.432671 -0.426196 0.260966 -0.495684 0.273708 -0.370796 -0.267192 
0.249722 0.0273143 -0.310919 0.00174471 -0.0306379 0.302422 -0.22904 0.665973 -0.192754 -0.232076 -0.740924 -0.152164 0.451629 0.526971 0.431831 -0.161903 
-0.396094 -0.0670137 -0.325729 -0.205522 -0.287274 -0.085204 0.11478 0.252951 0.507177 0.219981 -0.0252095 -0.148617 0.332701 -0.0574906 -0.447864 0.0574572 
-0.39549 -0.0177081 -0.130757 0.135033 0.0886036 -0.0874032 -0.842178 0.0781717 -0.175636 0.240485 -0.161576 -0.413772 0.348593 -0.175276 -0.0559963 0.0983516 
-0.18569 0.25323 0.00195365 0.346965 0.114997 -0.0909778 -0.243807 -0.00446933 0.356174 0.242344 -0.232344 0.363982 0.0525785 0.492585 -0.224782 0.478089 
0.072415 -0.21823 0.249207 0.114005 -0.161438 -0.0917271 -0.10959 -0.540711 -0.126629 0.563303 0.216303 0.0762314 -0.896761 -0.879803 -0.00359027 -0.0694653 
0.250479 -0.202322 -0.146608 0.258206 -0.500484 -0.127519 -0.135472 -0.132156 -0.315091 -0.25107 0.156979 0.262185 -0.461684 -0.0409915 0.357564 0.242196 
-0.489537 0.24345 0.587705 0.3664 0.415482 0.399361 0.337597 0.516031 -0.25393 -0.0185335 0.101197 -0.465666 0.199693 0.0765831 0.0968031 0.0124146 
-0.541762 -0.115644 -0.0945963 -0.332712 0.327687 0.349478 -0.293596 -0.0189052 0.548011 0.420907 -0.150924 0.00946032 0.0789023 -0.178472 -0.087327 0.095095 
-0.352511 -0.22088 -0.250442 -0.235437 0.516264 0.203494 -0.713944 0.634306 -0.379776 0.04476 -0.236732 -0.00262216 -0.0961358 0.27563 -0.185123 -0.335408 
0.0926427 -0.236186 -0.495362 0.545763 -0.276908 0.219474 0.535745 -0.144041 0.575165 0.293174 0.795891 0.211451 0.3283 0.473842 -0.507443 0.481297 
0.383326 0.334525 0.217613 0.262039 -0.155936 0.182413 -0.334608 -0.0578649 0.250374 -0.0218295 0.405051 0.425588 0.246121 -0.148496 0.463513 -0.893217 
0.0914054 -0.723085 -0.319723 -0.0586102 -0.012944 0.392404 0.281956 -0.442227 0.0493788 -0.313289 0.813107 0.169463 -0.137219 -0.0418589 0.437421 -0.488087 
-0.493956 0.507422 0.277206 -0.312735 -0.489004 0.139659 0.472007 0.278887 0.371451 0.0236813 -0.216793 0.701463 -0.132868 0.101702 -0.011248 0.382861 
-0.25002 -0.484252 -0.41635 0.474483 0.19646 0.367736 0.494435 -0.505428 -0.555476 -0.463766 -0.31538 -0.0253321 -0.501351 -0.207524 0.0992362 -0.00517591 
0.128962 -0.507045 0.12883 -0.153724 0.449246 0.184083 -0.732613 0.0747344 0.157891 0.248921 0.109461 -0.0592899 -0.182828 -0.218792 -0.0904259 0.450689 
pop 2 layer 2
dims 4 16
0.139618 0.38817 -0.0718191 0.502335 0.304226 0.262234 0.0450899 0.544 -0.171026 -0.102037 -0.305922 -0.119339 -0.03486 0.156312 -0.0738799 0.011871 
0.225875 -0.0941397 0.122813 -0.500382 0.500842 -0.278888 0.128886 -0.0209453 0.127255 -0.432305 -0.247527 0.0480664 0.646646 -0.237104 0.0269694 -0.37779 
-0.293804 0.266094 0.308939 0.608233 -0.00367058 -0.657413 -0.0320536 -0.695889 0.164554 -0.105856 0.251727 0.0342642 -0.169114 -0.608027 0.0609573 0.41429 
-0.296099 0.280671 -0.0265853 -0.120476 0.393942 -0.592379 0.388935 -0.0867347 0.0959945 -0.156206 0.00302652 -0.278356 0.309271 -0.660734 -0.498263 0.45707 
pop 3 layer 0
dims 16 5
-0.147291 -0.361492 -0.109814 0.3086 0.168498 
0.271811 0.24347 0.145855 0.338774 -0.0402652 
-0.387581 0.249522 -0.0109863 0.490871 0.315121 
0.128424 0.122354 -0.174977 -0.0979184 -0.0798047 
0.0406257 0.0120344 -0.101975 -0.26178 0.186287 
-0.146289 0.216419 0.0168864 -0.393925 -0.303166 
0.208848 0.217738 -0.0920244 -0.0455533 0.0143227 
0.0642012 0.0122637 -0.0229449 -0.25015 -0.324496 
-0.177854 -0.238389 0.0927504 0.0371624 0.341954 
0.318092 0.277282 0.0131997 -0.151908 -0.370009 
0.0217363 -0.224582 -0.412278 0.529199 -0.0365159 
-0.109117 0.34077 -0.302109 0.0460416 -0.10042 
-0.214546 -0.1087 0.0808587 -0.231257 0.148604 
0.00827504 0.702125 -0.209749 0.028181 0.186654 
0.0440347 0.101867 -0.133713 0.262868 -0.139274 
0.0471328 -0.335329 -0.317225 0.0389197 -0.936226 
pop 3 layer 1
dims 16 16
0.168643 0.0389416 0.293051 0.0165154 -0.122851 0.344547 -0.413059 -0.287434 -0.0568623 -0.313589 -0.290405 0.227858 -0.369459 0.578488 -0.471484 0.626198 
-0.110675 -0.460375 -0.425738 -0.191562 -0.13559 0.170139 -0.313391 0.3655 -0.338141 0.176168 -0.415155 -0.0554191 0.286694 0.241906 0.508259 0.0250309 
-0.234533 -0.0489764 -0.240036 0.0870056 0.0105417 -0.1832 0.0366133 0.017528 0.512739 0.374092 0.372662 0.0851779 0.0691635 -0.165428 -0.163527 0.332853 
-0.0783199 0.407179 0.063059 0.192729 0.0213836 -0.285852 -0.455945 -0.16791 0.237864 0.234087 -0.244541 -0.507031 -0.123625 -0.0892529 -0.104878 0.0475337 
0.087092 0.166015 -0.627322 0.297764 0.197676 0.208434 0.218652 -0.303213 0.159149 -0.305158 0.0011452 0.22741 0.436059 0.600695 0.233547 0.366269 
0.0429999 -0.214532 0.35038 0.0901389 0.315224 -0.0751561 -0.10035 -0.441223 -0.0630663 0.414206 -0.292265 0.135973 -0.505462 -0.270372 -0.262787 -0.151017 
0.0469586 -0.0994466 0.126581 0.361456 -0.33037 0.00865572 0.166258 -0.0535488 0.0164033 0.361366 0.301545 0.125617 -0.140461 0.142501 0.712438 0.0320553 
-0.107035 -0.193444 0.13938 0.287671 0.320317 0.334805 0.252233 0.252373 0.199615 -0.132052 0.10122 0.0801325 0.0264371 0.232094 0.447518 0.137353 
-0.154142 0.0563277 -0.0174292 -0.25163 0.350601 -0.270023 0.241136 -0.0660131 0.745807 0.156205 0.119275 0.0841354 0.0215671 -0.0519128 0.164346 -0.034128 
-0.030463 0.109495 -0.401655 -0.174297 0.61455 0.390668 -0.312925 0.33512 0.0827458 0.122924 -0.204285 0.0718903 -0.37375 0.463871 -0.172312 0.0642112 
-0.0672942 0.263263 -0.259689 0.362153 -0.478244 0.0118203 0.288253 0.0280709 0.328451 0.397759 0.607016 0.160972 0.297524 0.0591514 -0.546847 0.421214 
0.370968 0.365609 0.327573 0.127329 0.0939799 -0.173927 -0.676639 0.0527055 0.242252 0.0439406 0.146987 0.335368 -0.0485701 0.00291637 0.418743 -0.392818 
0.0943336 -0.219981 -0.334558 0.17892 0.238605 -0.358793 0.389434 -0.324033 0.241158 -0.147153 0.758359 0.417832 0.0733861 0.0117423 0.371956 -0.469642 
-0.0620426 0.519793 0.146754 -0.484747 -0.272179 -0.241889 0.721396 0.0332053 0.242685 0.0232839 -0.325936 0.410192 -0.22185 0.0861937 -0.320519 0.330924 
0.0725285 0.18224 -0.268974 0.778078 0.195088 0.357128 0.687921 -0.157685 -0.251856 -0.282297 -0.466811 -0.00530227 -0.581737 -0.116174 0.0928017 -0.0614076 
0.0505283 -0.292165 -0.284278 -0.284833 0.485891 -0.0354271 -0.36616 0.179833 -0.025172 0.403641 0.364109 0.0110555 -0.338497 0.148927 -0.25725 0.521329 
pop 3 layer 2
dims 4 16
-0.331481 0.0867203 0.0210916 0.320864 0.524977 0.186443 0.00804507 0.270423 -0.380707 0.0492139 0.0724426 -0.417697 -0.201092 0.0319769 -0.0335312 -0.252577 
0.0324749 -0.114516 -0.328022 0.0697632 0.614631 -0.22399 -0.095123 0.0422354 0.222908 -0.415473 0.0260423 0.197263 0.59201 -0.0897166 0.161411 -0.407916 
-0.284538 0.130655 0.171801 0.63858 -0.0787847 -0.681501 0.112638 -0.612991 0.375648 0.0365057 -0.0151483 0.128918 -0.643451 -0.435146 0.181029 0.160966 
0.0329994 0.0022982 0.0362851 0.0263787 0.386377 -0.563821 0.377926 -0.145558 -0.142561 -0.168873 0.0392393 0.0405171 0.109664 -0.596607 -0.403395 0.520875 
pop 4 layer 0
dims 16 5
0.110153 -0.297234 -0.135758 0.168409 -0.0412847 
0.197817 0.170514 0.167383 0.262373 -0.106026 
-0.364366 0.300875 -0.277824 0.528205 0.347497 
0.145376 0.337388 0.0832845 0.0376934 -0.0753192 
-0.03182 0.285367 -0.0357666 -0.330434 -0.086803 
-0.0124437 0.0226023 -0.266848 -0.334621 -0.206876 
0.144837 0.226056 -0.135011 0.150719 0.0105719 
0.00785558 -0.0218589 -0.0637525 -0.139016 0.0872756 
-0.307791 -0.1699 0.0116698 0.0286783 0.378997 
0.261241 0.0318241 0.0867842 -0.0677761 -0.570526 
-0.187744 -0.341654 -0.686813 0.663374 0.220858 
-0.220687 0.209495 -0.304894 -0.000276977 -0.175649 
-0.187674 0.0206536 -0.104789 0.0146755 -0.0636573 
-0.0431432 0.878541 -0.155857 0.084402 -0.00507476 
0.126904 0.225726 0.0528393 0.34215 0.0106227 
-0.0570074 -0.273445 -0.243638 -0.115278 -0.938212 
pop 4 layer 1
dims 16 16
0.134347 -0.0453736 0.288108 0.0693691 -0.0420742 0.306798 -0.478003 -0.136905 0.145781 -0.260697 -0.406439 0.332277 -0.382127 0.554568 -0.391185 0.457488 
-0.119998 -0.606552 -0.42757 -0.338186 -0.150688 0.160766 -0.0459134 0.460342 -0.414008 0.0445989 -0.227795 -0.125627 0.185304 0.290374 0.458712 -0.144638 
-0.126431 0.140507 -0.336392 -0.0902464 -0.00701726 -0.0684224 0.083373 0.209601 0.194515 0.262879 0.16041 0.204757 0.161154 -0.143187 -0.217367 0.232727 
0.187146 0.185745 0.172472 0.293536 0.241849 -0.1369 -0.745521 -0.0762817 0.348394 0.316357 -0.352288 -0.390991 -0.187929 -0.129517 -0.127901 0.104983 
-0.0209395 0.236373 -0.310647 0.150222 -0.0274564 0.341151 0.0364799 -0.41213 0.200827 -0.229468 -0.0602839 0.243199 0.0889146 0.667216 0.243806 0.398707 
0.00738894 -0.147271 0.31133 -0.0131092 0.266551 -0.189291 -0.115327 -0.538456 -0.0669038 0.36729 -0.224864 0.249543 -0.281909 -0.206186 -0.497558 -0.215762 
0.131122 -0.0106142 0.20708 0.480289 -0.22808 -0.0330929 0.185547 -0.136732 0.00606496 0.394473 0.455934 0.151934 -0.23369 0.136807 0.723778 0.0718449 
-0.14708 -0.085673 0.00991419 0.240589 0.352649 0.511474 0.264701 0.45781 0.0162232 -0.20242 0.146437 0.0437356 -0.0760962 -0.0603001 0.505624 0.142996 
-0.21476 0.121162 0.296522 -0.243368 0.312668 -0.090036 0.21533 -0.233993 0.70895 0.173819 0.0253136 0.225429 -0.0695007 -0.261193 -0.0320796 0.170885 
0.0142863 0.112214 -0.387427 -0.229998 0.509192 0.317125 -0.452393 0.221768 -0.0147718 0.201648 -0.24156 0.0377388 -0.244513 0.417202 -0.115386 -0.170834 
-0.0324773 0.256861 -0.180112 0.537729 -0.322145 0.121142 0.293586 0.141157 0.408909 0.379115 0.690733 0.186133 0.31026 0.0568421 -0.404717 0.566308 
0.319942 0.141633 0.275477 0.313545 -0.0537209 -0.0536165 -0.603183 -0.133698 0.167469 -0.0710938 0.230864 0.190905 0.129993 -0.132018 0.23296 -0.420734 
0.279958 -0.648312 -0.645089 -0.062769 0.174121 -0.341818 0.404113 -0.311837 0.25912 -0.270065 0.724779 0.394511 -0.263376 0.259991 0.250946 -0.408039 
-0.181503 0.441791 0.160846 -0.265237 -0.219711 -0.222514 0.390193 0.0444154 0.103727 0.0263526 -0.0809596 0.546288 -0.211424 0.299178 -0.209045 0.359265 
0.0262222 0.0855565 -0.484867 0.612261 0.0889397 0.400302 0.696726 -0.0156082 -0.42307 -0.236357 -0.388719 -0.11392 -0.461575 0.12976 -0.0521637 -0.0712716 
0.0355543 -0.246367 -0.3284 -0.290024 0.380262 0.0524627 -0.304872 0.141688 0.0123745 0.159586 0.162619 0.176504 -0.335146 -0.105283 -0.27988 0.521477 
pop 4 layer 2
dims 4 16
-0.103964 0.287717 0.256876 0.491887 0.350357 0.163381 -0.0548122 0.306361 -0.281022 -0.0874229 -0.0552588 -0.218498 -0.291388 0.387549 0.00724887 -0.019392 
0.379324 -0.0739455 -0.164119 -0.207139 0.204555 -0.236845 0.173294 0.0914719 0.30123 -0.467216 -0.194733 0.329051 0.383415 -0.157897 0.112329 -0.494097 
-0.107915 0.160452 0.395889 0.913404 0.250017 -0.499289 -0.177178 -0.634139 0.416016 -0.23362 0.140024 -0.0686539 -0.121975 -0.848806 0.189378 0.468039 
-0.0542112 0.147325 -0.0427738 -0.0360133 0.603629 -0.45257 0.245158 0.00201292 -0.120127 0.092819 0.219036 -0.181987 0.355343 -0.631262 -0.539368 0.289142 
pop 5 layer 0
dims 16 5
-0.0644531 -0.251838 0.0352691 0.447456 0.0674107 
0.39729 0.192937 0.135123 0.242002 -0.226971 
-0.287557 0.346361 -0.180171 0.638582 0.390044 
-0.0168588 0.365046 -0.107288 0.0172803 0.00644011 
-0.133966 0.0793088 -0.18991 -0.243427 0.135063 
-0.0873983 0.170264 -0.184057 -0.349164 -0.332875 
0.233176 0.276108 -0.228853 0.240309 0.0104984 
0.0840349 -0.0732579 -0.0558092 -0.207529 -0.0642846 
-0.416329 -0.230959 0.144908 0.185604 0.312529 
0.231942 0.233397 0.0556645 -0.210951 -0.495524 
-0.141998 -0.284442 -0.604302 0.613762 0.20986 
-0.0965704 0.305224 -0.336755 0.0471208 -0.00206763 
-0.175794 -0.142782 0.00701722 -0.0831876 0.25853 
0.0118843 0.776748 -0.322517 0.0741529 -0.0115919 
0.0269357 0.217273 -0.0917646 0.272711 -0.0471324 
0.123511 -0.353378 -0.230094 -0.126202 -0.980117 
pop 5 layer 1
dims 16 16
0.188557 -0.039682 0.337756 0.0333647 -0.143317 0.244428 -0.486625 -0.367794 0.0220808 -0.422254 -0.457087 0.371487 -0.443548 0.517163 -0.404459 0.487843 
-0.00883681 -0.558228 -0.275966 -0.244363 -0.105677 0.0208159 -0.292876 0.394148 -0.445878 -0.128842 -0.377009 -0.108375 0.344244 0.267813 0.409197 -0.12274 
-0.288934 -0.0817988 -0.372283 -0.0919542 -0.0155959 -0.185253 0.00966433 0.19279 0.486596 0.366051 0.218878 0.0695524 0.12275 -0.182146 -0.279501 0.345167 
0.0940521 0.254801 -0.014733 0.352961 0.078308 -0.340273 -0.723122 -0.0326764 0.152228 0.367575 -0.3376 -0.648966 -0.204796 -0.0920329 -0.246743 0.262544 
-0.108041 0.220286 -0.553228 0.351413 0.109634 0.237129 0.0976103 -0.366151 0.174647 -0.37848 -0.0219669 0.304146 0.14637 0.679827 0.205938 0.50157 
0.053628 -0.118239 0.261787 0.163651 0.266808 -0.152207 -0.113943 -0.449619 -0.0404634 0.493685 -0.202972 0.217935 -0.34874 -0.271028 -0.362757 -0.287309 
0.143762 -0.0649386 0.148106 0.347374 -0.290026 -0.0303155 0.216757 -0.14549 -0.0368125 0.355826 0.412649 0.129841 -0.16957 0.182443 0.803086 0.117865 
-0.0518065 -0.195887 0.15676 0.320649 0.374655 0.289584 0.279691 0.344468 0.115563 -0.23173 0.176122 0.177066 0.0274225 0.104084 0.494486 0.159227 
-0.218897 0.0788105 0.0398349 -0.386576 0.329208 -0.179727 0.191715 -0.0114806 0.766397 0.223036 0.0900123 0.218502 -0.0329842 -0.100012 0.105732 0.10012 
0.0498654 0.20796 -0.489753 -0.104674 0.644108 0.317666 -0.421399 0.379944 0.00950623 0.142522 -0.240454 0.0608992 -0.386279 0.496642 -0.0949451 -0.0488619 
-0.0691167 0.163456 -0.195221 0.419746 -0.513416 0.115232 0.309576 0.0918061 0.276733 0.124625 0.614846 0.259813 0.447095 0.102812 -0.449184 0.398626 
0.361403 0.313535 0.289296 0.332141 0.216509 -0.0745169 -0.575071 -0.0783302 0.230469 -0.137401 0.389508 0.387846 -0.0516293 -0.0837784 0.276387 -0.504658 
0.132461 -0.482186 -0.639467 -0.00897487 0.278652 -0.441878 0.375049 -0.200507 0.349312 -0.16093 0.651579 0.419176 -0.111611 0.0276603 0.407788 -0.410533 
-0.0914664 0.643144 0.204511 -0.356343 -0.284503 -0.201893 0.544945 -0.0976535 0.230093 -0.115937 -0.203074 0.33034 -0.283727 0.286229 -0.292826 0.470855 
0.0679342 0.130576 -0.393812 0.883477 0.0715758 0.428278 0.592444 -0.0705289 -0.490541 -0.316561 -0.394629 -0.00550946 -0.416646 -0.0201372 0.0254268 -0.0463009 
0.015152 -0.300229 -0.311143 -0.295486 0.391681 -0.0177733 -0.234117 0.22382 -0.0789513 0.303278 0.276229 0.0506565 -0.455739 0.045548 -0.308173 0.462188 
pop 5 layer 2
dims 4 16
-0.114435 0.167046 0.104377 0.453745 0.566394 0.162593 -0.00305885 0.215928 -0.27086 0.0500927 0.029537 -0.409807 -0.202141 0.196298 0.0203076 -0.118439 
0.047065 -0.095945 -0.216715 -0.0230519 0.588925 -0.058394 0.0407997 0.118903 0.247469 -0.55146 -0.0155308 0.148359 0.648501 -0.204534 0.164127 -0.406593 
-0.150596 0.255664 0.182192 0.715776 -0.0566226 -0.38879 0.118754 -0.630372 0.385572 0.00768878 -0.00580636 0.130419 -0.256746 -0.546509 0.208269 0.38892 
-0.0488413 -0.0596101 -0.0751911 -0.0316159 0.356916 -0.607824 0.391219 -0.160477 0.1138 -0.157759 0.12945 -0.0227056 -0.00473288 -0.480469 -0.41234 0.58391 
pop 6 layer 0
dims 16 5
-0.0664935 -0.219029 0.000979339 0.627054 -0.203515 
0.26463 0.502052 0.0971393 0.128885 -0.210059 
-0.410423 0.420315 -0.0430097 0.405105 0.411985 
-0.0695717 0.313606 -0.091428 0.0837411 -0.0581584 
-0.0297073 0.30456 -0.0674775 -0.207852 -0.182754 
-0.170282 -0.104458 -0.203488 -0.157683 -0.130846 
0.320935 0.215544 -0.0141906 0.199241 0.237035 
0.0321351 -0.113759 -0.0586701 -0.545272 -0.418952 
-0.509251 -0.268247 0.24681 -0.103832 0.282065 
0.0672166 0.107377 -0.255495 -0.363067 -0.206738 
-0.00639625 -0.0105812 -0.660118 0.15225 0.134602 
0.281024 0.343955 -0.19801 0.12707 -0.124547 
0.00877343 0.225957 -0.200592 -0.0690043 0.198956 
0.143273 0.338547 -0.236245 0.295174 0.0853592 
0.0257428 0.21272 -0.169619 0.351255 0.0419781 
0.211038 -0.380484 -0.128105 -0.243544 -0.82798 
pop 6 layer 1
dims 16 16
0.760949 -0.387939 0.055489 -0.0634669 0.0143942 0.19546 -0.445211 -0.691993 0.326564 -0.615404 -0.559083 0.340783 -0.405677 0.0688982 -0.372673 -0.0920197 
0.259331 0.0236828 -0.204098 -0.0127491 -0.0308711 0.138776 -0.0800308 0.57156 -0.334145 -0.138557 -0.644375 -0.0789568 0.411944 0.529039 0.4252 -0.0996882 
-0.522875 -0.0756867 -0.254747 -0.0713884 -0.132995 -0.232799 0.152919 0.433414 0.487985 0.31167 0.0186513 -0.0110392 0.0804359 -0.131069 -0.241721 0.150343 
-0.0386745 0.0785123 -0.0282236 0.192018 -0.15873 0.0849218 -0.674967 -0.0130697 -0.301677 0.110908 -0.348137 -0.32075 0.231224 -0.220447 0.0353644 0.299236 
0.0386823 0.223257 -0.0343586 0.160746 -0.196672 -0.229467 0.0537791 -0.139869 0.223092 0.0200177 -0.162016 0.407826 -0.0778742 0.587946 -0.198529 0.597126 
0.109528 -0.370484 0.602275 0.142627 -0.0521862 -0.0497921 -0.144872 -0.527458 -0.182001 0.540912 0.133739 -0.0772566 -0.81973 -0.63881 -0.0257555 0.0654565 
0.0532702 -0.0472024 0.100674 0.223141 -0.359127 -0.127196 -0.128037 -0.113851 -0.161775 -0.246128 0.00840247 0.205725 -0.219128 -0.0931716 0.453132 0.0880287 
-0.320088 0.44567 0.180661 0.266319 0.509576 0.197813 0.422838 0.664281 -0.232129 -0.19696 0.16422 -0.372296 0.127328 0.19964 0.11239 -0.00924378 
-0.491076 -0.0992792 0.130528 -0.283446 0.465247 0.140011 -0.0767814 -0.0751875 0.645942 0.324694 -0.253177 -0.100201 -0.108999 -0.172492 0.0829855 0.0357708 
-0.413101 -0.0703618 -0.342463 -0.222858 0.342207 0.281527 -0.981726 0.59741 -0.0756127 -0.163535 0.0162678 -0.0838172 -0.315618 0.255361 -0.320445 -0.386011 
-0.0482133 -0.38396 -0.633032 0.654044 -0.221252 0.224653 0.506007 -0.150445 0.575915 0.293895 0.685089 0.297033 0.241011 0.251204 -0.51932 0.403587 
0.528807 0.112099 0.264245 0.150324 0.0400326 0.016092 -0.382643 -0.0374295 0.122185 -0.168592 0.368353 0.339289 0.232673 -0.118787 0.350966 -0.760248 
0.18617 -0.717101 -0.235274 0.0349715 -0.121589 0.176424 0.288636 -0.299526 -0.0815778 -0.162297 1.03342 0.200131 -0.125401 -0.125796 0.38884 -0.484917 
-0.524411 0.683628 0.14871 -0.203585 -0.464453 0.044688 0.377824 0.286171 0.476292 0.141914 -0.0794969 0.546591 -0.191744 0.334508 -0.0443557 0.483373 
-0.201019 -0.469892 -0.360704 0.28759 0.128255 0.270632 0.583849 -0.689768 -0.496083 -0.293245 -0.404381 0.125004 -0.592119 -0.17106 0.0980859 0.0882449 
-0.0485604 -0.357229 -0.00737653 -0.148123 0.444146 0.109415 -0.817929 -0.0297693 -0.0330975 0.258677 0.449616 -0.188053 -0.217092 -0.0538931 -0.398252 0.534918 
pop 6 layer 2
dims 4 16
-0.0765019 0.232766 0.107676 0.375107 0.414538 0.271666 0.204957 0.672171 -0.503176 -0.0200141 -0.0693299 -0.195376 -0.361321 0.359079 -0.149779 0.0314502 
0.352228 -0.0453968 -0.418683 -0.455515 0.245541 -0.203144 0.304879 0.26897 0.236 -0.627519 -0.3924 0.309145 0.567126 -0.155226 0.159644 -0.644124 
-0.216361 0.254616 0.476834 0.964461 0.255122 -0.736729 -0.235851 -0.566278 0.394628 -0.207887 0.163601 -0.138931 -0.364952 -0.80206 0.162918 0.221967 
-0.069374 0.31282 -0.112511 -0.178352 0.471374 -0.37594 0.264273 0.0199701 -0.183453 0.00672105 0.14501 0.0040333 0.103028 -0.604856 -0.396994 0.621135 
pop 7 layer 0
dims 16 5
-0.136327 -0.325072 0.0256672 0.603255 -0.156511 
0.254569 0.313117 0.0164089 0.121123 -0.326069 
-0.212011 0.369774 0.0390441 0.289677 0.44756 
0.0750686 0.288767 -0.0587132 0.0806795 0.0443165 
-0.0943975 0.0530247 -0.184826 -0.178975 -0.214538 
-0.234886 -0.103654 -0.135263 -0.203474 -0.162107 
0.361348 0.233525 0.0548928 0.173147 0.235198 
0.0711494 -0.0731745 -0.103122 -0.475264 -0.388338 
-0.557185 -0.362674 0.213705 -0.0494636 0.159892 
0.126813 0.223542 -0.0682965 -0.423549 -0.233669 
-0.065925 -0.0738633 -0.595885 0.40361 0.0643384 
0.145827 0.414296 -0.21318 0.196389 -0.117227 
0.124052 0.159259 -0.103042 -0.045858 0.33495 
0.0264876 0.552994 -0.481732 0.224653 0.159622 
-0.0179213 0.264625 -0.291981 0.377778 -0.0729616 
0.331803 -0.451147 -0.112829 -0.163829 -0.748217 
pop 7 layer 1
dims 16 16
0.722382 -0.472328 0.0439165 -0.115293 -0.0928408 0.0545308 -0.570729 -0.647937 0.241427 -0.638289 -0.55983 0.300211 -0.479148 0.225943 -0.341227 -0.218684 
0.187261 -0.095052 -0.325959 -0.11004 -0.00396635 0.344069 -0.185902 0.686251 -0.3223 -0.174791 -0.77213 -0.138409 0.468414 0.496922 0.519759 -0.270554 
-0.484548 -0.037473 -0.465703 -0.160353 -0.17238 -0.155066 0.15186 0.334138 0.615194 0.161448 -0.0365504 0.079197 0.180372 -0.0292093 -0.29471 0.167791 
-0.155002 0.0303511 0.000604787 0.199543 0.13004 -0.05477 -0.867896 0.15025 -0.336026 0.157864 -0.325952 -0.476211 0.209593 -0.140534 -0.0246285 0.120862 
-0.00420134 0.252048 -0.0563745 0.376896 -0.013651 -0.108781 -0.167527 -0.172372 0.322107 0.115318 -0.187972 0.386322 -0.0423322 0.556342 -0.210547 0.601893 
0.0199228 -0.351202 0.4597 0.0252049 -0.0388593 -0.164534 -0.0338332 -0.607952 -0.161189 0.454808 0.342174 0.0621942 -0.859515 -0.997241 -0.189424 -0.181342 
0.242628 -0.0418074 -0.00503963 0.189379 -0.40085 -0.10821 -0.240665 -0.13601 -0.284485 -0.334418 0.119953 0.117469 -0.277258 -0.0320466 0.472838 0.154112 
-0.380298 0.490582 0.54053 0.332135 0.558639 0.154671 0.31753 0.693067 -0.0898781 -0.0740251 0.29166 -0.400538 0.27757 0.091759 0.225358 0.0367289 
-0.51026 -0.174783 -0.181129 -0.337092 0.506103 0.321951 -0.163534 -0.0764115 0.708448 0.446876 0.00822144 -0.0240121 -0.0459965 -0.244091 0.00140777 0.0215955 
-0.426426 -0.175814 -0.305671 -0.235987 0.514192 0.368049 -0.91232 0.652164 -0.258763 -0.119105 -0.254916 -0.0920712 -0.276105 0.257192 -0.230739 -0.295494 
-0.0509712 -0.297303 -0.647285 0.572968 -0.333079 0.288133 0.413073 0.00377999 0.549983 0.369643 0.776155 0.366052 0.458053 0.397358 -0.449874 0.537204 
0.610747 0.352609 0.366176 0.225901 -0.0169483 0.0766806 -0.393967 -0.110682 0.141493 -0.1424 0.220835 0.460978 0.119667 -0.104349 0.443838 -0.733304 
0.242284 -0.624818 -0.421612 -0.0348626 -0.0065244 0.311343 0.206163 -0.520792 -0.0209741 -0.216664 0.955431 0.25626 -0.0695246 -0.019905 0.344527 -0.449552 
-0.527595 0.565541 0.178402 -0.405533 -0.403599 0.0849719 0.542935 0.31224 0.443075 0.0819223 -0.195699 0.627781 -0.147087 0.189578 0.0260825 0.554996 
-0.306444 -0.473489 -0.384019 0.5761 0.195935 0.327406 0.594147 -0.574741 -0.618856 -0.282351 -0.353307 0.0198745 -0.628757 -0.197862 0.0554999 0.0775663 
-0.0509287 -0.433863 0.11765 -0.126303 0.392258 0.193082 -0.728375 0.00345406 0.00748716 0.11069 0.223196 0.066017 -0.32495 -0.00309402 -0.308152 0.635156 
pop 7 layer 2
dims 4 16
0.254794 0.35464 0.146078 0.554408 0.320962 0.222533 0.166248 0.368733 -0.176669 0.00490087 -0.139163 -0.194138 -0.145439 0.259684 -0.18109 -0.156225 
0.378232 0.0547302 0.103613 -0.269889 0.541296 -0.211933 0.368019 0.141029 0.280454 -0.54336 -0.157372 0.147226 0.75556 -0.18739 -0.00137776 -0.350245 
-0.351599 0.430778 0.280088 0.822062 -0.0661578 -0.559269 0.0734306 -0.795657 0.184928 -0.142861 0.140124 -0.0146211 -0.168007 -0.816499 0.232925 0.314244 
-0.132657 0.383268 -0.0475798 -0.162231 0.454032 -0.678735 0.421047 -0.0795402 0.205848 -0.217501 0.109218 -0.171433 0.118721 -0.801499 -0.575865 0.420297 
pop 8 layer 0
dims 16 5
-0.00622875 -0.33633 -0.0693761 0.508981 0.0740467 
0.0623833 0.393122 0.204574 0.100991 -0.245557 
-0.00582322 0.0891662 -0.115919 0.105933 0.332834 
0.0102133 0.255634 0.121998 0.0136332 0.229402 
-0.395501 0.0771298 -0.175057 -0.120469 0.0385226 
0.0126816 -0.0103399 -0.152193 -0.184643 -0.355395 
0.22703 0.277662 0.00547987 -0.0550995 0.142622 
-0.204063 0.044998 -0.21097 -0.199999 -0.410544 
-0.485259 -0.523025 -0.0408198 0.124431 0.12312 
0.184868 0.152602 -0.0600394 -0.45685 -0.0660056 
-0.026628 -0.0944807 -0.521467 0.195878 -0.188571 
0.246413 0.320777 -0.130683 0.127635 -0.111134 
0.153478 -0.0362178 0.268536 -0.238878 0.170787 
-0.0532549 0.464364 -0.469165 0.362174 0.207785 
-0.0181705 0.246083 -0.184749 0.640083 -0.0938937 
0.326604 -0.286897 -0.0276951 0.00599396 -0.554314 
pop 8 layer 1
dims 16 16
0.548786 -0.349204 -0.11416 -0.183663 -0.253173 0.232551 -0.196131 -0.629242 0.00261779 -0.471329 -0.522638 0.115909 -0.400441 0.201427 -0.396086 -0.293556 
0.448764 -0.162531 -0.201969 -0.0260754 -0.238163 0.342354 -0.339531 0.674569 -0.208419 -0.113978 -0.7144 -0.110553 0.45384 0.516493 0.48779 -0.121093 
-0.169972 -0.122615 -0.0745249 0.0480985 -0.314773 -0.0113361 0.195619 0.240105 0.421858 0.239297 -0.0668817 -0.271192 0.194637 0.0366707 -0.444813 0.12645 
-0.452942 -0.0121959 -0.12482 0.151033 -0.0660735 0.0168446 -0.70632 0.15542 -0.183688 0.432524 0.0267991 -0.359021 0.277219 -0.389298 -0.0560655 0.255342 
-0.244545 0.29397 -0.0093581 0.326388 0.147948 -0.0900632 -0.219414 -0.0112417 0.378204 0.248738 -0.0734795 0.393458 -0.0421509 0.526891 -0.235137 0.616925 
0.132559 -0.205895 0.291266 0.0893873 -0.205796 -0.0416422 -0.255958 -0.630666 0.00402076 0.343369 0.0491333 0.209336 -0.8332 -0.826248 -0.038036 -0.0766746 
0.160894 -0.12763 -0.0995397 0.261955 -0.440602 -0.051373 -0.0209154 -0.177786 -0.0962831 -0.365047 0.0471384 0.351224 -0.388937 0.0174377 0.399047 0.273003 
-0.137586 0.226665 0.488691 0.182567 0.280229 0.444783 0.182603 0.441241 -0.377658 0.0167891 0.201249 -0.518002 0.242723 0.125003 0.1707 0.0088204 
-0.526703 0.0243796 0.0195556 -0.397622 0.257193 0.405627 -0.46584 -0.161708 0.608201 0.382996 -0.0248986 -0.142243 0.0708398 -0.205859 -0.0656606 -0.181398 
-0.345602 -0.12054 -0.324305 -0.0579548 0.214015 0.229771 -0.66927 0.434232 -0.366421 0.19531 -0.00776135 0.0341607 -0.178092 0.203581 -0.119962 -0.384872 
0.179524 -0.239173 -0.61611 0.523984 -0.317552 0.238074 0.514914 -0.0593899 0.550166 0.245942 0.731772 0.273432 0.217042 0.42386 -0.331455 0.460266 
0.415079 0.262526 0.288369 0.320878 -0.210472 0.045304 -0.261092 -0.062709 0.285129 -0.0325653 0.420355 0.353716 0.0919728 -0.25546 0.327056 -0.973213 
0.0391927 -0.677758 -0.242663 -0.0591494 0.0654311 0.53598 0.33396 -0.34717 -0.0448495 -0.0438018 0.682376 0.138646 -0.101007 -0.0351291 0.40116 -0.403713 
-0.38893 0.619829 0.419579 -0.470485 -0.494682 0.0630999 0.41494 0.163564 0.409223 -0.070615 -0.156618 0.664104 0.0179156 0.156864 0.0845431 0.305038 
-0.14826 -0.469739 -0.352923 0.375038 0.361409 0.360107 0.432551 -0.476069 -0.42633 -0.283076 -0.304653 0.00553122 -0.344938 -0.368154 -0.0452129 0.116598 
0.10824 -0.496656 0.144466 -0.1057 0.276394 0.253415 -0.583741 0.224394 0.276323 0.278808 -0.0289554 0.00468771 0.0759337 -0.358084 0.0480116 0.448228 
pop 8 layer 2
dims 4 16
-0.194513 0.177048 0.311209 0.389844 0.395836 0.156177 -0.208605 0.320671 -0.384701 0.170306 -0.125888 -0.246401 -0.175153 0.474757 0.0135827 0.0976265 
0.375134 0.00387485 -0.149501 -0.273112 0.25014 -0.284344 0.249041 -0.143104 0.223387 -0.393244 -0.195854 0.44367 0.398455 -0.282342 0.0342125 -0.55608 
0.0742675 0.0420334 0.396886 0.724378 0.140894 -0.360394 -0.206494 -0.613492 0.228047 -0.31772 0.0286523 -0.271126 0.023649 -0.806934 0.407531 0.490524 
-0.250326 0.0393619 0.112852 0.0236881 0.42685 -0.256055 0.232837 0.0906257 -0.146499 -0.00411558 0.216387 -0.0812966 0.17356 -0.656451 -0.531738 0.0463707 
pop 9 layer 0
dims 16 5
-0.0703072 -0.303795 0.0106984 0.454076 0.184943 
0.038246 0.409787 0.136336 0.291719 -0.286223 
0.0724699 0.00787061 -0.244269 0.0900654 0.368037 
-0.00416283 0.308114 0.141957 0.122664 0.107489 
-0.289052 0.0736227 -0.116174 -0.046564 0.198962 
-0.106345 0.134148 0.00859584 -0.153766 -0.343263 
0.324039 0.362464 0.176943 -0.047916 0.0852979 
-0.071041 0.0704329 -0.209306 -0.115421 -0.467445 
-0.602845 -0.463473 -0.0603894 0.0110878 0.22142 
0.111646 0.0438916 -0.192521 -0.448059 -0.0950418 
0.0462224 -0.0227164 -0.651399 0.209785 -0.150799 
0.153457 0.203094 -0.20684 0.0550554 -0.159578 
0.0886857 -0.149934 0.0315078 -0.350173 0.02157 
0.00499772 0.486423 -0.41735 0.285411 0.0908329 
0.012804 0.0520523 -0.121767 0.584386 -0.237386 
0.140202 -0.425518 -0.0446951 0.0152842 -0.533053 
pop 9 layer 1
dims 16 16
0.503926 -0.296064 -0.174811 -0.281824 -0.247031 0.339138 -0.296809 -0.687558 -0.0390323 -0.441396 -0.489995 0.163223 -0.446158 0.108842 -0.489571 -0.291641 
0.345018 -0.202141 -0.14598 0.0500856 -0.299312 0.325403 -0.189873 0.691053 -0.252211 -0.217475 -0.673066 -0.0232748 0.428117 0.551709 0.60125 -0.177515 
-0.254843 -0.215242 0.104054 0.173298 -0.313376 0.139577 0.282203 0.175471 0.35027 0.0278441 -0.0468892 -0.12577 0.0882198 0.0698543 -0.4488 0.0543128 
-0.457478 0.201461 0.00295879 0.0639402 -0.175142 -0.0823546 -0.580609 0.130135 -0.215491 0.30138 -0.0554284 -0.512386 0.101856 -0.325635 -0.324414 0.434141 
-0.22491 0.184929 0.0729917 0.220433 0.230917 -0.160712 -0.221571 0.0675792 0.276742 0.348504 0.0838745 0.463668 0.0558134 0.480489 -0.186406 0.537458 
0.0789886 -0.278864 0.315091 0.182626 -0.101113 -0.0333847 -0.271974 -0.616041 -0.166911 0.42594 0.0103905 0.0876205 -0.894018 -0.867379 -0.109345 -0.0059811 
0.223546 -0.26554 0.0166721 0.292401 -0.506161 -0.12735 -0.10644 -0.103655 -0.0398841 -0.353519 -0.113717 0.480926 -0.432834 0.187368 0.468856 0.344763 
-0.0467238 0.230694 0.428241 0.0728949 0.268646 0.440493 -0.0153726 0.403708 -0.370873 0.0643233 0.118828 -0.410662 0.202857 -0.108553 0.211623 0.0200217 
-0.449808 0.0255933 0.0954883 -0.431544 0.168595 0.464741 -0.434548 -0.284053 0.597141 0.431722 -0.0154833 -0.258035 -0.00396678 -0.356963 -0.204694 -0.257053 
-0.127931 0.028839 -0.291525 -0.0646808 0.122115 0.24222 -0.660207 0.302296 -0.376345 0.0485771 0.0246196 0.231529 -0.27591 0.181961 -0.187291 -0.443591 
0.12813 -0.141967 -0.512004 0.601457 -0.278089 0.301575 0.42531 -0.188587 0.673685 0.280352 0.640131 0.184775 0.171125 0.31538 -0.512841 0.369139 
0.397243 0.0889807 0.259151 0.222597 -0.263643 0.0936335 -0.0503722 0.0131795 0.162925 -0.102251 0.500153 0.331386 0.0890344 -0.318951 0.298883 -1.03856 
0.0241812 -0.728832 -0.107833 -0.313629 0.0472622 0.470744 0.307211 -0.279642 -0.0921399 -0.0160494 0.743274 0.192672 -0.0726283 -0.0611988 0.319593 -0.542683 
-0.355739 0.461814 0.30807 -0.425419 -0.325488 0.164913 0.342194 0.367803 0.35037 0.200411 0.0443039 0.575709 -0.0285297 0.0921311 0.0560575 0.25942 
-0.0294111 -0.534006 -0.189775 0.288052 0.18586 0.297859 0.371065 -0.507955 -0.321229 -0.341964 -0.258249 0.240732 -0.354186 -0.252448 0.0538631 0.110357 
0.0815444 -0.57855 0.0380791 -0.138494 0.248286 0.206771 -0.637443 0.257095 0.149102 0.222176 -0.179532 0.00630592 0.22846 -0.329482 -0.063767 0.492676 
pop 9 layer 2
dims 4 16
-0.207414 0.117191 0.280732 0.16397 0.327771 0.247147 -0.043631 0.298283 -0.451582 0.0506686 -0.0452343 -0.229805 -0.274037 0.335138 0.167817 0.135531 
0.39753 -0.0133501 -0.230295 -0.104099 0.121591 -0.151817 0.0631092 -0.0706277 0.398455 -0.42299 -0.186115 0.39734 0.243431 -0.336528 0.0214538 -0.448606 
-0.14042 0.0915997 0.261671 0.556915 0.0451841 -0.231836 -0.201026 -0.497502 0.031665 -0.236721 0.00327378 -0.256587 0.0860354 -0.812873 0.315122 0.408492 
-0.0783483 -0.0494464 0.200425 0.0619797 0.296926 -0.279951 0.186144 0.0239176 -0.155853 0.0751709 0.208244 -0.317655 0.105491 -0.650783 -0.53423 0.0853512 
vWeights_end
generator 2643704370 1900585291 2562991564 579220373 2955892494 3563250941 3643081710 2028051017 2907405203 1820425114 1583896351 1041573160 1001180193 246423921 898004328 531725184 737918296 244933460 3132102768 1363414421 465565774 1922623923 2459882582 1935785968 1432980597 3865137193 1752559254 2687057973 2128663086 826502874 1209159725 3577928832 2518476831 3537675590 1911829330 2034193037 2854107169 485644812 1427770977 2726443151 2473150208 2426872291 3333394347 271695454 3952662769 750504158 3841166790 2322059984 3312425158 4007456086 3577900742 4100182801 891315156 3898235970 565111573 1181488559 892731295 489856072 2146568825 590665009 1020318647 2538408220 224972607 3268772397 3375217517 61338134 1054952978 2387231806 1472334004 1471055533 2781630 2825437158 1587127939 2495947052 691917672 3122443119 3545723031 1710685464 3833540150 2239312580 2687586582 3586703189 3386737214 965200198 2796882935 3009097538 96523009 992204497 2516247711 3565935548 1765994046 2987133787 3724779272 1149298311 2810061160 1034756725 521040511 3034504222 3215866973 1022308366 799118585 1978278959 1269003180 2432580719 186870191 1709188012 2919421875 1641854163 3698420226 833705957 839634373 54366385 4061013460 2109984385 4290737927 167229046 88039591 1213909168 2975249724 3180901599 1171871332 2447067122 3822288604 1233440401 981827173 1584146139 746181025 3486198491 3299737807 1234071288 3452151371 1206380979 3628778044 2241790831 1843744723 2931543572 3598941820 1495149975 1130385515 3704354691 4192798757 3357652227 3867706661 862276359 2584716119 1730260666 954542385 1262440052 2810171832 3093332711 2760565169 741686753 3334782965 2586203238 836503945 4198654564 3379225236 2093681518 1204842939 836087636 3268289079 2122471947 3080334195 4037150431 3574629577 1338212230 3742615229 701066820 3193395845 616944574 4222703767 2936314490 109199635 2244348853 4057078143 271519889 2447448934 2633014214 861128248 1452797222 4183905223 6555686 1840235345 3545647635 687261602 305924448 378921380 2580456172 3441512197 568042632 3276471899 2087909159 1215164518 3309464679 3597240420 1551145730 3096222192 599539717 1609527343 2293487180 2873370336 3679788897 2141509021 2777091296 3625816344 285198879 971305978 1535164449 2592349374 1090828893 3290160435 3367421360 3801960629 2858351130 1293370490 2036912514 575269904 3049870615 2667420871 226607524 3722623641 3154649420 3949392291 1760539425 1399171739 1373759352 1326917585 3638810781 3013417607 4072242460 3340294824 3373945819 3504183272 3163444381 4073561017 1222183737 3626284429 3224856035 186122130 2847709405 586844866 3811757960 404780054 3266752683 4147692769 1547016473 162467601 3845862495 1976016568 1284051955 1603312482 7257801 821848030 186541062 2690495862 3784151098 3794590321 3053222681 1059413558 1150773786 3688680423 77778969 3131340890 425978778 3589927008 620894374 3296115383 1657297453 2639428222 1115356130 3238162530 2291927582 1933924467 2462818051 4205196229 2937566731 1310989913 2431069884 2711882346 1759126618 2910415171 1896111834 420912569 3998860440 84699791 2652390442 1617995177 3001520335 606658431 2406848943 112154845 2095776721 752204824 2776121783 1851062613 1747426811 1558953971 4179564497 591091892 2227671849 3010417649 392163118 1856169596 2604780534 1044981735 2131926635 1634596120 71772252 4218964897 23458767 3543267030 1859645910 3989055311 1323080103 1266495047 3710322579 3409709018 2168832207 1632611960 4134667374 2170398119 4117668304 3456949643 728941243 1605971491 4002698387 3438678660 4074226761 4119200457 2431331300 433061479 145699640 854497515 1277113833 665742783 913640055 2894089238 617316486 3773846867 3195482790 2272227170 2420540420 1931481416 791303576 1870180595 1436853239 1117276213 1519070378 1485266919 1125146987 1516367045 2410374362 2503188086 1647497194 97650675 3140282631 2864104488 3266574096 1719192671 3092005623 74471522 580381122 2955882313 3451107499 2632274648 4129822795 2969163027 933671452 3448333482 1249901352 1858206904 3314251229 905607880 151710552 794378618 4189859240 1528219726 3958313377 1388023525 3458747304 2891888734 3670347819 568591259 2409082060 4262603972 1652940907 820753536 2397982470 1253531383 1190302141 1998292913 1908642888 4025402838 3539659303 1391597350 1345114824 3484412274 1041375665 3806567293 3725205892 2157901395 2668127737 30015869 2473345111 3780025570 2684975713 2841354815 1177810379 3690563999 923311848 2944254392 1798968664 3231097836 552237989 1305018078 2899007479 1963566029 2735791003 131925404 1761297669 4156393712 777808014 1056329254 3137202787 2637750112 2616444457 3440939601 121145199 4184649704 4028234370 3307354232 3052865849 2747424314 891479037 1572028083 1474076489 1040349172 3605358174 4135511501 3711182687 1034324456 2155672795 736314912 2800660990 2323362480 1122175322 4137865438 2880717138 281572034 1355600291 3674849053 2457501020 2366160571 3876413690 3569488070 2499811609 3878948348 616323251 2884406999 1094936338 3734222709 2485432510 3428834619 3226929282 2696067135 3919103948 2694445691 4026977445 1118036847 495494071 2383274681 1163766822 1508439513 2331082870 258083223 3033888126 3234750648 2201364124 1064383530 4121681749 810593394 3521540156 1430256998 1416967620 2493443166 603238521 690826005 1422104351 3894096215 3865106586 2763981628 2481277154 1908370697 3398474148 1715060530 4057698375 110421593 1896335506 2056836681 944410147 4245283588 544642761 221308789 2269384227 1835685148 215666369 16537949 1104782082 1808963406 1614236253 284236784 1700227923 547469611 3643267126 690520391 158628849 49066047 2380965509 521317661 3572046111 3662122832 1816072241 858310875 957883739 3723745752 1780741672 973961190 2358299400 3440686698 523364551 3361415403 2844926875 2790932011 3299648668 1170866024 2976783397 3588412010 4063352594 3106905326 2908256171 1857658183 3856184523 1681647151 274684293 4004187564 2501115493 3831645769 2334973992 1234204405 2319638765 3160089785 3065041311 4281248892 1299868322 3806118750 2840025412 1954795094 3387594901 2301020507 3245951623 1393496804 1946362779 4071716420 3004213893 1397277703 3082840419 3116018822 1381198230 1652572682 3691059033 1433954905 1555697129 2081120051 964579121 367385298 840284936 362717063 3662461221 678573282 1716882607 4011520280 1015803813 3933972436 3129653788 1483384188 2964624785 192673385 1568008233 4222089184 3438473178 1685380205 3991812859 19759331 220920600 4283591035 37476583 2949113240 138647784 2629199172 1456156620 1318130197 3924194687 316135628 1944439748 3109017168 2665009109 85028284 1170271051 2982092047 1414633401 3161243993 731450868 1276795883 744167908 1297107774 510868812 3217015272 1914436932 2529606960 3601959097 2364920509 490670780 2915887 3244700779
