sName lunar_lander
version 1
nEpochs 750
nPopSize 100
nTop 10
act 1
populationStrategy 2
randomInjectionRatio 0.35
nLayers 4
vSize 5 16 16 4 
vBiases_start
pop 0 layer 0
dims 16 1
-0.393324 
0.0855623 
-0.439987 
-0.305511 
0.0391923 
-0.234033 
0.173187 
0.217251 
0.0659173 
0.443495 
0.132098 
0.0237071 
-0.200115 
-0.34192 
-0.142373 
0.425311 
pop 0 layer 1
dims 16 1
-0.0808878 
-0.359052 
-0.264436 
0.31772 
0.078464 
-0.0652608 
0.479047 
0.590096 
0.315359 
0.46086 
0.300931 
0.702859 
0.159908 
0.00501979 
-0.476963 
-0.078851 
pop 0 layer 2
dims 4 1
-0.395988 
0.422541 
0.00945767 
0.00247287 
pop 1 layer 0
dims 16 1
-0.210012 
0.288393 
-0.369598 
-0.214116 
0.0406176 
-0.162749 
-0.00748099 
0.123769 
-0.0870721 
0.159816 
0.133419 
-0.228411 
-0.323585 
-0.0603154 
-0.202577 
0.359091 
pop 1 layer 1
dims 16 1
-0.268281 
-0.0839674 
-0.379297 
0.163795 
0.126581 
0.0234479 
0.414987 
0.564665 
0.205395 
0.239942 
0.236578 
0.588885 
0.109828 
0.124755 
-0.266328 
-0.15402 
pop 1 layer 2
dims 4 1
-0.28101 
0.0260937 
0.0212542 
-0.048715 
pop 2 layer 0
dims 16 1
-0.475435 
0.217178 
-0.37651 
-0.347423 
0.116252 
0.015828 
-0.275181 
-0.0691939 
0.100616 
0.108297 
-0.0182327 
-0.372182 
-0.284783 
-0.244731 
-0.160455 
0.303837 
pop 2 layer 1
dims 16 1
0.0399591 
-0.33084 
-0.461425 
0.207131 
0.140497 
0.209028 
0.41274 
0.461805 
0.361146 
0.705194 
0.107244 
0.644224 
0.275435 
-0.100384 
-0.536112 
-0.389565 
pop 2 layer 2
dims 4 1
-0.48506 
0.282831 
-0.00653782 
-0.116177 
pop 3 layer 0
dims 16 1
-0.242072 
-0.0696686 
-0.566988 
-0.223354 
0.117026 
-0.183496 
-0.0845383 
-0.0907915 
0.0984376 
0.298674 
0.0128057 
-0.210375 
-0.41156 
-0.196905 
-0.256244 
0.304445 
pop 3 layer 1
dims 16 1
-0.13264 
-0.394339 
-0.492161 
0.201954 
0.10767 
0.0803759 
0.289272 
0.490473 
0.331272 
0.489699 
0.0960783 
0.664521 
0.250715 
0.143486 
-0.45001 
-0.295331 
pop 3 layer 2
dims 4 1
-0.491711 
0.0736375 
0.175152 
0.0204451 
pop 4 layer 0
dims 16 1
-0.508675 
0.0942096 
-0.293736 
-0.475924 
0.137263 
-0.205729 
-0.250263 
-0.22235 
0.548528 
-0.0460715 
0.322475 
-0.337421 
-0.24465 
0.00344643 
-0.189227 
0.423953 
pop 4 layer 1
dims 16 1
-0.296829 
-0.20822 
-0.783156 
0.317202 
0.0149349 
0.563137 
0.660039 
0.415655 
0.53452 
0.380671 
0.179871 
0.442168 
0.251036 
0.186175 
-0.569015 
0.122351 
pop 4 layer 2
dims 4 1
-0.4094 
0.123624 
-0.0830511 
-0.0409326 
pop 5 layer 0
dims 16 1
-0.30106 
0.285981 
-0.331818 
-0.248245 
-0.0996367 
-0.17916 
-0.0268664 
0.0457096 
-0.104796 
0.154809 
0.1743 
-0.119299 
-0.313425 
-0.209595 
-0.20913 
0.490782 
pop 5 layer 1
dims 16 1
-0.213317 
-0.344989 
-0.62358 
0.244314 
0.10677 
0.165663 
0.288277 
0.499537 
0.242989 
0.210149 
0.205015 
0.557846 
0.296568 
0.0871466 
-0.305351 
-0.357382 
pop 5 layer 2
dims 4 1
-0.444239 
-0.0397089 
-0.00651355 
-0.00311744 
pop 6 layer 0
dims 16 1
-0.32794 
-0.125546 
-0.337976 
-0.145623 
-0.303654 
-0.327606 
-0.125424 
-0.0985522 
0.323156 
0.47795 
0.124537 
-0.273808 
-0.512158 
-0.347312 
-0.237561 
0.369825 
pop 6 layer 1
dims 16 1
-0.133817 
0.101534 
-0.206538 
0.223834 
-0.0738508 
-0.171486 
0.355456 
0.35597 
0.641621 
0.764666 
0.100897 
0.563498 
0.218898 
0.352441 
-0.257804 
-0.121615 
pop 6 layer 2
dims 4 1
-0.400432 
0.139758 
-0.308458 
-0.160452 
pop 7 layer 0
dims 16 1
-0.266033 
-0.0665677 
-0.237174 
-0.387949 
0.0346378 
-0.340614 
0.100767 
0.0574533 
0.259421 
0.606682 
0.377696 
-0.392669 
-0.210754 
-0.145866 
-0.22366 
0.427458 
pop 7 layer 1
dims 16 1
-0.398863 
-0.186546 
-0.755446 
0.233428 
0.135047 
0.224132 
0.552767 
0.647146 
0.600596 
0.474962 
0.18917 
0.726242 
0.200417 
0.138991 
-0.340555 
-0.0664481 
pop 7 layer 2
dims 4 1
-0.164079 
0.53939 
-0.0922501 
-0.0526962 
pop 8 layer 0
dims 16 1
-0.40525 
0.22723 
-0.508264 
-0.28838 
-0.0203065 
-0.148948 
-0.105341 
-0.025057 
0.0618693 
0.201954 
0.0910534 
-0.191174 
-0.386556 
-0.209668 
-0.206875 
0.367474 
pop 8 layer 1
dims 16 1
-0.077929 
-0.278884 
-0.708053 
0.200895 
0.0501903 
0.0388264 
0.543284 
0.304505 
0.452903 
0.312432 
0.0790706 
0.487988 
0.447555 
0.227016 
-0.304551 
-0.0405531 
pop 8 layer 2
dims 4 1
-0.530587 
0.138227 
0.0379872 
0.0157952 
pop 9 layer 0
dims 16 1
-0.443357 
-0.128137 
-0.43257 
-0.231593 
-0.0926852 
-0.21819 
-0.0624113 
-0.0782026 
0.472002 
0.401789 
0.215641 
-0.265912 
-0.441527 
-0.248085 
-0.168727 
0.661351 
pop 9 layer 1
dims 16 1
-0.079373 
-0.412956 
-0.496705 
0.318391 
0.174006 
0.100366 
0.424392 
0.596866 
0.522802 
0.653037 
0.089525 
0.61034 
0.294471 
0.0619788 
-0.59047 
-0.298984 
pop 9 layer 2
dims 4 1
-0.535336 
0.273091 
-0.146598 
-0.0387383 
vBiases_end
vWeights_start
pop 0 layer 0
dims 16 5
0.217532 -0.0784604 -0.159372 0.677797 0.000108009 
0.539613 0.215901 -0.0242078 0.195619 -0.124514 
-0.0434371 0.264853 -0.00523808 0.420098 0.391083 
0.12129 0.314115 -0.0831364 0.137551 -0.103528 
0.0818381 0.322396 -0.310517 -0.280557 0.178124 
-0.347493 0.162568 0.120649 -0.198218 -0.151704 
-0.146617 0.157934 0.208351 -0.0118633 0.371032 
-0.0202396 0.326638 0.000705893 -0.342295 -0.0396923 
-0.485551 -0.602948 0.0388024 0.155605 0.0382002 
-0.0132493 0.172765 -0.103731 -0.164551 -0.000718945 
-0.0987597 -0.0305918 -0.467229 0.156671 0.225722 
0.164354 0.635338 -0.144595 -0.258836 0.190011 
-0.0614174 -0.0135738 -0.0061437 -0.0122264 0.288295 
0.101538 0.576486 -0.598491 0.145576 0.0661616 
0.0314088 0.25329 -0.354146 0.165826 -0.0688018 
0.228024 -0.3247 -0.0716136 0.0378974 -1.00672 
pop 0 layer 1
dims 16 16
0.551966 -0.483786 0.0701402 -0.0104624 -0.190731 0.159413 -0.600519 -0.607358 0.289046 -0.721105 -0.562105 0.354895 -0.613291 0.364427 -0.611127 -0.0383799 
0.159085 -0.0670317 -0.31556 -0.168953 -0.0787252 0.24855 -0.358368 0.646765 -0.446577 -0.0800215 -0.904271 -0.024029 0.503997 0.525274 0.61631 -0.379008 
-0.400487 -0.0151653 -0.493127 -0.193115 -0.292265 -0.235155 0.246744 0.426912 0.493096 0.333389 0.0157688 0.0212331 0.283723 -0.0183614 -0.322105 0.151624 
-0.218573 0.0314852 -0.0598918 0.132621 0.271062 0.000843493 -0.957398 0.141532 -0.445482 0.34558 -0.311413 -0.470946 0.124058 -0.223667 0.0496722 0.152109 
-0.10074 0.183136 -0.21997 0.46553 0.0530813 -0.308652 -0.165791 -0.401996 0.139757 0.174095 -0.0420983 0.274257 -0.147757 0.623162 -0.123485 0.624967 
-0.0366257 -0.228224 0.575346 -0.104754 -0.0123855 -0.184918 0.0503891 -0.713166 -0.173559 0.498212 0.220506 0.116879 -0.808538 -0.99364 -0.270997 -0.468195 
0.172829 0.0755886 -0.061745 0.308672 -0.36688 -0.120759 -0.214955 0.00568985 -0.197196 -0.115936 0.212006 -0.0132178 -0.355514 0.239722 0.523701 0.115877 
-0.35334 0.187476 0.33122 0.558491 0.561344 0.261278 0.350012 0.635285 -0.0453902 -0.0629895 0.303586 -0.190431 0.343224 -0.0833148 0.328191 0.0545734 
-0.55617 -0.0944663 -0.0468957 -0.405803 0.548702 0.268097 -0.208661 0.146211 0.679878 0.51435 0.165313 0.00449604 -0.0877852 -0.125174 0.0631787 0.079169 
-0.372849 -0.227214 -0.387569 -0.074543 0.551886 0.552801 -0.981907 0.532318 -0.142824 0.0324265 -0.178121 -0.103576 -0.439875 0.437343 -0.146607 -0.469489 
-0.217888 -0.139543 -0.736211 0.664263 -0.409006 0.205517 0.20987 -0.0942027 0.535534 0.322054 0.988421 0.384882 0.551755 0.412757 -0.629707 0.575379 
0.728187 0.262489 0.600012 0.383895 0.0577597 0.0413609 -0.568977 -0.078443 0.133432 -0.14518 0.307958 0.432097 0.0494528 -0.137577 0.384617 -0.663789 
0.22007 -0.73185 -0.527076 0.0842995 0.105651 0.0733211 0.443383 -0.387123 0.207827 -0.150784 1.08631 0.343464 -0.137406 -0.212783 0.537919 -0.462451 
-0.59357 0.639955 0.152974 -0.440496 -0.538422 0.0760764 0.559167 0.0802108 0.299561 0.078768 -0.356812 0.80684 -0.0962005 0.294321 0.114633 0.718592 
-0.385004 -0.554044 -0.410669 0.66323 0.223563 0.189543 0.517733 -0.640768 -0.727084 -0.114437 -0.54561 0.000914736 -0.601697 -0.192697 0.111493 0.0483564 
-0.0243675 -0.423439 0.0457212 -0.292368 0.486141 0.103382 -0.731011 -0.0799359 -0.0786335 0.126579 0.0427063 -0.0339953 -0.354622 -0.06914 -0.342304 0.564751 
pop 0 layer 2
dims 4 16
0.0682312 0.164766 0.0890331 0.686446 0.618723 0.186833 0.446287 -0.0918879 -0.503551 0.200485 0.264431 -0.0923035 -0.160848 0.232009 -0.334997 0.207557 
0.397139 0.0370932 -0.230285 -0.150853 0.501904 -0.231206 0.46091 -0.126099 0.314986 -0.67693 -0.520179 0.177396 0.615679 -0.229019 0.195846 -0.601872 
-0.293971 0.539323 0.164159 0.995574 -0.0714264 -0.584351 0.1076 -0.987746 0.445406 0.179565 0.0365349 -0.117752 0.021227 -0.514749 -0.089559 -0.000562594 
-0.248132 0.0283846 0.0732447 -0.148369 0.650798 -0.366245 0.173957 -0.0236824 -0.17369 -0.280915 -0.0344094 0.000876761 -0.00993009 -0.685129 -0.498449 0.584027 
pop 1 layer 0
dims 16 5
-0.0700192 -0.195843 -0.00926915 0.440429 0.163908 
0.356755 0.337759 0.0477856 0.117948 -0.27486 
-0.101034 0.468379 -0.362421 0.47265 0.334353 
-0.146285 0.400379 -0.0311455 0.160704 -0.105537 
-0.197943 0.133708 -0.229914 -0.240792 0.0104389 
0.000961428 0.0502611 -0.164534 -0.216337 -0.26861 
0.237463 0.394037 -0.0120825 0.155985 0.0341309 
0.0513948 -0.0101746 -0.0687851 -0.233259 -0.178107 
-0.476026 -0.264894 0.269477 -0.062445 0.216504 
0.113609 0.330763 -0.00115578 -0.0842607 -0.41239 
-0.176069 -0.0906137 -0.613866 0.502866 0.0842944 
0.058207 0.401337 -0.293235 0.180448 -0.0533739 
-0.0400428 0.00425819 -0.132621 -0.0347077 0.381389 
0.0339887 0.770591 -0.384143 0.109025 0.0492986 
-0.102384 0.143311 -0.161146 0.244747 0.0253032 
0.177613 -0.330966 -0.0202725 -0.028395 -1.12675 
pop 1 layer 1
dims 16 16
0.331909 -0.240649 0.253606 0.20463 -0.250059 0.189781 -0.438865 -0.462664 -0.0512219 -0.221166 -0.502775 0.258478 -0.515864 0.537569 -0.445662 0.567768 
-0.116023 -0.489095 -0.281208 -0.254081 -0.0563606 0.180217 -0.36738 0.514805 -0.360752 0.0258316 -0.529052 0.0918157 0.241688 0.438323 0.573598 -0.11482 
-0.335728 -0.201776 -0.367245 -0.293321 -0.0200807 -0.363239 0.377718 0.291897 0.483784 0.362113 0.138088 0.0997479 0.135445 -0.112243 -0.182091 0.197678 
0.095035 0.14688 -0.167231 0.315569 -0.00221325 -0.224093 -0.684389 -0.046334 0.0101002 0.114202 -0.408717 -0.523019 -0.0268742 -0.22507 -0.0966314 0.293329 
0.0527705 0.0309672 -0.399507 0.0931618 0.0558326 0.224099 0.107787 -0.523893 0.378706 -0.167881 -0.0110075 0.167404 0.0463976 0.652435 0.0931026 0.408692 
-0.0617308 -0.13587 0.268675 0.17497 0.111683 -0.290291 -0.0350648 -0.562808 -0.181973 0.508768 -0.285637 0.209558 -0.448729 -0.408381 -0.448836 -0.30871 
0.0685867 -0.129469 0.12715 0.239755 -0.358504 -0.174307 0.120536 -0.0994689 -0.121588 0.186511 0.497158 0.127344 -0.189696 0.120146 0.760143 0.102613 
0.0437037 -0.0371624 0.0291318 0.319449 0.42921 0.224237 0.163374 0.533459 0.218593 -0.337523 0.315311 0.353522 0.108284 0.0409689 0.28013 0.296993 
-0.181919 -0.028371 0.19497 -0.324818 0.359083 -0.102209 0.052589 0.0548263 0.795412 0.24606 0.269795 0.108464 0.0134596 0.0824941 0.16095 0.158024 
-0.277565 -0.0255352 -0.57797 0.0325134 0.459438 0.230846 -0.438894 0.259782 -0.0328747 -0.0356153 -0.190012 0.131799 -0.510238 0.399049 -0.0605195 -0.146062 
-0.0501473 0.0250709 -0.257215 0.490885 -0.360691 0.100548 0.186732 0.204141 0.403108 0.167896 0.677082 0.270126 0.395602 -0.0405977 -0.622096 0.49517 
0.306984 0.326578 0.325218 0.23608 0.335908 -0.116975 -0.531143 0.0734853 0.164235 -0.134711 0.376621 0.377401 -0.317602 -0.0500139 0.3712 -0.591368 
0.19035 -0.606197 -0.684356 0.0442393 0.122534 -0.347106 0.365052 -0.244412 0.273486 -0.352907 0.65668 0.343692 -0.0114666 -0.0745038 0.48348 -0.523236 
-0.154127 0.589971 0.146944 -0.362417 -0.277586 -0.259632 0.742261 -0.109608 0.165715 -0.168758 -0.370463 0.429239 -0.0690648 0.343772 -0.0865302 0.609297 
0.0675489 -0.0969149 -0.431755 1.02027 0.251835 0.314692 0.603253 -0.0499896 -0.50077 -0.249883 -0.4711 0.114598 -0.696562 -0.026395 0.0898866 0.0340013 
0.0420298 -0.304737 -0.166737 -0.14296 0.47003 0.0105123 -0.44146 0.176377 -0.126504 0.383877 0.266613 0.0595461 -0.471204 0.15078 -0.40872 0.454636 
pop 1 layer 2
dims 4 16
0.03965 0.320832 -0.0749862 0.464765 0.452875 0.32217 0.00415017 0.250525 -0.345054 -0.057034 -0.128272 -0.341318 -0.205135 0.212713 0.0229492 -0.0565998 
0.128832 -0.052075 -0.139856 -0.136015 0.519371 -0.0408462 0.207412 0.244409 0.211174 -0.46184 -0.174907 0.0633769 0.665449 -0.172332 0.0442822 -0.565299 
-0.228459 0.249026 0.285373 0.8372 0.00773922 -0.619587 0.135965 -0.712803 0.323645 -0.0133151 -0.035091 -0.0257987 -0.205824 -0.606129 0.131553 0.168171 
-0.163803 0.0505956 0.0176168 -0.0669921 0.452236 -0.606339 0.387396 -0.129956 0.119838 -0.216797 0.0814573 -0.101406 0.0206231 -0.563456 -0.491788 0.635688 
pop 2 layer 0
dims 16 5
0.0812828 -0.165966 0.151954 0.640904 0.0306212 
0.66802 0.123732 -0.17448 0.0482083 -0.387058 
-0.273819 0.484078 -0.0739538 0.552848 0.469483 
0.0295804 0.186049 -0.0204172 0.189019 0.00324197 
-0.166483 0.268223 -0.385433 -0.353008 -0.0629287 
-0.283113 0.0847953 0.0421108 0.187581 -0.179124 
0.143462 0.0762105 0.165599 -0.0232446 0.425656 
0.183478 0.259793 0.0886874 -0.254907 -0.157863 
-0.448473 -0.361917 0.356984 0.0661372 0.102859 
0.177449 0.262866 -0.0785143 -0.0920821 0.059088 
-0.0274464 -0.0364907 -0.385866 0.442235 -0.0889362 
0.177192 0.25012 -0.242927 0.0337286 -0.229343 
0.0309466 -0.0571313 -0.188921 0.0230129 0.456847 
0.141507 0.743242 -0.694346 0.141035 0.124033 
0.00926055 0.311202 -0.232819 0.314791 0.00576203 
0.30188 -0.0900734 -0.0668621 -0.2261 -0.988111 
pop 2 layer 1
dims 16 16
0.649758 -0.408732 0.0178137 0.180758 -0.286736 0.182195 -0.529466 -0.57103 0.259349 -0.379602 -0.563487 0.309259 -0.543052 0.490838 -0.584287 0.248324 
0.0223578 0.145614 -0.272021 -0.0242489 0.0615837 0.280353 -0.134542 0.522632 -0.556795 -0.145697 -0.826083 0.106781 0.309921 0.410963 0.717516 -0.356877 
-0.477618 -0.169468 -0.486388 -0.127883 -0.335016 -0.0634878 0.293436 0.340407 0.529414 0.187435 0.0131526 0.154313 0.220664 -0.137063 -0.107495 0.0566161 
0.0426261 0.0119829 -0.140573 0.108397 -0.23971 0.00881478 -0.937758 0.0732783 -0.237816 0.205487 -0.100102 -0.286488 -0.217722 -0.480143 -0.0631585 0.220161 
-0.0825847 0.19647 -0.284437 0.622471 0.0783135 -0.106151 -0.38731 -0.574069 0.08791 0.00966669 0.133012 0.199194 -0.373911 0.71642 -0.179534 0.27734 
0.0268005 0.0217386 0.768759 -0.175803 0.171111 0.0271608 -0.00591078 -0.708713 -0.318109 0.48734 -0.0895671 0.189757 -0.518915 -1.13565 -0.273301 -0.487814 
0.197719 -0.0206447 0.157167 0.0487643 -0.228679 -0.189667 -0.102272 -0.224069 -0.166121 -0.0611403 0.133668 -0.0490285 -0.329583 0.230632 0.346501 0.0814781 
-0.433045 -0.0773786 0.0823596 0.532163 0.362531 0.256419 0.415686 0.490572 0.047233 -0.194372 0.385032 0.317525 -0.0817079 -0.106418 0.0676747 0.279521 
-0.425024 -0.14899 0.174893 -0.401368 0.683794 -0.030199 0.0652489 0.123127 0.533896 0.47971 0.113279 0.179418 -0.190607 -0.151282 0.0369506 0.180799 
-0.38324 -0.282106 -0.572963 -0.19067 0.564462 0.173818 -0.869821 0.50939 -0.0350164 -0.0634758 -0.403917 -0.0331426 -0.464134 0.430037 -0.218891 -0.127902 
-0.214217 -0.239368 -0.63737 0.468977 -0.448394 0.0892254 0.0946554 0.0754252 0.582672 0.349286 0.894363 0.409558 0.445111 0.183833 -0.63716 0.631917 
0.397316 0.161541 0.5161 0.355833 0.112696 -0.102621 -0.399034 0.00556022 0.289291 -0.0517286 0.156268 0.405496 -0.0500037 -0.0122196 0.250184 -0.792038 
0.261162 -0.741626 -0.730623 0.344034 0.0843271 0.123437 0.76086 -0.387112 0.185734 -0.342476 1.03845 0.40153 -0.14352 -0.250416 0.738388 -0.527312 
-0.560659 0.633812 0.0361016 -0.268511 -0.589436 -0.0250785 0.710687 0.137201 0.591156 0.0177655 -0.378215 0.463322 0.081411 0.312734 0.0533903 0.883216 
-0.465735 -0.35768 -0.336506 0.938693 0.383958 0.308251 0.461473 -0.603045 -0.798141 0.0118408 -0.363781 0.256277 -0.627563 -0.208661 -0.10031 0.0729616 
-0.291938 -0.296584 0.0955895 -0.311945 0.305735 0.185826 -0.729775 -0.0251512 0.202223 0.160163 0.0344329 0.0347065 -0.220355 -0.137114 -0.24901 0.498047 
pop 2 layer 2
dims 4 16
0.204305 0.301297 0.191172 0.638902 0.555512 0.0655879 0.110318 0.0618383 -0.452587 0.138918 -0.0193044 -0.212643 -0.220722 0.327376 -0.0795112 0.0887656 
0.242912 -0.0883932 0.0327726 -0.452787 0.54168 -0.355573 0.397463 -0.0594619 0.421107 -0.502374 -0.43423 0.158384 0.60198 -0.24007 -0.11745 -0.67838 
-0.0975705 0.336772 0.287277 0.906632 -0.0820484 -0.594756 0.149448 -0.769446 0.458892 -0.154161 0.137763 -0.108228 0.161027 -0.551484 0.0922797 0.0327919 
-0.173123 -0.00334376 0.360481 -0.204644 0.692647 -0.587694 0.132248 -0.10752 -0.0149576 0.0526504 0.00942901 -0.181613 0.0288618 -0.615971 -0.696548 0.577323 
pop 3 layer 0
dims 16 5
-0.0341688 -0.159081 0.169732 0.483636 -0.0881064 
0.597775 0.191263 -0.00363137 0.0892007 -0.234344 
-0.227866 0.451085 -0.0314204 0.342002 0.4577 
-0.0324949 0.682923 0.116274 0.15244 -0.194005 
0.122463 0.370653 -0.234656 -0.16876 -0.116417 
-0.427889 -0.0913315 0.156938 -0.0557487 -0.100844 
0.205108 0.150895 0.119444 0.0718278 0.397599 
0.201473 0.174302 -0.0659848 -0.499513 0.107898 
-0.49297 -0.397581 -0.0909943 -0.0979619 0.0309652 
0.0645214 -0.0563964 0.013176 -0.12944 0.00300007 
-0.0825778 -0.184622 -0.392505 0.571132 0.041082 
0.00801673 0.426138 -0.481691 -0.00584772 0.064073 
-0.0183005 0.00991258 -0.0343105 0.0682782 0.345036 
-0.0577539 0.600707 -0.613634 0.210107 0.163155 
0.0160691 0.117869 -0.399945 0.122154 0.125318 
0.329315 -0.0952955 -0.166574 -0.169449 -1.08186 
pop 3 layer 1
dims 16 16
0.576672 -0.270413 0.184449 0.227439 -0.131179 0.186387 -0.4881 -0.486913 0.105736 -0.49664 -0.538169 0.339745 -0.572894 0.414268 -0.605204 0.239282 
-0.0244899 -0.246663 -0.214905 -0.157174 -0.107618 0.204253 -0.398537 0.570026 -0.425201 -0.0897947 -0.70406 -0.0659516 0.38764 0.583056 0.558226 -0.248146 
-0.510197 -0.1535 -0.374271 -0.233961 -0.202538 -0.301398 0.314202 0.321124 0.514777 0.169921 0.137298 0.139142 0.112201 -0.135436 -0.40114 0.124029 
-0.132686 0.201892 -0.156629 0.370299 0.0834652 -0.00313368 -0.975468 -0.0660149 -0.17197 0.419207 -0.213076 -0.474564 0.0310439 -0.332117 -0.0429973 0.196605 
-0.100358 0.200304 -0.261087 0.28134 0.244866 -0.0582558 -0.274169 -0.299483 0.233682 -0.130763 -0.0421244 0.312744 0.0565334 0.685434 0.189414 0.350472 
-0.108808 -0.0450322 0.605743 -0.0336881 0.00803945 -0.141244 -0.033242 -0.734803 -0.191624 0.570244 -0.154012 0.184318 -0.667844 -0.782595 -0.371738 -0.391117 
0.118719 -0.0616704 0.0599918 0.121176 -0.408536 -0.117963 -0.121191 -0.220919 -0.067951 0.041446 0.258994 0.155812 -0.0914889 0.118461 0.698792 0.0705658 
-0.304012 -0.0945123 0.200491 0.388412 0.535492 0.122413 0.330204 0.700694 0.178344 -0.120829 0.349838 0.324604 0.0427278 0.0157765 0.165121 0.199307 
-0.790291 -0.0288923 0.146528 -0.32029 0.548151 -0.00556855 0.0332841 0.049611 0.685713 0.370705 0.127176 0.164029 0.0293496 -0.156545 0.221866 0.212478 
-0.437032 -0.191971 -0.693299 -0.108487 0.550303 0.310182 -0.87998 0.622706 -0.143103 0.0242269 -0.0757887 -0.137053 -0.580288 0.46668 -0.00637339 -0.241566 
-0.389553 -0.191644 -0.568989 0.632932 -0.478327 0.292214 0.0798628 -0.0756729 0.540703 0.248709 0.971111 0.311198 0.591047 0.173901 -0.751917 0.610888 
0.471223 0.114383 0.527426 0.298548 0.182824 -0.26639 -0.527375 -0.154039 0.207943 -0.0842441 0.337439 0.452997 -0.211589 -0.126557 0.453295 -0.949487 
0.188479 -0.751409 -0.608455 0.280133 -0.0242442 -0.111371 0.375302 -0.366225 0.319431 -0.349158 0.969044 0.252317 -0.142702 -0.321003 0.566811 -0.45978 
-0.413623 0.533131 0.00930021 -0.376169 -0.565448 -0.264435 0.763896 -0.205064 0.385661 -0.195344 -0.426855 0.697296 -0.14781 0.330322 0.192625 0.874366 
-0.305046 -0.308151 -0.457723 1.1947 0.260732 0.388041 0.722672 -0.404274 -0.762667 -0.290911 -0.326115 0.14618 -0.720042 -0.213369 -0.00564421 0.26549 
-0.0217248 -0.366149 -0.08463 -0.360078 0.528346 -0.105004 -0.802029 -0.0494232 0.146062 0.456824 0.360128 0.104354 -0.278994 -0.052533 -0.481422 0.552328 
pop 3 layer 2
dims 4 16
0.125164 0.0247346 0.14926 0.459039 0.644492 0.244426 0.153494 0.109446 -0.189895 0.0349218 0.104801 -0.0699542 -0.340443 0.269958 -0.113302 -0.0242036 
0.323576 -0.0689236 -0.0324806 -0.258054 0.445827 -0.279499 0.359535 -0.0293126 0.619869 -0.425515 -0.521742 0.228282 0.60931 -0.349457 0.0372321 -0.501732 
-0.129887 0.250642 0.415247 0.97022 -0.33369 -0.645176 0.276625 -1.0291 0.333932 0.0950327 0.125335 -0.0232263 0.215685 -0.58231 0.110959 0.120756 
-0.244355 0.00246998 0.236451 -0.116001 0.564262 -0.610691 0.0242073 0.0449868 0.0862641 -0.115746 0.223088 -0.273412 0.297415 -0.728901 -0.490506 0.623765 
pop 4 layer 0
dims 16 5
0.0700723 -0.0868399 0.0286659 0.488538 0.204264 
0.181112 0.424285 0.152424 0.364942 -0.422667 
-0.516315 0.350639 -0.492841 0.271272 0.0246281 
-0.075509 0.121761 0.00532107 -0.0271749 -0.00236092 
-0.432346 -0.284744 0.0421923 -0.425039 0.0944334 
-0.349927 -0.25157 -0.0839533 -0.016711 -0.268085 
0.209159 1.00133 0.338004 -0.0348392 0.507479 
0.154656 0.242364 -0.259493 -0.402139 0.355143 
-0.457836 -0.526083 -0.0975883 0.0286576 -0.0558387 
-0.105863 0.0264637 0.0703344 0.188743 -0.140341 
0.136598 -0.0496394 -0.957401 0.40675 -0.280566 
-0.23571 0.438888 -0.102449 -0.445035 0.0475106 
-0.501884 0.106747 0.160773 -0.11395 -0.224378 
0.0331053 0.691217 -0.389465 0.0646774 -0.247472 
-0.00643975 -0.16195 -0.209014 0.129834 -0.174622 
-0.148558 -0.613091 -0.196754 -0.0691388 -1.25392 
pop 4 layer 1
dims 16 16
0.667477 -0.595213 0.00801117 0.435052 0.00694912 0.201722 -1.19951 -0.872277 0.358259 -0.60229 -0.614126 0.508682 -0.740983 0.121106 -0.391165 0.0195607 
0.00412584 0.106178 -0.175069 -0.0918678 -0.1947 0.247823 -0.612266 0.507316 -0.0433923 0.0185855 -1.49017 -0.258104 0.346256 0.281529 0.432654 -0.507269 
-0.576419 -0.162615 -0.28488 -0.385902 -0.572759 0.0243347 0.0375771 0.500792 0.685197 0.399033 0.248299 0.0931999 0.20972 0.211268 -0.159874 -0.0956042 
-0.0181247 0.352654 0.0926235 0.20009 0.18063 0.0440448 -0.81495 -0.195586 0.0414495 0.459495 -0.115467 -0.351741 0.177152 -0.131577 0.298155 0.547532 
-0.46758 0.0557342 0.0391493 0.189872 -0.0855036 -0.120659 -0.171897 -0.489621 -0.00333801 0.084142 -0.0605944 0.0622051 -0.320744 1.09171 -0.0303116 0.332703 
-0.487546 0.0676901 0.615034 -0.0998999 -0.230007 -0.0938135 -0.228761 -0.614073 -0.461111 0.98841 -0.121529 0.125848 -0.704631 -1.1416 -0.162432 -0.503128 
-0.239926 0.0179008 0.210934 0.0712989 -0.150854 -0.420127 0.352174 -0.549276 -0.484503 -0.161682 0.0341981 0.182817 -0.573076 0.258889 0.298445 0.0725355 
-0.611525 0.577158 0.250453 -0.0492186 0.265561 0.604319 0.342323 0.666879 0.0320986 -0.0268226 0.176106 0.338898 -0.0727171 -0.184193 0.154817 0.299704 
-0.549297 -0.141251 -0.0528574 -0.219103 0.446018 0.0229003 0.286051 0.127892 1.04264 0.183389 0.307192 0.0473403 0.0333549 -0.581372 0.327034 0.17802 
0.0687474 -0.45409 -0.510829 -0.0735014 0.891242 0.254513 -1.04813 0.668381 0.104667 0.0667892 0.629699 0.0754883 -0.617993 0.440841 -0.275552 -0.652657 
0.15593 -0.129911 -0.668565 0.753526 -0.356026 0.068658 0.356763 0.199008 0.477365 0.31617 1.19129 0.116134 0.46415 0.350979 -0.662584 0.782781 
0.405785 0.508806 0.634187 0.667922 -0.150948 -0.000633611 -0.620499 -0.27266 -0.0429463 -0.246458 0.277287 0.290277 -0.00465243 -0.0603526 -0.0467297 -0.848673 
0.501308 -0.591708 -0.624988 0.760003 -0.504276 0.26689 1.10496 -0.468997 0.202929 0.289226 1.0914 0.783172 -0.165469 -0.241489 0.777404 -0.428742 
-0.896643 0.817577 0.0612942 -0.340869 -0.358726 -0.237951 0.492633 0.402494 0.421583 -0.230134 -0.643883 0.954028 -0.199249 0.165624 0.277801 0.894371 
-0.335752 -0.469151 -0.556298 0.87155 0.229866 0.313499 0.247333 -0.432075 -0.959435 -0.1342 -0.546873 -0.139719 -0.511484 0.306378 -0.63423 0.203759 
0.0985033 -0.356638 -0.278265 -0.0527828 0.836966 0.251074 -1.04618 0.315822 0.539719 0.165009 0.350528 0.108074 -0.580571 -0.306753 -0.442136 0.628552 
pop 4 layer 2
dims 4 16
-0.0770532 0.108578 0.231871 0.563051 0.529848 0.0805061 0.190353 -0.163487 -0.482791 0.0238854 -0.0445187 -0.0769982 -0.339999 0.368348 -0.208794 0.151905 
0.544897 0.00543342 -0.141899 -0.294051 0.253139 -0.236457 0.487384 -0.199639 0.248616 -0.422239 -0.647079 0.420303 0.389551 -0.249298 0.0986881 -0.665501 
-0.0420928 0.375964 0.288516 0.985748 -0.109036 -0.850843 0.0273074 -1.07092 0.317274 0.0634914 -0.0418844 -0.189542 -0.0600511 -0.48527 0.19792 0.099467 
-0.0818393 0.0221793 0.0860679 -0.135545 0.477433 -0.640094 0.218505 -0.147183 -0.589351 -0.317527 -0.0506814 0.184281 0.180576 -0.589693 -0.431816 0.627225 
pop 5 layer 0
dims 16 5
0.0340636 -0.258282 0.0735087 0.705479 0.00876705 
0.322101 0.191311 0.0258554 0.132915 -0.456602 
-0.231882 0.468817 -0.0912741 0.528912 0.361957 
0.0141604 0.37381 -0.0409624 0.188347 -0.00231663 
-0.143019 0.112882 -0.170945 -0.227199 -0.106298 
-0.12492 0.0586645 -0.158482 -0.163514 -0.284929 
0.290218 0.210136 0.0954321 0.15033 0.148631 
0.132366 0.0214982 -0.0279853 -0.319243 -0.218797 
-0.580272 -0.282872 0.274206 -0.0503044 0.170537 
0.277928 0.121549 -0.0599671 -0.175252 -0.232198 
-0.107518 -0.065088 -0.655897 0.443243 -0.0127143 
0.0963987 0.453351 -0.313086 0.144112 -0.0897947 
0.0251762 0.103967 -0.115112 0.00950921 0.302067 
-0.0547841 0.704093 -0.346331 0.190305 0.0522322 
0.0701642 0.232399 -0.334294 0.288819 -0.00741656 
0.520341 -0.356364 -0.189907 -0.0608894 -1.01655 
pop 5 layer 1
dims 16 16
0.403313 -0.209813 0.216151 0.247325 -0.0949908 0.132545 -0.542735 -0.384063 0.00834141 -0.32596 -0.38745 0.245041 -0.584666 0.442304 -0.595408 0.44701 
-0.108156 -0.310881 -0.29144 -0.160931 -0.053683 0.258932 -0.456261 0.431702 -0.42066 -0.00671417 -0.56332 0.0888782 0.294832 0.516287 0.530452 -0.137167 
-0.481409 -0.207567 -0.381159 -0.238127 -0.00652412 -0.382346 0.203646 0.330067 0.389125 0.280451 0.0740499 0.176395 0.00490519 -0.0938323 -0.325178 0.0332716 
0.0204789 0.146947 -0.261122 0.46296 -0.0586162 -0.154085 -0.877506 -0.0396458 -0.0978936 0.100112 -0.368208 -0.612984 -0.058244 -0.445706 -0.0607154 0.345583 
0.149031 -0.0444241 -0.264091 0.222304 0.113353 0.176572 -0.0725574 -0.363079 0.337726 -0.11991 -0.225573 0.263379 0.0683983 0.692143 0.188629 0.438943 
-0.152893 -0.0381067 0.455738 0.0204343 0.143965 -0.105252 -0.105287 -0.728549 -0.18871 0.520928 -0.417991 0.13317 -0.546658 -0.654803 -0.413694 -0.26172 
0.158357 -0.0738618 0.134579 0.0184721 -0.186617 -0.226671 -0.0548552 -0.186523 -0.112568 0.130729 0.415239 0.114153 -0.13884 0.16746 0.817257 0.156507 
-0.141949 0.0163192 0.0930577 0.411138 0.522675 0.135452 0.298573 0.69436 0.21546 -0.28754 0.409294 0.347841 0.0441378 0.0147089 0.142458 0.237211 
-0.557291 0.10749 0.237548 -0.331364 0.485091 0.0541494 -0.0359235 0.0999651 0.702263 0.345506 0.16785 0.11899 0.0385269 -0.0154585 0.14799 0.292884 
-0.434401 -0.163388 -0.627349 -0.0957487 0.487703 0.365579 -0.664506 0.489285 -0.128653 0.010923 -0.0923457 -0.10693 -0.570336 0.428257 -0.122042 -0.152223 
-0.296456 -0.12896 -0.380037 0.402067 -0.399219 0.286638 0.174023 0.213658 0.60683 0.218649 0.848974 0.234068 0.564809 -0.0167148 -0.597804 0.508334 
0.492244 0.230913 0.578799 0.292976 0.355875 -0.217924 -0.422321 0.0381794 0.180449 -0.0950799 0.426954 0.421287 -0.258119 -0.0307162 0.400776 -0.763214 
0.124765 -0.684831 -0.626847 0.184022 0.0594419 -0.192569 0.39442 -0.316751 0.453781 -0.395618 0.836632 0.252742 -0.0397405 -0.188757 0.492337 -0.465289 
-0.351324 0.562254 0.0642358 -0.339234 -0.465714 -0.118364 0.962068 -0.0462558 0.232617 -0.0924951 -0.493191 0.5389 -0.216603 0.300707 0.103172 0.656772 
-0.0559194 -0.256158 -0.362701 1.13854 0.173665 0.388531 0.595405 -0.254757 -0.668825 -0.12329 -0.604289 0.0498791 -0.737614 -0.106383 0.187913 0.208111 
-0.00474198 -0.325194 -0.0787126 -0.266117 0.428729 -0.12643 -0.674699 0.0053401 -0.0789725 0.597176 0.286357 0.167923 -0.490098 -0.00706054 -0.397227 0.487405 
pop 5 layer 2
dims 4 16
0.172848 0.279967 0.228093 0.60647 0.525173 0.242402 0.128206 0.291422 -0.323053 0.044437 -0.035414 -0.215534 -0.18788 0.372909 -0.0905077 -0.0279076 
0.317661 -0.0567611 -0.227964 -0.211814 0.48708 -0.220974 0.315226 0.110948 0.319931 -0.462323 -0.213955 0.289655 0.659062 -0.195096 0.0499055 -0.589749 
-0.150546 0.289957 0.34697 0.919949 0.00847978 -0.691873 0.0913317 -0.851346 0.36184 -0.0805205 0.0465632 -0.0470978 -0.0736614 -0.653115 0.133776 0.269549 
-0.078727 0.201411 0.0104289 -0.264055 0.570015 -0.50635 0.36907 -0.0691569 0.128981 -0.0840595 0.178436 -0.108711 0.114247 -0.653775 -0.614768 0.598482 
pop 6 layer 0
dims 16 5
0.0140965 -0.390602 -0.27933 0.725742 -0.0323481 
0.279325 0.413607 0.172144 -0.0130936 -0.0215944 
-0.340939 0.274789 -0.0883454 0.350325 -0.0202421 
-0.0678698 -0.0758236 0.143357 -0.0124713 0.306918 
-0.111813 -0.0204381 -0.400858 -0.202113 -0.0782335 
-0.387027 0.0988008 0.233011 -0.216454 -0.453965 
0.257172 0.515225 0.220929 0.306376 0.0847452 
0.180918 0.565513 -0.267484 -0.673547 0.296661 
-0.60438 -0.370913 0.162267 -0.273528 -0.152518 
0.274692 0.249004 -0.377373 -0.0345256 -0.115293 
0.00312131 0.331211 -0.658235 -0.0204202 -0.038313 
0.16327 0.373976 -0.194827 -0.137804 0.0766296 
-0.392862 -0.0507924 0.213764 -0.298874 0.164598 
-0.134782 0.566421 -0.238105 0.184518 -0.00964142 
-0.19373 0.258759 -0.466766 -0.158061 -0.193708 
0.26619 -0.127272 0.112298 0.186398 -1.341 
pop 6 layer 1
dims 16 16
0.526198 -0.440011 -0.0746639 -0.194825 -0.176235 0.402216 -0.840786 -0.209818 0.191429 -0.579916 -0.124002 0.506977 -0.562134 0.521061 -0.682188 0.341878 
0.106567 -0.192442 0.119874 0.320201 0.185533 0.0839828 -0.138537 0.400224 -0.480756 -0.0756384 -0.782878 -0.144981 0.261118 0.486676 0.523024 -0.380284 
-0.241722 0.0123433 -0.366549 -0.244355 -0.388862 0.134782 0.26529 0.168623 0.472371 -0.0490558 0.278593 0.176708 0.0966801 0.0492957 0.257572 0.182417 
-0.00393761 0.0177994 -0.214133 0.276578 0.0719913 0.0472891 -0.680567 0.0946808 -0.0795854 0.20034 -0.32669 -0.362536 -0.271503 -0.239097 -0.022891 0.396159 
0.0921043 0.0427012 0.0357336 0.456092 -0.0849882 0.0159514 -0.267722 -0.40849 0.172434 0.192947 0.122637 0.197151 0.0480266 0.721862 -0.0016709 0.383826 
0.0796066 0.0881498 0.669642 0.0718557 0.184146 0.287189 0.0448805 -0.555532 -0.226367 0.5521 0.0415684 0.331477 -0.457773 -0.742874 -0.470762 -0.573937 
0.167379 0.373295 0.297487 0.269181 -0.210778 -0.173879 -0.122649 -0.120789 -0.448006 0.255608 0.0979946 0.071452 -0.0220733 -0.000526617 0.575353 0.266604 
-0.336409 -0.109756 0.2468 0.745977 0.302519 0.261034 0.409428 0.748852 0.0470082 0.306039 0.191983 0.0603477 -0.0329013 0.213215 -0.0306715 0.199037 
-0.450598 -0.154812 -0.0618391 -0.261594 0.429054 0.00426516 -0.0148629 0.0904931 0.597726 0.708381 0.45675 0.0420808 -0.131824 -0.264307 -0.0696879 0.201571 
-0.0743439 -0.141664 -0.33921 0.119844 1.02965 -0.0901653 -0.813943 0.471316 -0.0240709 0.0988686 -0.293266 -0.0421719 -0.298027 0.199813 -0.198322 -0.268041 
-0.120006 -0.0802972 -0.74655 0.589144 -0.0487568 -0.0166338 -0.0725679 -0.00850721 0.176157 0.224779 0.540155 0.360764 0.781693 0.217662 -0.6933 0.331371 
0.635591 -0.171404 0.352793 0.529259 -0.218226 -0.135567 -0.391428 0.0366714 0.0929071 0.100124 0.165258 0.267433 0.196143 -0.00966882 0.410948 -0.566542 
0.173872 -0.573623 -0.192955 0.505193 -0.0991403 -0.145465 0.562555 -0.527826 -0.00215666 -0.118963 0.768656 0.740282 0.118969 -0.32889 0.733408 -0.154174 
-0.517297 0.568774 0.199018 -0.458118 -0.420197 0.106565 0.285397 0.270664 0.412301 -0.0733023 -0.329794 0.786027 0.0883683 0.17352 -0.0625314 0.284758 
-0.22698 -0.0775002 -0.821714 0.774624 0.490502 0.326791 0.422446 -0.211579 -0.521589 0.0167325 -0.302849 -0.319744 -0.502301 -0.206341 0.00558152 0.455583 
-0.105132 -0.665273 -0.02991 -0.312573 0.440575 0.349781 -0.528869 0.183912 0.384755 0.234285 0.22338 -0.090363 -0.774034 -0.0526115 -0.217236 0.229998 
pop 6 layer 2
dims 4 16
0.269458 0.156681 -0.0950939 0.411616 0.522645 -0.176977 0.373304 0.110763 -0.36435 -0.109047 0.0235988 -0.422794 -0.168429 0.311192 0.0538721 -0.0566433 
-0.151235 0.454695 -0.0484918 -0.341176 0.317535 0.0459867 0.216979 -0.195616 0.181923 -0.36946 -0.360261 0.323072 0.334302 -0.149416 0.109704 -0.432527 
0.0726388 0.404644 0.269286 0.249678 0.133472 -0.714215 0.122934 -0.467418 0.133081 0.11469 -0.0167829 -0.0391757 -0.0804684 -0.346676 0.0180176 0.221524 
-0.26326 0.176044 -0.0115277 -0.11099 0.199412 -0.72164 0.272504 -0.307304 0.0526489 -0.201729 0.0588471 -0.338087 0.144497 -0.687279 -0.315996 0.477733 
pop 7 layer 0
dims 16 5
-0.141879 -0.3658 -0.0392965 0.972522 0.17887 
0.145499 0.635853 0.156584 0.226474 -0.148866 
-0.559186 0.172738 -0.434667 0.245033 0.0964764 
-0.00644656 0.266101 0.0753238 0.272734 0.221884 
-0.296988 -0.247323 -0.128538 -0.536909 0.0429036 
0.0640705 -0.19853 0.155273 -0.116719 -0.340515 
0.281545 0.597032 0.567824 0.0774678 0.318694 
0.252794 0.442006 0.0152253 -0.307084 0.336947 
-0.466602 -0.310377 -0.30349 -0.296258 0.170503 
-0.114592 0.179319 0.443239 0.0671653 0.0582303 
0.316313 0.0149294 -0.597057 0.228982 0.0686309 
-0.333362 0.578915 -0.581683 -0.13935 -0.215401 
-0.674453 0.0319005 -0.208024 0.0642433 0.243025 
-0.240309 0.765474 -0.512039 -0.0357022 -0.0200654 
-0.123213 0.360037 -0.272221 0.2816 -0.179789 
0.423434 -0.047782 -0.226857 0.0637804 -1.42773 
pop 7 layer 1
dims 16 16
0.553717 -0.474437 0.137026 0.0897217 -0.0557431 0.245671 -0.682671 -0.388041 0.123513 -0.392252 -0.641867 0.453497 -0.817151 0.335939 -0.480817 0.487477 
0.0924665 -0.0498178 -0.123358 0.10459 -0.161447 0.0318857 -0.446467 0.536213 -0.225498 0.0343096 -1.18666 0.0383371 0.28585 0.134718 0.755887 -0.180082 
-0.149338 -0.0416621 -0.378604 -0.257161 -0.359532 -0.508454 0.261501 0.479902 0.674021 0.141232 -0.0483592 0.152332 0.211469 0.0731964 -0.406802 -0.0762094 
-0.130816 -0.112963 -0.403515 0.301454 0.248728 0.311395 -0.744817 -0.273462 -0.138173 0.569128 0.233275 -0.608248 0.0773577 -0.508519 0.278447 0.463862 
0.0462528 0.0429445 0.137193 0.31804 0.182439 -0.415169 -0.158823 -0.339418 0.116796 0.281423 0.0176285 0.140786 0.0155829 0.725849 -0.261927 0.530775 
-0.0459268 0.0467214 0.777868 -0.100917 -0.269547 0.147064 0.0985997 -0.7234 -0.465659 0.850156 -0.329811 0.203188 -0.797148 -0.882557 -0.402437 -0.415569 
-0.0431005 0.0933912 0.384829 0.189459 -0.468367 -0.558029 0.0884489 -0.394864 -0.31611 -0.173041 0.408455 0.174575 -0.458741 0.355865 0.513772 0.194971 
-0.542666 0.370946 -0.0641777 0.248816 0.500843 0.699893 0.403496 0.521504 0.11009 0.0780263 -0.0668161 0.06528 -0.390778 -0.26564 0.295442 0.166191 
-0.329612 -0.264869 0.198494 -0.396508 0.572143 -0.047731 -0.0193233 0.323862 0.985952 0.113813 0.519826 0.194405 -0.0715062 -0.358424 -0.0162546 0.190692 
-0.173724 -0.418684 -0.432292 -0.127576 0.79292 0.106801 -1.0672 0.541643 -0.0599571 -0.173192 0.108051 0.0455605 -0.36326 0.539159 -0.202913 -0.467044 
-0.0163959 -0.0649751 -0.51763 0.568253 -0.0967623 -0.291578 0.158152 -0.119382 0.384632 0.0687941 0.992678 -0.161535 0.707052 0.165112 -0.53106 0.641009 
0.539174 0.483361 0.561626 0.478543 -0.0764254 -0.200092 -0.543934 -0.0101293 0.261373 0.0763568 0.244126 0.658072 0.228376 -0.185169 -0.148531 -0.730838 
0.596807 -0.917721 -0.54156 0.465334 -0.0599345 0.234362 0.95179 -0.370441 0.156502 -0.0410355 0.544277 0.690919 -0.114146 -0.315237 0.794732 -0.0778607 
-0.793366 0.535797 -0.00795837 -0.489054 -0.467005 -0.0165543 0.578554 0.148266 0.523347 -0.349151 -0.726599 0.408812 -0.0598987 0.0780716 -0.0519365 0.76182 
-0.380918 -0.0787225 -0.683888 0.823705 0.420294 0.235406 0.533756 -0.542004 -0.98222 -0.345853 -0.432018 -0.222457 -0.425618 -0.0851339 -0.403813 0.369523 
0.220911 -0.235121 -0.0451249 -0.0566367 0.797518 0.219441 -1.04205 0.000993967 0.083187 0.32413 0.304763 -0.076243 -0.614742 -0.406113 -0.552741 0.521688 
pop 7 layer 2
dims 4 16
-0.324395 0.488458 -0.202499 0.606111 0.464135 0.38365 0.373749 0.0749737 -0.503705 0.0193496 -0.161941 0.147324 0.303091 0.293691 -0.196798 0.276329 
0.212342 0.0166432 -0.102476 -0.245364 0.807639 -0.534065 0.6214 0.00535063 0.541184 -0.196692 -0.721826 -0.225573 0.264213 -0.326253 0.318998 -0.949919 
-0.0500933 0.3804 0.572921 0.688115 -0.143632 -0.162123 -0.137956 -0.98158 0.177428 0.20302 -0.28722 -0.00870417 -0.343924 -0.513002 0.176064 0.179271 
-0.225977 -0.0810708 0.0457678 -0.275855 0.592904 -0.521155 0.405588 -0.439649 -0.249642 -0.353196 0.243503 -0.130169 -0.0221879 -0.543963 -0.270342 0.581188 
pop 8 layer 0
dims 16 5
0.117127 -0.266804 0.0806783 0.622327 -0.00281196 
0.559919 0.305176 0.0151387 0.162577 -0.370032 
-0.259452 0.449385 0.024652 0.595658 0.39727 
0.0293114 0.576429 0.071767 0.153871 0.00279856 
-0.121863 0.302577 -0.326279 -0.263544 -0.0234588 
-0.283207 -0.0173013 0.0417253 -0.024937 -0.0982589 
0.152544 0.241831 0.171728 0.055453 0.293442 
0.112334 0.117816 0.0499525 -0.352414 -0.0387467 
-0.533994 -0.477409 0.108457 -0.0523948 0.124172 
0.210471 0.201081 -0.0935284 -0.128019 -0.0643806 
-0.152885 0.00332847 -0.496505 0.367879 -0.0340182 
0.215388 0.466246 -0.466676 0.00724107 -0.0818065 
0.0157999 0.0711185 -0.178461 0.019275 0.375364 
0.086882 0.813502 -0.625824 0.17348 0.112699 
0.0223911 0.231286 -0.331571 0.198159 0.00256335 
0.447594 -0.156526 -0.0923623 -0.11705 -1.11125 
pop 8 layer 1
dims 16 16
0.458114 -0.335389 -0.382695 0.0269293 0.0320341 0.363747 -0.413374 -0.774946 0.409906 -0.435285 -0.477691 0.308808 -0.720126 0.485797 -0.541681 0.270106 
0.0539144 -0.470057 0.0310036 0.056588 0.313715 0.275652 -0.207173 0.287717 -0.207056 -0.13667 -1.1835 -0.0461125 0.223646 0.426602 0.68847 -0.280983 
-0.236246 -0.230983 -0.211711 -0.185918 -0.236148 -0.241296 0.216894 0.484062 0.638358 0.0592336 -0.154039 -0.0691971 0.250744 -0.133401 -0.0794632 0.175529 
0.282477 -0.0760536 -0.128838 0.0177011 0.0382025 -0.20632 -0.728457 -0.144193 -0.269082 0.302775 -0.214522 -0.541552 -0.0269107 -0.381326 0.0381969 0.315672 
0.132777 -0.0761066 -0.0104574 0.316522 0.0602928 -0.140052 0.0389059 -0.41724 0.166024 0.0184238 0.255418 0.298104 0.00272461 0.573 0.158206 0.368695 
0.238022 -0.173075 0.600927 -0.102717 0.0316942 -0.106834 -0.166306 -0.827073 -0.217755 0.758403 0.239962 0.143379 -0.437337 -0.717073 -0.10972 -0.376061 
0.228669 0.118003 0.250249 0.0889748 -0.345988 -0.25476 -0.154946 -0.361856 -0.260067 0.0686064 0.0698319 -0.108477 -0.0642538 -0.0441108 0.61524 0.100071 
-0.336476 0.133963 0.0885121 0.489438 0.146474 0.229828 0.343566 0.533717 0.147116 -0.121999 0.371044 0.230621 -0.355011 -0.119811 0.339146 0.16718 
-0.457304 -0.338843 0.0639248 -0.400429 0.395273 0.103841 0.0507589 0.106971 0.637105 0.353145 0.0303781 -0.126523 -0.200294 -0.167075 0.0904056 0.0853035 
-0.328883 -0.528088 -0.346412 -0.22279 0.837709 0.18623 -0.892743 0.366378 -0.0354724 0.315621 -0.392594 -0.17241 -0.669679 0.388545 -0.0908425 -0.353556 
-0.253833 -0.089485 -0.775278 0.672287 -0.651106 0.307944 0.184594 0.0548589 0.390569 0.318567 0.786402 0.425076 0.724675 0.222862 -0.576192 0.377453 
0.464097 0.181547 0.404793 0.39908 -0.110052 -0.0454554 -0.430342 -0.146262 -0.0321206 -0.00466421 0.168907 0.0577828 0.0605096 -0.0621749 0.228027 -0.662309 
0.209235 -0.579951 -0.153238 0.333941 -0.0371014 0.256802 0.85515 -0.506936 0.102039 -0.409409 0.817659 0.585665 0.0118726 -0.241583 0.632709 -0.336603 
-0.716275 0.725652 -0.123094 -0.232286 -0.250084 0.236053 0.453953 0.0718295 0.601198 -0.230885 -0.70693 0.767825 0.0443899 0.320573 -0.0756156 0.760017 
-0.232891 -0.468829 -0.62791 0.58523 0.387536 0.35707 0.63913 -0.790428 -0.59683 -0.118142 -0.215945 0.0518473 -0.507697 -0.0828198 -0.0874293 0.276586 
-0.220437 -0.24466 0.0156479 -0.291853 0.504572 -0.179401 -0.99201 0.232731 0.306383 0.342278 0.212549 -0.0587348 -0.482339 -0.0710874 -0.366229 0.597118 
pop 8 layer 2
dims 4 16
0.187191 0.1919 0.163892 0.509476 0.752023 0.220786 0.24592 0.0673187 -0.522044 0.152162 0.121697 -0.15333 -0.202409 0.423709 -0.179036 -0.0238282 
0.352997 -0.0534303 -0.107649 -0.221537 0.570842 -0.403437 0.552752 0.00644093 0.50223 -0.522753 -0.456192 0.285943 0.622109 -0.240851 0.0344024 -0.634109 
-0.135888 0.333999 0.356714 1.00232 -0.176858 -0.697415 0.107513 -0.975715 0.465421 -0.0350424 0.0665547 -0.0146495 0.145411 -0.607215 0.201427 0.0809289 
-0.193688 -0.0851283 0.182343 -0.185776 0.671305 -0.609006 0.235108 -0.142249 -0.0264085 0.00281671 0.0899546 -0.196969 0.0285414 -0.790389 -0.555859 0.599669 
pop 9 layer 0
dims 16 5
-0.060126 -0.303818 -0.231179 0.744456 0.0599908 
0.423617 0.291452 -0.104988 0.242628 -0.565979 
-0.351322 0.115701 0.0769197 0.373993 0.209247 
0.0847834 0.227169 -0.0304338 0.174156 0.15138 
-0.603998 7.54955e-05 -0.345567 -0.0784589 -0.0911991 
-0.341665 -0.0270757 0.166568 -0.09931 -0.491233 
0.198952 0.306843 0.35301 0.0309061 0.476746 
0.0980802 0.458185 0.00685439 -0.581924 0.103123 
-0.376481 -0.673859 -0.02843 -0.293462 0.141761 
0.240348 0.103708 -0.130504 0.0367212 -0.122978 
0.013302 -0.195721 -0.561269 0.227146 0.0798377 
-0.0947779 0.737773 -0.366276 -0.441628 0.0246886 
-0.43556 0.148143 0.0839895 -0.285527 0.197378 
-0.0385586 0.824263 -0.554842 0.100536 -0.310021 
-0.0935183 0.174086 -0.354234 0.0207247 -0.17604 
0.405127 -0.546507 0.0740776 0.2053 -1.38351 
pop 9 layer 1
dims 16 16
0.669506 -0.473434 0.0621506 0.0753298 -0.137285 0.23719 -0.691613 -0.594722 0.344312 -0.621438 -0.557762 0.368645 -0.666831 0.47979 -0.586946 0.0323841 
0.118494 -0.18238 -0.153227 -0.140535 -0.0685189 0.306495 -0.229959 0.599373 -0.420904 -0.163039 -0.97417 -0.0899145 0.395585 0.423557 0.646577 -0.361381 
-0.509687 -0.147459 -0.541134 -0.228655 -0.364986 -0.165377 0.277314 0.304764 0.57903 0.190434 0.102743 0.138434 0.221304 -0.094868 -0.221009 0.145825 
-0.0150186 0.0503457 -0.0997793 0.148681 0.0666759 -0.122839 -0.959279 0.0366129 -0.28125 0.4395 -0.299706 -0.333342 0.0377665 -0.448731 0.00600388 0.172255 
-0.0779903 0.244862 -0.262219 0.45089 0.0801652 -0.183458 -0.32125 -0.462772 0.111902 0.100112 -0.0220357 0.190385 -0.187592 0.765427 -0.099315 0.435343 
0.0371086 -0.0676648 0.666909 -0.105535 0.0385149 -0.122401 0.0483259 -0.814467 -0.190966 0.524617 -0.0302433 0.170526 -0.659165 -0.997447 -0.369446 -0.391626 
0.15378 -0.00871793 0.163064 0.171248 -0.33002 -0.162736 -0.0547926 -0.16433 -0.101249 -0.0965641 0.22325 0.0115029 -0.243184 0.181983 0.559345 0.228627 
-0.405097 0.0535152 0.148249 0.51843 0.556277 0.306989 0.408894 0.669796 0.131529 -0.189735 0.330839 0.146311 0.0727412 -0.00617857 0.217432 0.234902 
-0.579286 -0.155602 0.121984 -0.298279 0.636119 0.061447 -0.0551535 -0.0193582 0.75913 0.536166 0.207041 0.19537 -0.125672 -0.149558 0.083581 0.232375 
-0.438575 -0.289235 -0.547201 -0.0910742 0.776426 0.377298 -1.02152 0.588219 -0.144834 -0.0356089 -0.227233 -0.165123 -0.583602 0.486116 -0.133368 -0.253342 
-0.251882 -0.177624 -0.763995 0.607395 -0.409108 0.229497 0.129289 -0.032479 0.537504 0.385894 0.92056 0.405532 0.53601 0.222994 -0.680714 0.626221 
0.560283 0.239753 0.515483 0.424748 -0.00976799 -0.0761149 -0.496083 -0.180445 0.174534 -0.0560963 0.354975 0.34751 -0.0180959 -0.010344 0.441754 -0.959063 
0.298125 -0.635984 -0.563239 0.309883 0.060199 0.0997401 0.528237 -0.508328 0.23705 -0.240202 1.09605 0.405857 -0.218163 -0.272085 0.609878 -0.527279 
-0.64293 0.790221 0.052999 -0.413369 -0.578667 -0.0633353 0.732159 0.0441445 0.477665 -0.0330593 -0.514974 0.725773 -0.100317 0.291481 0.170468 0.883567 
-0.450061 -0.500808 -0.473255 0.973585 0.305872 0.286077 0.613805 -0.605271 -0.758837 -0.19688 -0.435922 0.115454 -0.655993 -0.20873 -0.0711628 0.2617 
-0.127873 -0.460892 0.0320844 -0.332986 0.44927 0.058843 -0.784829 -0.0199288 0.231706 0.248064 0.160726 -0.0773493 -0.367582 -0.0590071 -0.370201 0.609825 
pop 9 layer 2
dims 4 16
-0.184954 0.197005 0.0642181 0.637921 0.728974 -0.163194 0.0934486 -0.148484 -0.408138 -0.0770452 0.527316 0.131552 -0.0286 0.505796 -0.0652351 0.130665 
0.401075 0.0030925 -0.249973 0.0708497 0.302178 -0.458406 0.474361 -0.0312953 0.521487 -0.110504 -0.54273 0.0577584 0.213788 -0.106967 0.157134 -0.688847 
0.0321726 0.435774 0.476871 0.830487 0.0558387 -0.611028 -0.122473 -0.958956 0.181205 0.278002 0.0789401 -0.302414 0.174883 -0.67556 -0.03525 0.0273037 
-0.0226693 0.0668896 -0.0458968 -0.188157 0.697748 -0.602383 0.429144 -0.318953 -0.134216 0.0928239 0.00857474 -0.0696151 0.25339 -0.618688 -0.491942 0.524362 
vWeights_end
generator 2613556628 652191038 794377126 438887777 444471759 873128203 2951263980 1156335093 3910573519 2531495706 1304104832 1272097820 339154770 1305633232 753239896 1514681192 1001965340 4152643628 1028079188 4022067122 424841886 4145877422 3759526834 4094840795 4222872750 2331590321 4023109315 1003593226 139399539 3292951956 910083545 28523339 2489305783 2347160676 353066838 3110430455 1275540654 178815594 2435023197 3248929315 2919967721 472700877 92646446 512388465 978919820 2051275752 2780328087 2638099407 3766208083 1039334145 2933745867 3654605505 1394857548 3681745553 2764944141 117873492 1792993369 3324995198 3309173166 1973052295 4232334679 2184236783 893024262 57397261 2937613436 3556579034 418809025 1265910049 901208539 4058571418 4025923188 2092454218 1900402800 2654533715 2067977035 1689390715 3712551543 2455394363 1066574644 463047905 761357605 2580426797 1418598077 3349357769 4173770838 365637026 3651960108 469002438 1824067539 1258432108 1698477732 2411297456 2023721282 1146307615 3308071190 1117933799 3308474420 987803797 1526516672 178544482 3620716848 1996966892 2644106192 3509879197 237791147 1307449096 235990290 4010281712 3323656221 277536444 2942888933 1795490781 4219768466 2433970080 3491698975 1867232073 547575195 2554043007 1382029480 1998125088 2489138488 2842371064 655749278 3000167829 2013149668 494119148 2824425290 660574063 327079216 3699933381 2490887799 2696473287 474320280 3286174016 238665752 2701146568 980375503 4003378957 1535668897 2945572662 1354143793 3980492724 2009986491 454822134 2858633734 2567153222 906532569 3240108666 158198989 1226894711 2100940260 3510333917 1556827822 4253888743 75614360 3968770438 1758281592 328160580 3817378333 1957212241 2422960495 2496553576 4072669483 3213035879 3343555821 698965854 2469868060 1405807727 2498953812 926743612 4311289 2554659888 120155020 3048493795 435059737 878607654 3914015143 1939373257 127252720 651159463 1889485145 3330724023 1146686650 1461836699 596190593 549613632 510060777 4163452255 2895877918 3565788373 4136121526 4088786415 1658766745 4258507376 2793003336 3186860672 1926124405 114631680 37406322 827585557 1756368298 96826012 2574398096 2471460645 2532479074 2058977398 2823254065 4029127588 4042821624 4124351233 484156966 1359904568 3923897288 756670700 1117212029 1180103308 3606566286 674633458 724661602 2731358692 1446332338 1188793237 183567152 3789989658 3390994001 3991997702 536786594 3737223065 3796205341 4132156139 1388086996 3375725350 2301082506 324694799 1449915727 2178120697 584858773 645451428 3562750462 4148091367 1550324490 3419758512 3028289343 3933113255 1882195807 3386304104 106095818 3898980575 3430504703 2261814568 3794247281 1723207575 2835056544 1152473054 3748548828 1354165576 1347962378 3897011874 3610152619 3096387559 2646803466 3290782701 654103656 1794818008 128752286 2580796585 3680108058 3648906094 931279905 3613365173 2769930520 2352301860 2330796891 3841506274 690153014 1639763418 1479143426 2048688199 4207862681 2261266365 4055019130 1488562125 1068396800 3005418402 11306944 149143054 3486179629 2922505200 4055352743 2054731463 923478834 1414384226 167857137 2863657428 3609122506 1226445692 2689613914 3960997737 2609561258 171411869 3416013354 485877459 1063461228 3227775167 4037650499 332984960 421550293 47559002 3991605013 4134403017 1441218903 3109531903 1937758304 548480449 4242347690 1119415287 442092042 7247286 3916836031 1079766699 156438703 1183159445 3545132653 1541892786 548659242 2691236131 2572633885 2129197661 3249161431 3690981275 2721921698 1195329308 4217217322 3828653605 1965162041 2259929037 273460504 2747386719 3431221843 416819540 3908146370 1867704707 2754811993 1529305156 2841024230 1555989579 1496628583 1587335636 1493000911 4190339913 2222445808 2280506253 4158703469 1796947949 336273904 3980569184 2430917190 2955339810 1647427338 1527686196 2717310222 2637812342 811786561 2879289229 2636374682 1893188387 3827069533 2045941877 3837667 1564031207 224741095 3182256993 1438827477 4102236142 2223747274 2670414593 2260809869 2148753990 2594599455 2936391000 2260693200 3236965269 3017628154 1477786093 3006352696 2108002505 1821265834 2629875647 611420710 866608668 1154666700 3538748061 502808186 3891564084 1331369141 1398201810 3583589151 1646288250 3265534439 3447256435 2688040390 2618491959 3492269735 3758027424 553755790 3482028791 3915246821 3261492496 4086554244 264507989 2083805655 977583056 621344084 388346451 3972002247 1978200621 2182432724 4158287006 307409992 1199813696 1741375182 3821178145 1052216432 2011836471 279559715 3562941075 403317000 237921008 2067508064 1998144087 3822789024 1814843890 1263828567 2291776235 3776975668 288695641 285199386 3967312376 3177687741 1664097215 545865564 3751079112 1275532042 1322400943 966325108 4202709479 3678471645 517743531 1149260726 3854906020 1909263252 1749834128 792494633 2531350667 2185618014 4182115614 4113328827 3943894240 1505207957 1424077389 2639583098 3770625084 1893988334 1334935343 2466259342 259649305 1634414442 3894650034 2373506996 1512150690 1767114568 1391694406 3030653748 2896162850 871034273 1720967812 3714473714 3000829046 2326589344 1036717282 3736289164 2516280919 1686689642 3669584552 2454628669 2909363927 3815630225 2451959054 1248984520 2097860445 557073028 1173419514 3800980989 326855480 3797698844 49240530 3866325999 1383233434 2401465837 1453839354 1229511429 141251997 3223859327 1764262325 3383648826 2353854861 4177784087 513772877 1722574646 2072700459 65589101 2815882338 1627243997 2204249708 2886936913 135467300 191678889 846736288 1569896037 2125542555 4026543874 2559778467 2751713121 3433239217 3885492192 3356572501 2851761234 2431090418 790664894 351030575 3037181698 2583207911 922503026 727082604 1610368225 102089643 3061546161 2675820248 1423485789 1392093233 3733215546 3182057283 1893345571 3734175177 605903624 813907547 3883022802 1269870322 2655142343 1894689719 1183926638 730985046 2150293590 671724537 1667908433 1088315783 2835620382 2733317043 4190138648 347457418 1612634356 1122702891 1965230107 943197020 2269280468 3348411900 1030889698 2033506301 917344371 3069144156 483072628 2906714853 1030476797 2971708002 4143691940 4083642309 1983201750 99548554 125648502 2044924776 1249276603 3286010537 3511920041 2308979153 384441485 2700052259 703474453 1604458583 149091166 2994159933 1571489801 193590400 1737990805 4023566036 2470575142 3293423923 1090679382 2684288904 3027677981 4002160341 1461175459 3031870950 364405141 2091303200 2958175905 1957405540 754796006 4010993716 798888478 3162443742 1822950712 3247776841 4046924880 3469139453 2605636761 458961818 3642030632 3886034646 1474702277 325029045 1104861685 3020348105 3479371456 3631931861
