sName lunar_lander
version 1
nEpochs 3500
nPopSize 100
nTop 10
act 1
populationStrategy 2
randomInjectionRatio 0.35
nLayers 4
vSize 5 16 16 4 
vBiases_start
pop 0 layer 0
dims 16 1
-0.223849 
0.303781 
-0.351022 
-0.259951 
-0.147328 
-0.153011 
-0.152429 
0.199547 
-0.0255091 
0.0135529 
0.163169 
-0.164663 
-0.311746 
-0.254371 
-0.0497227 
0.435248 
pop 0 layer 1
dims 16 1
-0.145632 
-0.198519 
-0.808434 
0.407254 
-0.0281285 
0.355373 
0.507197 
0.261672 
0.547398 
0.301443 
0.108662 
0.332083 
0.437927 
0.136854 
-0.570079 
0.329878 
pop 0 layer 2
dims 4 1
-0.390137 
0.126649 
0.241066 
0.09468 
pop 1 layer 0
dims 16 1
-0.158973 
0.380835 
-0.325931 
-0.265733 
-0.00426075 
-0.130124 
-0.0484709 
-0.0785857 
0.0398346 
0.164636 
0.0506547 
0.0398529 
-0.208277 
-0.0229463 
-0.365374 
0.265552 
pop 1 layer 1
dims 16 1
-0.247751 
-0.493213 
0.0661092 
0.399373 
-0.114345 
0.151104 
0.385899 
0.609156 
0.185359 
0.364672 
0.142181 
0.785346 
0.221871 
0.0729134 
-0.303164 
-0.00259486 
pop 1 layer 2
dims 4 1
-0.414332 
-0.0347618 
-0.166204 
0.0796073 
pop 2 layer 0
dims 16 1
-0.361274 
0.0860456 
-0.302822 
-0.14947 
0.100402 
-0.214551 
3.88294e-05 
0.188418 
-0.0487666 
0.0225462 
-0.127983 
-0.37033 
-0.216771 
0.108695 
-0.130555 
0.314215 
pop 2 layer 1
dims 16 1
-0.346711 
0.15209 
-0.331561 
0.21091 
0.0838753 
0.133391 
0.113173 
0.612293 
0.184607 
-0.156664 
0.25208 
0.492328 
0.354456 
-0.0593297 
-0.127411 
-0.013421 
pop 2 layer 2
dims 4 1
-0.310281 
0.0652785 
0.0721512 
0.066456 
pop 3 layer 0
dims 16 1
-0.250962 
0.243322 
-0.298847 
-0.23308 
0.148908 
-0.137363 
0.0335698 
0.142374 
-0.253941 
0.1509 
0.186808 
-0.303106 
-0.205455 
0.0789631 
-0.190681 
0.378121 
pop 3 layer 1
dims 16 1
-0.366176 
0.0160569 
-0.345038 
0.252087 
0.13293 
0.164241 
0.32703 
0.583637 
0.270131 
-0.0502951 
0.358927 
0.429252 
0.230804 
0.0888117 
-0.150851 
-0.180408 
pop 3 layer 2
dims 4 1
-0.259979 
0.0639805 
0.0293065 
0.146108 
pop 4 layer 0
dims 16 1
-0.216229 
0.334241 
-0.40968 
-0.375515 
0.0182722 
-0.2472 
-0.043927 
-0.0402226 
-0.0674657 
0.0249243 
0.121694 
-0.100118 
-0.224693 
-0.0547398 
-0.296497 
0.332241 
pop 4 layer 1
dims 16 1
-0.130522 
-0.470012 
-0.157049 
0.32771 
-0.0134227 
0.11652 
0.400682 
0.482256 
0.232317 
0.489023 
0.348132 
0.690558 
0.202632 
0.00504595 
-0.324729 
-0.0480703 
pop 4 layer 2
dims 4 1
-0.375856 
-0.180707 
0.04059 
-0.00923046 
pop 5 layer 0
dims 16 1
-0.12597 
0.25793 
-0.211034 
-0.221634 
-0.0877733 
-0.0623867 
0.0363248 
-0.071385 
-0.031133 
0.250881 
-0.0467657 
-0.00928688 
-0.246051 
-0.125028 
-0.373322 
0.278744 
pop 5 layer 1
dims 16 1
-0.253792 
-0.414464 
-0.0628346 
0.324681 
0.00864446 
0.0690387 
0.335307 
0.425472 
-0.0831974 
0.280287 
0.171758 
0.790955 
0.421355 
0.0372235 
-0.393446 
0.0648219 
pop 5 layer 2
dims 4 1
-0.11251 
0.169682 
0.0120799 
-0.0365986 
pop 6 layer 0
dims 16 1
-0.104358 
0.423342 
-0.37011 
-0.468927 
0.0732549 
-0.150562 
-0.122845 
-0.0285011 
-0.0405481 
0.14067 
-0.00547049 
-0.140676 
-0.109051 
-0.0263996 
-0.0895223 
0.239765 
pop 6 layer 1
dims 16 1
-0.231031 
-0.139836 
-0.388567 
0.438422 
0.229294 
0.234208 
0.0474343 
0.351957 
0.276294 
0.146033 
0.185076 
0.31648 
0.297981 
0.0984977 
-0.284514 
-0.29796 
pop 6 layer 2
dims 4 1
-0.347323 
-0.181731 
0.0365084 
0.112114 
pop 7 layer 0
dims 16 1
-0.210012 
0.288393 
-0.369598 
-0.214116 
0.0406176 
-0.162749 
-0.00748099 
0.123769 
-0.0870721 
0.159816 
0.133419 
-0.228411 
-0.323585 
-0.0603154 
-0.202577 
0.359091 
pop 7 layer 1
dims 16 1
-0.268281 
-0.0839674 
-0.379297 
0.163795 
0.126581 
0.0234479 
0.414987 
0.564665 
0.205395 
0.239942 
0.236578 
0.588885 
0.109828 
0.124755 
-0.266328 
-0.15402 
pop 7 layer 2
dims 4 1
-0.28101 
0.0260937 
0.0212542 
-0.048715 
pop 8 layer 0
dims 16 1
-0.244087 
0.114888 
-0.278709 
-0.0943233 
0.171085 
-0.065599 
0.159042 
0.0457271 
-0.0243106 
0.165481 
0.106308 
-0.115385 
-0.241979 
0.11939 
-0.246901 
0.480767 
pop 8 layer 1
dims 16 1
-0.234455 
-0.0470192 
-0.215793 
0.00900446 
0.191504 
0.126366 
0.0306787 
0.454734 
0.391769 
0.0761625 
0.21615 
0.457093 
0.0586089 
-0.154536 
-0.22485 
0.10569 
pop 8 layer 2
dims 4 1
-0.231856 
0.0275669 
0.0167387 
-0.020001 
pop 9 layer 0
dims 16 1
-0.33717 
0.134074 
-0.41808 
-0.307354 
0.0788664 
-0.0733629 
0.0426286 
0.1059 
-0.0244997 
0.0558566 
0.0109618 
-0.0188985 
-0.197897 
-0.148591 
-0.283412 
0.399718 
pop 9 layer 1
dims 16 1
-0.471046 
-0.397693 
-0.216846 
0.142184 
0.146458 
0.147201 
0.170782 
0.496708 
0.350175 
0.0030704 
0.137546 
0.556992 
0.218284 
-0.286502 
-0.204607 
0.0421012 
pop 9 layer 2
dims 4 1
-0.335686 
0.0609386 
0.0632765 
-0.00978673 
vBiases_end
vWeights_start
pop 0 layer 0
dims 16 5
0.021396 -0.409659 0.0905404 0.562158 -0.0557298 
0.240436 0.149119 -0.0143376 0.0327516 -0.264717 
-0.335667 0.580145 -0.181062 0.378475 0.254957 
-0.0751025 0.252484 -0.0367372 0.00997697 0.0357133 
-0.271355 0.0840189 -0.167881 -0.193904 -0.224972 
-0.24117 -0.0668762 -0.0897481 -0.00249367 -0.257935 
0.0331572 0.212042 -0.0162928 0.261216 0.287055 
0.183377 0.0658193 -0.0684878 -0.266855 0.0358035 
-0.48567 -0.148635 0.164575 0.0474835 0.162645 
0.334176 0.298147 -0.178709 -0.280139 -0.258643 
-0.0443637 -0.0437362 -0.552384 0.439932 -0.0671996 
0.0263754 0.328725 -0.250812 0.155655 -0.29578 
0.0407095 -0.0742244 -0.121552 -0.0372485 0.304323 
-0.238604 0.673091 -0.492795 0.373729 -0.0587098 
-0.128635 0.232317 -0.556079 0.276838 0.0334338 
0.346556 -0.419722 -0.211302 -0.114653 -1.05061 
pop 0 layer 1
dims 16 16
0.638191 -0.354004 -0.0397008 0.379647 0.0719205 0.36175 -1.11556 -0.88617 0.524139 -0.58267 -0.606852 0.42127 -0.630496 0.17133 -0.259544 0.00130621 
0.0828318 0.0837618 -0.161252 0.00819512 -0.182372 0.288801 -0.42114 0.308767 -0.0449544 0.0375298 -1.52961 -0.276436 0.188013 0.293831 0.303592 -0.368395 
-0.419927 -0.27088 -0.180968 -0.395858 -0.504285 0.0534719 -0.0856928 0.571462 0.57254 0.382307 0.16876 -0.102282 0.201216 0.162079 -0.170872 -0.071864 
-0.0520492 0.290876 0.152651 0.19526 0.279265 0.131387 -0.537402 -0.240293 0.0158702 0.225313 -0.201608 -0.227129 0.200773 -0.115828 0.0840205 0.533491 
-0.439036 -0.0360496 -0.0595523 0.236372 -0.168043 -0.13861 -0.286418 -0.137943 0.0814842 0.375632 -0.183438 0.00986209 -0.225968 0.769632 0.0357297 0.394019 
-0.554891 0.100309 0.632782 -0.163175 -0.195082 -0.116007 -0.0794242 -0.496904 -0.429397 0.96553 -0.167915 0.12593 -0.567794 -0.997308 -0.114473 -0.369746 
-0.140169 0.079743 0.268218 -0.111455 -0.168179 -0.297775 0.393086 -0.58195 -0.575432 -0.31043 0.205611 0.23371 -0.460028 0.239643 0.20009 0.0956044 
-0.563597 0.574969 0.239903 0.00727914 0.234697 0.442632 0.46884 0.660003 0.139038 -0.0255496 0.217233 0.217186 -0.0693141 -0.150017 0.320078 0.165491 
-0.706253 0.130899 -0.209158 -0.104408 0.321778 -0.0446466 0.202079 0.0823398 1.25987 0.176905 0.513347 0.0783573 0.208946 -0.704724 0.306484 0.238127 
0.0224987 -0.353364 -0.580458 -0.103248 0.787016 0.37225 -0.867101 0.608488 0.161556 -0.0622482 0.465372 0.196039 -0.464848 0.404047 -0.32804 -0.76362 
0.109362 -0.283192 -0.677927 0.668169 -0.380218 0.0268756 0.28614 0.265076 0.235054 0.261696 0.919126 0.245647 0.233908 0.358048 -0.470836 0.724269 
0.387757 0.30773 0.565411 0.559498 -0.0685441 0.107034 -0.463265 -0.274576 -0.0765091 -0.097477 0.33313 0.0409477 -0.0395231 0.0160988 -0.0412579 -0.803804 
0.413638 -0.477801 -0.582405 0.861462 -0.604231 0.282598 0.854119 -0.541714 0.0614582 0.255061 0.949185 0.833468 -0.171349 0.0208625 0.600323 -0.378957 
-0.806172 0.755308 0.147551 -0.301742 -0.124066 -0.23007 0.489438 0.263493 0.340877 -0.284826 -0.614176 0.79047 -0.320184 0.171918 0.333013 0.754186 
-0.480708 -0.38253 -0.491892 0.597344 0.0548369 0.347751 0.315925 -0.396871 -0.889344 0.0253364 -0.577954 -0.282842 -0.269875 0.32909 -0.671742 0.252743 
0.0427674 -0.36768 -0.261732 -0.199932 0.835148 0.382678 -1.07264 0.155211 0.320106 0.244786 0.264055 0.124728 -0.42352 -0.52173 -0.359638 0.759216 
pop 0 layer 2
dims 4 16
-0.107608 0.261818 0.233547 0.536955 0.506035 0.156784 0.0903476 0.411189 -0.398393 0.0122057 -0.0591275 -0.187585 -0.218298 0.484785 -0.0631383 -0.0155588 
0.264389 -0.104601 -0.356991 -0.312683 0.302835 -0.183283 0.268915 0.103533 0.344206 -0.60863 -0.330953 0.399527 0.705253 -0.214022 0.0427372 -0.516741 
-0.250702 0.254211 0.53437 1.03253 0.0745661 -0.55833 -0.135313 -0.648086 0.443222 -0.123541 0.0293402 0.0272877 -0.113339 -0.758803 0.118107 0.453031 
-0.0350364 0.276378 0.0235244 -0.171116 0.502746 -0.444182 0.292233 0.00701964 -0.0567397 -0.0226467 0.231232 -0.0572863 0.161264 -0.674704 -0.524569 0.513622 
pop 1 layer 0
dims 16 5
-0.19048 -0.374469 -0.0220925 0.534049 -0.119071 
0.0573666 0.340979 0.164998 0.161778 -0.316793 
-0.153893 0.0987792 0.0176281 0.331422 0.451787 
0.0777227 0.372965 -0.0766131 -0.00293733 0.132396 
-0.166493 0.00310072 -0.192705 -0.0765729 -0.0277166 
-0.0903639 -0.0538637 -0.252349 -0.159998 -0.25609 
0.379594 0.407499 0.0450542 0.0121239 0.0594853 
-0.0497204 -0.0551173 -0.241919 -0.254769 -0.314283 
-0.602422 -0.506149 0.249123 -0.0378152 0.133461 
0.213918 0.197381 -0.0861155 -0.415673 -0.169944 
-0.0868708 -0.212039 -0.609612 0.212627 0.15539 
0.0362209 0.303896 -0.113479 0.170956 -0.0204438 
0.0703931 -0.0490562 0.0146028 -0.183098 0.201876 
0.0488256 0.52928 -0.518004 0.379911 0.14565 
0.0786426 0.349346 -0.189941 0.492253 -0.0587303 
0.416484 -0.315989 -0.00583228 0.0400735 -0.743894 
pop 1 layer 1
dims 16 16
0.640287 -0.389656 0.00685999 -0.0909826 -0.27211 0.0900359 -0.435236 -0.674804 0.0832669 -0.432671 -0.426196 0.260966 -0.495684 0.273708 -0.370796 -0.267192 
0.249722 0.0273143 -0.310919 0.00174471 -0.0306379 0.302422 -0.22904 0.665973 -0.192754 -0.232076 -0.740924 -0.152164 0.451629 0.526971 0.431831 -0.161903 
-0.396094 -0.0670137 -0.325729 -0.205522 -0.287274 -0.085204 0.11478 0.252951 0.507177 0.219981 -0.0252095 -0.148617 0.332701 -0.0574906 -0.447864 0.0574572 
-0.39549 -0.0177081 -0.130757 0.135033 0.0886036 -0.0874032 -0.842178 0.0781717 -0.175636 0.240485 -0.161576 -0.413772 0.348593 -0.175276 -0.0559963 0.0983516 
-0.18569 0.25323 0.00195365 0.346965 0.114997 -0.0909778 -0.243807 -0.00446933 0.356174 0.242344 -0.232344 0.363982 0.0525785 0.492585 -0.224782 0.478089 
0.072415 -0.21823 0.249207 0.114005 -0.161438 -0.0917271 -0.10959 -0.540711 -0.126629 0.563303 0.216303 0.0762314 -0.896761 -0.879803 -0.00359027 -0.0694653 
0.250479 -0.202322 -0.146608 0.258206 -0.500484 -0.127519 -0.135472 -0.132156 -0.315091 -0.25107 0.156979 0.262185 -0.461684 -0.0409915 0.357564 0.242196 
-0.489537 0.24345 0.587705 0.3664 0.415482 0.399361 0.337597 0.516031 -0.25393 -0.0185335 0.101197 -0.465666 0.199693 0.0765831 0.0968031 0.0124146 
-0.541762 -0.115644 -0.0945963 -0.332712 0.327687 0.349478 -0.293596 -0.0189052 0.548011 0.420907 -0.150924 0.00946032 0.0789023 -0.178472 -0.087327 0.095095 
-0.352511 -0.22088 -0.250442 -0.235437 0.516264 0.203494 -0.713944 0.634306 -0.379776 0.04476 -0.236732 -0.00262216 -0.0961358 0.27563 -0.185123 -0.335408 
0.0926427 -0.236186 -0.495362 0.545763 -0.276908 0.219474 0.535745 -0.144041 0.575165 0.293174 0.795891 0.211451 0.3283 0.473842 -0.507443 0.481297 
0.383326 0.334525 0.217613 0.262039 -0.155936 0.182413 -0.334608 -0.0578649 0.250374 -0.0218295 0.405051 0.425588 0.246121 -0.148496 0.463513 -0.893217 
0.0914054 -0.723085 -0.319723 -0.0586102 -0.012944 0.392404 0.281956 -0.442227 0.0493788 -0.313289 0.813107 0.169463 -0.137219 -0.0418589 0.437421 -0.488087 
-0.493956 0.507422 0.277206 -0.312735 -0.489004 0.139659 0.472007 0.278887 0.371451 0.0236813 -0.216793 0.701463 -0.132868 0.101702 -0.011248 0.382861 
-0.25002 -0.484252 -0.41635 0.474483 0.19646 0.367736 0.494435 -0.505428 -0.555476 -0.463766 -0.31538 -0.0253321 -0.501351 -0.207524 0.0992362 -0.00517591 
0.128962 -0.507045 0.12883 -0.153724 0.449246 0.184083 -0.732613 0.0747344 0.157891 0.248921 0.109461 -0.0592899 -0.182828 -0.218792 -0.0904259 0.450689 
pop 1 layer 2
dims 4 16
0.139618 0.38817 -0.0718191 0.502335 0.304226 0.262234 0.0450899 0.544 -0.171026 -0.102037 -0.305922 -0.119339 -0.03486 0.156312 -0.0738799 0.011871 
0.225875 -0.0941397 0.122813 -0.500382 0.500842 -0.278888 0.128886 -0.0209453 0.127255 -0.432305 -0.247527 0.0480664 0.646646 -0.237104 0.0269694 -0.37779 
-0.293804 0.266094 0.308939 0.608233 -0.00367058 -0.657413 -0.0320536 -0.695889 0.164554 -0.105856 0.251727 0.0342642 -0.169114 -0.608027 0.0609573 0.41429 
-0.296099 0.280671 -0.0265853 -0.120476 0.393942 -0.592379 0.388935 -0.0867347 0.0959945 -0.156206 0.00302652 -0.278356 0.309271 -0.660734 -0.498263 0.45707 
pop 2 layer 0
dims 16 5
0.110153 -0.297234 -0.135758 0.168409 -0.0412847 
0.197817 0.170514 0.167383 0.262373 -0.106026 
-0.364366 0.300875 -0.277824 0.528205 0.347497 
0.145376 0.337388 0.0832845 0.0376934 -0.0753192 
-0.03182 0.285367 -0.0357666 -0.330434 -0.086803 
-0.0124437 0.0226023 -0.266848 -0.334621 -0.206876 
0.144837 0.226056 -0.135011 0.150719 0.0105719 
0.00785558 -0.0218589 -0.0637525 -0.139016 0.0872756 
-0.307791 -0.1699 0.0116698 0.0286783 0.378997 
0.261241 0.0318241 0.0867842 -0.0677761 -0.570526 
-0.187744 -0.341654 -0.686813 0.663374 0.220858 
-0.220687 0.209495 -0.304894 -0.000276977 -0.175649 
-0.187674 0.0206536 -0.104789 0.0146755 -0.0636573 
-0.0431432 0.878541 -0.155857 0.084402 -0.00507476 
0.126904 0.225726 0.0528393 0.34215 0.0106227 
-0.0570074 -0.273445 -0.243638 -0.115278 -0.938212 
pop 2 layer 1
dims 16 16
0.134347 -0.0453736 0.288108 0.0693691 -0.0420742 0.306798 -0.478003 -0.136905 0.145781 -0.260697 -0.406439 0.332277 -0.382127 0.554568 -0.391185 0.457488 
-0.119998 -0.606552 -0.42757 -0.338186 -0.150688 0.160766 -0.0459134 0.460342 -0.414008 0.0445989 -0.227795 -0.125627 0.185304 0.290374 0.458712 -0.144638 
-0.126431 0.140507 -0.336392 -0.0902464 -0.00701726 -0.0684224 0.083373 0.209601 0.194515 0.262879 0.16041 0.204757 0.161154 -0.143187 -0.217367 0.232727 
0.187146 0.185745 0.172472 0.293536 0.241849 -0.1369 -0.745521 -0.0762817 0.348394 0.316357 -0.352288 -0.390991 -0.187929 -0.129517 -0.127901 0.104983 
-0.0209395 0.236373 -0.310647 0.150222 -0.0274564 0.341151 0.0364799 -0.41213 0.200827 -0.229468 -0.0602839 0.243199 0.0889146 0.667216 0.243806 0.398707 
0.00738894 -0.147271 0.31133 -0.0131092 0.266551 -0.189291 -0.115327 -0.538456 -0.0669038 0.36729 -0.224864 0.249543 -0.281909 -0.206186 -0.497558 -0.215762 
0.131122 -0.0106142 0.20708 0.480289 -0.22808 -0.0330929 0.185547 -0.136732 0.00606496 0.394473 0.455934 0.151934 -0.23369 0.136807 0.723778 0.0718449 
-0.14708 -0.085673 0.00991419 0.240589 0.352649 0.511474 0.264701 0.45781 0.0162232 -0.20242 0.146437 0.0437356 -0.0760962 -0.0603001 0.505624 0.142996 
-0.21476 0.121162 0.296522 -0.243368 0.312668 -0.090036 0.21533 -0.233993 0.70895 0.173819 0.0253136 0.225429 -0.0695007 -0.261193 -0.0320796 0.170885 
0.0142863 0.112214 -0.387427 -0.229998 0.509192 0.317125 -0.452393 0.221768 -0.0147718 0.201648 -0.24156 0.0377388 -0.244513 0.417202 -0.115386 -0.170834 
-0.0324773 0.256861 -0.180112 0.537729 -0.322145 0.121142 0.293586 0.141157 0.408909 0.379115 0.690733 0.186133 0.31026 0.0568421 -0.404717 0.566308 
0.319942 0.141633 0.275477 0.313545 -0.0537209 -0.0536165 -0.603183 -0.133698 0.167469 -0.0710938 0.230864 0.190905 0.129993 -0.132018 0.23296 -0.420734 
0.279958 -0.648312 -0.645089 -0.062769 0.174121 -0.341818 0.404113 -0.311837 0.25912 -0.270065 0.724779 0.394511 -0.263376 0.259991 0.250946 -0.408039 
-0.181503 0.441791 0.160846 -0.265237 -0.219711 -0.222514 0.390193 0.0444154 0.103727 0.0263526 -0.0809596 0.546288 -0.211424 0.299178 -0.209045 0.359265 
0.0262222 0.0855565 -0.484867 0.612261 0.0889397 0.400302 0.696726 -0.0156082 -0.42307 -0.236357 -0.388719 -0.11392 -0.461575 0.12976 -0.0521637 -0.0712716 
0.0355543 -0.246367 -0.3284 -0.290024 0.380262 0.0524627 -0.304872 0.141688 0.0123745 0.159586 0.162619 0.176504 -0.335146 -0.105283 -0.27988 0.521477 
pop 2 layer 2
dims 4 16
-0.103964 0.287717 0.256876 0.491887 0.350357 0.163381 -0.0548122 0.306361 -0.281022 -0.0874229 -0.0552588 -0.218498 -0.291388 0.387549 0.00724887 -0.019392 
0.379324 -0.0739455 -0.164119 -0.207139 0.204555 -0.236845 0.173294 0.0914719 0.30123 -0.467216 -0.194733 0.329051 0.383415 -0.157897 0.112329 -0.494097 
-0.107915 0.160452 0.395889 0.913404 0.250017 -0.499289 -0.177178 -0.634139 0.416016 -0.23362 0.140024 -0.0686539 -0.121975 -0.848806 0.189378 0.468039 
-0.0542112 0.147325 -0.0427738 -0.0360133 0.603629 -0.45257 0.245158 0.00201292 -0.120127 0.092819 0.219036 -0.181987 0.355343 -0.631262 -0.539368 0.289142 
pop 3 layer 0
dims 16 5
-0.0644531 -0.251838 0.0352691 0.447456 0.0674107 
0.39729 0.192937 0.135123 0.242002 -0.226971 
-0.287557 0.346361 -0.180171 0.638582 0.390044 
-0.0168588 0.365046 -0.107288 0.0172803 0.00644011 
-0.133966 0.0793088 -0.18991 -0.243427 0.135063 
-0.0873983 0.170264 -0.184057 -0.349164 -0.332875 
0.233176 0.276108 -0.228853 0.240309 0.0104984 
0.0840349 -0.0732579 -0.0558092 -0.207529 -0.0642846 
-0.416329 -0.230959 0.144908 0.185604 0.312529 
0.231942 0.233397 0.0556645 -0.210951 -0.495524 
-0.141998 -0.284442 -0.604302 0.613762 0.20986 
-0.0965704 0.305224 -0.336755 0.0471208 -0.00206763 
-0.175794 -0.142782 0.00701722 -0.0831876 0.25853 
0.0118843 0.776748 -0.322517 0.0741529 -0.0115919 
0.0269357 0.217273 -0.0917646 0.272711 -0.0471324 
0.123511 -0.353378 -0.230094 -0.126202 -0.980117 
pop 3 layer 1
dims 16 16
0.188557 -0.039682 0.337756 0.0333647 -0.143317 0.244428 -0.486625 -0.367794 0.0220808 -0.422254 -0.457087 0.371487 -0.443548 0.517163 -0.404459 0.487843 
-0.00883681 -0.558228 -0.275966 -0.244363 -0.105677 0.0208159 -0.292876 0.394148 -0.445878 -0.128842 -0.377009 -0.108375 0.344244 0.267813 0.409197 -0.12274 
-0.288934 -0.0817988 -0.372283 -0.0919542 -0.0155959 -0.185253 0.00966433 0.19279 0.486596 0.366051 0.218878 0.0695524 0.12275 -0.182146 -0.279501 0.345167 
0.0940521 0.254801 -0.014733 0.352961 0.078308 -0.340273 -0.723122 -0.0326764 0.152228 0.367575 -0.3376 -0.648966 -0.204796 -0.0920329 -0.246743 0.262544 
-0.108041 0.220286 -0.553228 0.351413 0.109634 0.237129 0.0976103 -0.366151 0.174647 -0.37848 -0.0219669 0.304146 0.14637 0.679827 0.205938 0.50157 
0.053628 -0.118239 0.261787 0.163651 0.266808 -0.152207 -0.113943 -0.449619 -0.0404634 0.493685 -0.202972 0.217935 -0.34874 -0.271028 -0.362757 -0.287309 
0.143762 -0.0649386 0.148106 0.347374 -0.290026 -0.0303155 0.216757 -0.14549 -0.0368125 0.355826 0.412649 0.129841 -0.16957 0.182443 0.803086 0.117865 
-0.0518065 -0.195887 0.15676 0.320649 0.374655 0.289584 0.279691 0.344468 0.115563 -0.23173 0.176122 0.177066 0.0274225 0.104084 0.494486 0.159227 
-0.218897 0.0788105 0.0398349 -0.386576 0.329208 -0.179727 0.191715 -0.0114806 0.766397 0.223036 0.0900123 0.218502 -0.0329842 -0.100012 0.105732 0.10012 
0.0498654 0.20796 -0.489753 -0.104674 0.644108 0.317666 -0.421399 0.379944 0.00950623 0.142522 -0.240454 0.0608992 -0.386279 0.496642 -0.0949451 -0.0488619 
-0.0691167 0.163456 -0.195221 0.419746 -0.513416 0.115232 0.309576 0.0918061 0.276733 0.124625 0.614846 0.259813 0.447095 0.102812 -0.449184 0.398626 
0.361403 0.313535 0.289296 0.332141 0.216509 -0.0745169 -0.575071 -0.0783302 0.230469 -0.137401 0.389508 0.387846 -0.0516293 -0.0837784 0.276387 -0.504658 
0.132461 -0.482186 -0.639467 -0.00897487 0.278652 -0.441878 0.375049 -0.200507 0.349312 -0.16093 0.651579 0.419176 -0.111611 0.0276603 0.407788 -0.410533 
-0.0914664 0.643144 0.204511 -0.356343 -0.284503 -0.201893 0.544945 -0.0976535 0.230093 -0.115937 -0.203074 0.33034 -0.283727 0.286229 -0.292826 0.470855 
0.0679342 0.130576 -0.393812 0.883477 0.0715758 0.428278 0.592444 -0.0705289 -0.490541 -0.316561 -0.394629 -0.00550946 -0.416646 -0.0201372 0.0254268 -0.0463009 
0.015152 -0.300229 -0.311143 -0.295486 0.391681 -0.0177733 -0.234117 0.22382 -0.0789513 0.303278 0.276229 0.0506565 -0.455739 0.045548 -0.308173 0.462188 
pop 3 layer 2
dims 4 16
-0.114435 0.167046 0.104377 0.453745 0.566394 0.162593 -0.00305885 0.215928 -0.27086 0.0500927 0.029537 -0.409807 -0.202141 0.196298 0.0203076 -0.118439 
0.047065 -0.095945 -0.216715 -0.0230519 0.588925 -0.058394 0.0407997 0.118903 0.247469 -0.55146 -0.0155308 0.148359 0.648501 -0.204534 0.164127 -0.406593 
-0.150596 0.255664 0.182192 0.715776 -0.0566226 -0.38879 0.118754 -0.630372 0.385572 0.00768878 -0.00580636 0.130419 -0.256746 -0.546509 0.208269 0.38892 
-0.0488413 -0.0596101 -0.0751911 -0.0316159 0.356916 -0.607824 0.391219 -0.160477 0.1138 -0.157759 0.12945 -0.0227056 -0.00473288 -0.480469 -0.41234 0.58391 
pop 4 layer 0
dims 16 5
-0.136327 -0.325072 0.0256672 0.603255 -0.156511 
0.254569 0.313117 0.0164089 0.121123 -0.326069 
-0.212011 0.369774 0.0390441 0.289677 0.44756 
0.0750686 0.288767 -0.0587132 0.0806795 0.0443165 
-0.0943975 0.0530247 -0.184826 -0.178975 -0.214538 
-0.234886 -0.103654 -0.135263 -0.203474 -0.162107 
0.361348 0.233525 0.0548928 0.173147 0.235198 
0.0711494 -0.0731745 -0.103122 -0.475264 -0.388338 
-0.557185 -0.362674 0.213705 -0.0494636 0.159892 
0.126813 0.223542 -0.0682965 -0.423549 -0.233669 
-0.065925 -0.0738633 -0.595885 0.40361 0.0643384 
0.145827 0.414296 -0.21318 0.196389 -0.117227 
0.124052 0.159259 -0.103042 -0.045858 0.33495 
0.0264876 0.552994 -0.481732 0.224653 0.159622 
-0.0179213 0.264625 -0.291981 0.377778 -0.0729616 
0.331803 -0.451147 -0.112829 -0.163829 -0.748217 
pop 4 layer 1
dims 16 16
0.722382 -0.472328 0.0439165 -0.115293 -0.0928408 0.0545308 -0.570729 -0.647937 0.241427 -0.638289 -0.55983 0.300211 -0.479148 0.225943 -0.341227 -0.218684 
0.187261 -0.095052 -0.325959 -0.11004 -0.00396635 0.344069 -0.185902 0.686251 -0.3223 -0.174791 -0.77213 -0.138409 0.468414 0.496922 0.519759 -0.270554 
-0.484548 -0.037473 -0.465703 -0.160353 -0.17238 -0.155066 0.15186 0.334138 0.615194 0.161448 -0.0365504 0.079197 0.180372 -0.0292093 -0.29471 0.167791 
-0.155002 0.0303511 0.000604787 0.199543 0.13004 -0.05477 -0.867896 0.15025 -0.336026 0.157864 -0.325952 -0.476211 0.209593 -0.140534 -0.0246285 0.120862 
-0.00420134 0.252048 -0.0563745 0.376896 -0.013651 -0.108781 -0.167527 -0.172372 0.322107 0.115318 -0.187972 0.386322 -0.0423322 0.556342 -0.210547 0.601893 
0.0199228 -0.351202 0.4597 0.0252049 -0.0388593 -0.164534 -0.0338332 -0.607952 -0.161189 0.454808 0.342174 0.0621942 -0.859515 -0.997241 -0.189424 -0.181342 
0.242628 -0.0418074 -0.00503963 0.189379 -0.40085 -0.10821 -0.240665 -0.13601 -0.284485 -0.334418 0.119953 0.117469 -0.277258 -0.0320466 0.472838 0.154112 
-0.380298 0.490582 0.54053 0.332135 0.558639 0.154671 0.31753 0.693067 -0.0898781 -0.0740251 0.29166 -0.400538 0.27757 0.091759 0.225358 0.0367289 
-0.51026 -0.174783 -0.181129 -0.337092 0.506103 0.321951 -0.163534 -0.0764115 0.708448 0.446876 0.00822144 -0.0240121 -0.0459965 -0.244091 0.00140777 0.0215955 
-0.426426 -0.175814 -0.305671 -0.235987 0.514192 0.368049 -0.91232 0.652164 -0.258763 -0.119105 -0.254916 -0.0920712 -0.276105 0.257192 -0.230739 -0.295494 
-0.0509712 -0.297303 -0.647285 0.572968 -0.333079 0.288133 0.413073 0.00377999 0.549983 0.369643 0.776155 0.366052 0.458053 0.397358 -0.449874 0.537204 
0.610747 0.352609 0.366176 0.225901 -0.0169483 0.0766806 -0.393967 -0.110682 0.141493 -0.1424 0.220835 0.460978 0.119667 -0.104349 0.443838 -0.733304 
0.242284 -0.624818 -0.421612 -0.0348626 -0.0065244 0.311343 0.206163 -0.520792 -0.0209741 -0.216664 0.955431 0.25626 -0.0695246 -0.019905 0.344527 -0.449552 
-0.527595 0.565541 0.178402 -0.405533 -0.403599 0.0849719 0.542935 0.31224 0.443075 0.0819223 -0.195699 0.627781 -0.147087 0.189578 0.0260825 0.554996 
-0.306444 -0.473489 -0.384019 0.5761 0.195935 0.327406 0.594147 -0.574741 -0.618856 -0.282351 -0.353307 0.0198745 -0.628757 -0.197862 0.0554999 0.0775663 
-0.0509287 -0.433863 0.11765 -0.126303 0.392258 0.193082 -0.728375 0.00345406 0.00748716 0.11069 0.223196 0.066017 -0.32495 -0.00309402 -0.308152 0.635156 
pop 4 layer 2
dims 4 16
0.254794 0.35464 0.146078 0.554408 0.320962 0.222533 0.166248 0.368733 -0.176669 0.00490087 -0.139163 -0.194138 -0.145439 0.259684 -0.18109 -0.156225 
0.378232 0.0547302 0.103613 -0.269889 0.541296 -0.211933 0.368019 0.141029 0.280454 -0.54336 -0.157372 0.147226 0.75556 -0.18739 -0.00137776 -0.350245 
-0.351599 0.430778 0.280088 0.822062 -0.0661578 -0.559269 0.0734306 -0.795657 0.184928 -0.142861 0.140124 -0.0146211 -0.168007 -0.816499 0.232925 0.314244 
-0.132657 0.383268 -0.0475798 -0.162231 0.454032 -0.678735 0.421047 -0.0795402 0.205848 -0.217501 0.109218 -0.171433 0.118721 -0.801499 -0.575865 0.420297 
pop 5 layer 0
dims 16 5
-0.00622875 -0.33633 -0.0693761 0.508981 0.0740467 
0.0623833 0.393122 0.204574 0.100991 -0.245557 
-0.00582322 0.0891662 -0.115919 0.105933 0.332834 
0.0102133 0.255634 0.121998 0.0136332 0.229402 
-0.395501 0.0771298 -0.175057 -0.120469 0.0385226 
0.0126816 -0.0103399 -0.152193 -0.184643 -0.355395 
0.22703 0.277662 0.00547987 -0.0550995 0.142622 
-0.204063 0.044998 -0.21097 -0.199999 -0.410544 
-0.485259 -0.523025 -0.0408198 0.124431 0.12312 
0.184868 0.152602 -0.0600394 -0.45685 -0.0660056 
-0.026628 -0.0944807 -0.521467 0.195878 -0.188571 
0.246413 0.320777 -0.130683 0.127635 -0.111134 
0.153478 -0.0362178 0.268536 -0.238878 0.170787 
-0.0532549 0.464364 -0.469165 0.362174 0.207785 
-0.0181705 0.246083 -0.184749 0.640083 -0.0938937 
0.326604 -0.286897 -0.0276951 0.00599396 -0.554314 
pop 5 layer 1
dims 16 16
0.548786 -0.349204 -0.11416 -0.183663 -0.253173 0.232551 -0.196131 -0.629242 0.00261779 -0.471329 -0.522638 0.115909 -0.400441 0.201427 -0.396086 -0.293556 
0.448764 -0.162531 -0.201969 -0.0260754 -0.238163 0.342354 -0.339531 0.674569 -0.208419 -0.113978 -0.7144 -0.110553 0.45384 0.516493 0.48779 -0.121093 
-0.169972 -0.122615 -0.0745249 0.0480985 -0.314773 -0.0113361 0.195619 0.240105 0.421858 0.239297 -0.0668817 -0.271192 0.194637 0.0366707 -0.444813 0.12645 
-0.452942 -0.0121959 -0.12482 0.151033 -0.0660735 0.0168446 -0.70632 0.15542 -0.183688 0.432524 0.0267991 -0.359021 0.277219 -0.389298 -0.0560655 0.255342 
-0.244545 0.29397 -0.0093581 0.326388 0.147948 -0.0900632 -0.219414 -0.0112417 0.378204 0.248738 -0.0734795 0.393458 -0.0421509 0.526891 -0.235137 0.616925 
0.132559 -0.205895 0.291266 0.0893873 -0.205796 -0.0416422 -0.255958 -0.630666 0.00402076 0.343369 0.0491333 0.209336 -0.8332 -0.826248 -0.038036 -0.0766746 
0.160894 -0.12763 -0.0995397 0.261955 -0.440602 -0.051373 -0.0209154 -0.177786 -0.0962831 -0.365047 0.0471384 0.351224 -0.388937 0.0174377 0.399047 0.273003 
-0.137586 0.226665 0.488691 0.182567 0.280229 0.444783 0.182603 0.441241 -0.377658 0.0167891 0.201249 -0.518002 0.242723 0.125003 0.1707 0.0088204 
-0.526703 0.0243796 0.0195556 -0.397622 0.257193 0.405627 -0.46584 -0.161708 0.608201 0.382996 -0.0248986 -0.142243 0.0708398 -0.205859 -0.0656606 -0.181398 
-0.345602 -0.12054 -0.324305 -0.0579548 0.214015 0.229771 -0.66927 0.434232 -0.366421 0.19531 -0.00776135 0.0341607 -0.178092 0.203581 -0.119962 -0.384872 
0.179524 -0.239173 -0.61611 0.523984 -0.317552 0.238074 0.514914 -0.0593899 0.550166 0.245942 0.731772 0.273432 0.217042 0.42386 -0.331455 0.460266 
0.415079 0.262526 0.288369 0.320878 -0.210472 0.045304 -0.261092 -0.062709 0.285129 -0.0325653 0.420355 0.353716 0.0919728 -0.25546 0.327056 -0.973213 
0.0391927 -0.677758 -0.242663 -0.0591494 0.0654311 0.53598 0.33396 -0.34717 -0.0448495 -0.0438018 0.682376 0.138646 -0.101007 -0.0351291 0.40116 -0.403713 
-0.38893 0.619829 0.419579 -0.470485 -0.494682 0.0630999 0.41494 0.163564 0.409223 -0.070615 -0.156618 0.664104 0.0179156 0.156864 0.0845431 0.305038 
-0.14826 -0.469739 -0.352923 0.375038 0.361409 0.360107 0.432551 -0.476069 -0.42633 -0.283076 -0.304653 0.00553122 -0.344938 -0.368154 -0.0452129 0.116598 
0.10824 -0.496656 0.144466 -0.1057 0.276394 0.253415 -0.583741 0.224394 0.276323 0.278808 -0.0289554 0.00468771 0.0759337 -0.358084 0.0480116 0.448228 
pop 5 layer 2
dims 4 16
-0.194513 0.177048 0.311209 0.389844 0.395836 0.156177 -0.208605 0.320671 -0.384701 0.170306 -0.125888 -0.246401 -0.175153 0.474757 0.0135827 0.0976265 
0.375134 0.00387485 -0.149501 -0.273112 0.25014 -0.284344 0.249041 -0.143104 0.223387 -0.393244 -0.195854 0.44367 0.398455 -0.282342 0.0342125 -0.55608 
0.0742675 0.0420334 0.396886 0.724378 0.140894 -0.360394 -0.206494 -0.613492 0.228047 -0.31772 0.0286523 -0.271126 0.023649 -0.806934 0.407531 0.490524 
-0.250326 0.0393619 0.112852 0.0236881 0.42685 -0.256055 0.232837 0.0906257 -0.146499 -0.00411558 0.216387 -0.0812966 0.17356 -0.656451 -0.531738 0.0463707 
pop 6 layer 0
dims 16 5
-0.117406 -0.123014 0.105916 0.620718 -0.212039 
0.214208 0.329679 0.0296966 0.11703 -0.265751 
0.0402232 0.330456 0.116186 0.227116 0.270181 
-0.113011 0.486073 0.0473502 0.0782228 -0.103793 
-0.113059 -0.0368332 -0.243833 -0.158661 -0.209913 
-0.31271 -0.0694236 -0.244023 -0.226295 -0.061145 
0.14672 0.244721 0.0458846 0.118645 0.235061 
-0.0874861 -0.0566517 -0.0117141 -0.444755 -0.310981 
-0.425807 -0.466417 0.291697 -0.0290409 -0.0458471 
0.0831673 0.272933 -0.172146 -0.483735 -0.184994 
0.101139 -0.0201407 -0.741258 0.301277 0.265645 
-0.0834686 0.426971 -0.0926958 0.0446649 -0.0658057 
0.0817323 0.0267855 0.0652451 -0.0115918 0.411728 
0.0517483 0.551827 -0.356024 0.0938566 0.108231 
0.00283463 0.289766 -0.325974 0.285435 0.00897262 
0.296832 -0.444004 -0.0873775 -0.253231 -0.558401 
pop 6 layer 1
dims 16 16
0.0426427 0.017161 0.293701 0.150818 0.143682 0.324795 -0.446477 -0.436042 0.068582 -0.213953 -0.137405 0.455782 -0.449785 0.342075 -0.248997 0.318155 
-0.19966 -0.657568 -0.231778 -0.260407 -0.26794 0.0136695 -0.0145935 0.43631 -0.171692 -0.00031552 -0.356297 -0.102765 0.214855 0.300592 0.172704 -0.158342 
-0.200951 -0.306038 -0.455696 0.0197242 -0.0188207 -0.417355 0.138843 0.116322 0.351615 0.181852 0.272764 0.0291739 -0.142165 -0.219025 -0.195445 0.255859 
0.182697 0.22263 0.00109816 0.147405 -0.171712 -0.268414 -0.685969 -0.0545382 0.237328 0.452073 -0.26147 -0.411188 0.131695 -0.158164 -0.124556 0.297895 
0.12567 0.0755653 -0.262109 0.374618 -0.154433 0.101213 -0.0900587 -0.360374 0.0114101 -0.317756 -0.196343 0.218039 -0.0564758 0.471179 -0.0471331 0.433106 
0.040018 -0.339424 0.396827 -0.0140763 0.20917 -0.121385 -0.0203888 -0.464804 -0.0344755 0.625293 -0.102584 0.120915 -0.385422 -0.3064 -0.331853 -0.312884 
0.302413 -0.160895 0.236536 0.262848 -0.238201 -0.102863 0.191872 -0.110946 0.0672198 0.306688 0.264008 0.220217 -0.134165 0.230964 0.63172 0.211799 
-0.0282389 -0.151686 0.155199 0.450813 0.303651 0.0196514 0.152608 0.212158 0.118234 -0.0923416 -0.145392 0.344822 -0.0726442 0.0480617 0.460656 0.0726635 
-0.278599 0.233957 -0.133087 -0.226738 0.260893 -0.206348 0.22126 0.158732 0.71346 0.363848 0.248711 0.170466 0.0178946 -0.00853659 0.114612 0.0249785 
-0.0395062 0.207642 -0.313333 -0.0799553 0.566049 0.477261 -0.314212 0.296329 -0.061863 0.162456 -0.0999288 -0.291312 -0.396665 0.354403 -0.166903 -0.0588076 
0.0436513 0.267541 -0.204779 0.479945 -0.623241 -0.0187085 0.355034 0.0970051 0.199633 0.147897 0.331631 0.0489027 0.33912 0.311124 -0.358494 0.295794 
0.529416 0.362863 0.240213 0.208406 0.219351 0.0245091 -0.484534 -0.098243 0.176734 -0.197888 0.301054 0.633915 -0.130688 0.0347291 0.249625 -0.598964 
0.142096 -0.465502 -0.563489 -0.0325019 0.194645 -0.383299 0.473992 -0.387885 0.373267 -0.247681 0.743431 0.160574 -0.00172779 0.0803101 0.449343 -0.221743 
-0.0982052 0.259676 0.347622 -0.380847 -0.485875 -0.308008 0.71561 -0.253595 0.376262 -0.206845 -0.105593 0.29447 -0.345939 0.244488 -0.345497 0.366763 
0.13452 0.213744 -0.457811 0.865164 0.00271832 0.0721434 0.222068 0.124485 -0.226482 -0.270003 -0.144749 0.0248277 -0.280805 -0.0680466 0.25965 -0.0905761 
0.235899 -0.314868 0.029175 -0.176713 0.273827 -0.182115 -0.340452 0.18895 -0.147083 0.163319 0.384201 0.0952569 -0.264544 0.044543 -0.269609 0.377249 
pop 6 layer 2
dims 4 16
0.410555 0.372966 0.193877 0.538822 0.259214 0.203364 0.0746804 0.433911 -0.179376 -0.0410277 -0.112015 -0.105251 -0.124227 0.140089 -0.166321 -0.166935 
0.0845149 0.136519 -0.00434443 -0.174599 0.486337 -0.148294 0.200938 -0.00391235 0.291703 -0.489065 -0.016266 0.056241 0.888523 -0.103688 -0.0409915 -0.174217 
-0.21031 0.463563 0.249171 0.856576 -0.00260267 -0.754884 0.0776614 -0.638045 0.364433 -0.12016 -0.052657 -0.0144953 -0.172788 -0.851904 0.222825 0.257274 
-0.0252026 0.341311 -0.00228933 -0.223798 0.420738 -0.665647 0.420015 0.0530574 0.271283 0.020825 0.0471863 -0.200925 0.180718 -0.756556 -0.529031 0.336922 
pop 7 layer 0
dims 16 5
-0.0700192 -0.195843 -0.00926915 0.440429 0.163908 
0.356755 0.337759 0.0477856 0.117948 -0.27486 
-0.101034 0.468379 -0.362421 0.47265 0.334353 
-0.146285 0.400379 -0.0311455 0.160704 -0.105537 
-0.197943 0.133708 -0.229914 -0.240792 0.0104389 
0.000961428 0.0502611 -0.164534 -0.216337 -0.26861 
0.237463 0.394037 -0.0120825 0.155985 0.0341309 
0.0513948 -0.0101746 -0.0687851 -0.233259 -0.178107 
-0.476026 -0.264894 0.269477 -0.062445 0.216504 
0.113609 0.330763 -0.00115578 -0.0842607 -0.41239 
-0.176069 -0.0906137 -0.613866 0.502866 0.0842944 
0.058207 0.401337 -0.293235 0.180448 -0.0533739 
-0.0400428 0.00425819 -0.132621 -0.0347077 0.381389 
0.0339887 0.770591 -0.384143 0.109025 0.0492986 
-0.102384 0.143311 -0.161146 0.244747 0.0253032 
0.177613 -0.330966 -0.0202725 -0.028395 -1.12675 
pop 7 layer 1
dims 16 16
0.331909 -0.240649 0.253606 0.20463 -0.250059 0.189781 -0.438865 -0.462664 -0.0512219 -0.221166 -0.502775 0.258478 -0.515864 0.537569 -0.445662 0.567768 
-0.116023 -0.489095 -0.281208 -0.254081 -0.0563606 0.180217 -0.36738 0.514805 -0.360752 0.0258316 -0.529052 0.0918157 0.241688 0.438323 0.573598 -0.11482 
-0.335728 -0.201776 -0.367245 -0.293321 -0.0200807 -0.363239 0.377718 0.291897 0.483784 0.362113 0.138088 0.0997479 0.135445 -0.112243 -0.182091 0.197678 
0.095035 0.14688 -0.167231 0.315569 -0.00221325 -0.224093 -0.684389 -0.046334 0.0101002 0.114202 -0.408717 -0.523019 -0.0268742 -0.22507 -0.0966314 0.293329 
0.0527705 0.0309672 -0.399507 0.0931618 0.0558326 0.224099 0.107787 -0.523893 0.378706 -0.167881 -0.0110075 0.167404 0.0463976 0.652435 0.0931026 0.408692 
-0.0617308 -0.13587 0.268675 0.17497 0.111683 -0.290291 -0.0350648 -0.562808 -0.181973 0.508768 -0.285637 0.209558 -0.448729 -0.408381 -0.448836 -0.30871 
0.0685867 -0.129469 0.12715 0.239755 -0.358504 -0.174307 0.120536 -0.0994689 -0.121588 0.186511 0.497158 0.127344 -0.189696 0.120146 0.760143 0.102613 
0.0437037 -0.0371624 0.0291318 0.319449 0.42921 0.224237 0.163374 0.533459 0.218593 -0.337523 0.315311 0.353522 0.108284 0.0409689 0.28013 0.296993 
-0.181919 -0.028371 0.19497 -0.324818 0.359083 -0.102209 0.052589 0.0548263 0.795412 0.24606 0.269795 0.108464 0.0134596 0.0824941 0.16095 0.158024 
-0.277565 -0.0255352 -0.57797 0.0325134 0.459438 0.230846 -0.438894 0.259782 -0.0328747 -0.0356153 -0.190012 0.131799 -0.510238 0.399049 -0.0605195 -0.146062 
-0.0501473 0.0250709 -0.257215 0.490885 -0.360691 0.100548 0.186732 0.204141 0.403108 0.167896 0.677082 0.270126 0.395602 -0.0405977 -0.622096 0.49517 
0.306984 0.326578 0.325218 0.23608 0.335908 -0.116975 -0.531143 0.0734853 0.164235 -0.134711 0.376621 0.377401 -0.317602 -0.0500139 0.3712 -0.591368 
0.19035 -0.606197 -0.684356 0.0442393 0.122534 -0.347106 0.365052 -0.244412 0.273486 -0.352907 0.65668 0.343692 -0.0114666 -0.0745038 0.48348 -0.523236 
-0.154127 0.589971 0.146944 -0.362417 -0.277586 -0.259632 0.742261 -0.109608 0.165715 -0.168758 -0.370463 0.429239 -0.0690648 0.343772 -0.0865302 0.609297 
0.0675489 -0.0969149 -0.431755 1.02027 0.251835 0.314692 0.603253 -0.0499896 -0.50077 -0.249883 -0.4711 0.114598 -0.696562 -0.026395 0.0898866 0.0340013 
0.0420298 -0.304737 -0.166737 -0.14296 0.47003 0.0105123 -0.44146 0.176377 -0.126504 0.383877 0.266613 0.0595461 -0.471204 0.15078 -0.40872 0.454636 
pop 7 layer 2
dims 4 16
0.03965 0.320832 -0.0749862 0.464765 0.452875 0.32217 0.00415017 0.250525 -0.345054 -0.057034 -0.128272 -0.341318 -0.205135 0.212713 0.0229492 -0.0565998 
0.128832 -0.052075 -0.139856 -0.136015 0.519371 -0.0408462 0.207412 0.244409 0.211174 -0.46184 -0.174907 0.0633769 0.665449 -0.172332 0.0442822 -0.565299 
-0.228459 0.249026 0.285373 0.8372 0.00773922 -0.619587 0.135965 -0.712803 0.323645 -0.0133151 -0.035091 -0.0257987 -0.205824 -0.606129 0.131553 0.168171 
-0.163803 0.0505956 0.0176168 -0.0669921 0.452236 -0.606339 0.387396 -0.129956 0.119838 -0.216797 0.0814573 -0.101406 0.0206231 -0.563456 -0.491788 0.635688 
pop 8 layer 0
dims 16 5
-0.0511554 -0.143921 -0.0868192 0.522308 0.184838 
0.406229 0.393553 0.200977 0.281379 -0.239521 
-0.0241969 0.444965 -0.225298 0.312864 0.289819 
0.0158843 0.322968 0.177022 -0.0671844 0.0463502 
-0.269259 0.244067 -0.0538767 -0.0344593 -0.0603698 
0.132861 0.00277392 0.028662 -0.183991 -0.373565 
0.172209 0.185797 -0.0895538 0.223028 -0.0218226 
0.13435 0.0748895 0.12679 -0.116158 -0.279214 
-0.15941 -0.249706 0.342916 -0.0401094 -0.249116 
0.0879919 0.262509 0.0259705 -0.176324 -0.316068 
-0.187585 -0.316072 -0.504017 0.316388 0.0963935 
-0.0544307 0.429895 -0.350342 0.266817 -0.15323 
-0.00333653 -0.250865 -0.145798 0.0310336 0.480989 
0.0649986 0.752347 -0.290404 0.0688296 0.125103 
0.0140062 0.0538037 0.0556032 0.289701 -0.14536 
-0.100805 -0.427768 -0.0762641 0.0388553 -0.976236 
pop 8 layer 1
dims 16 16
-0.0560832 -0.0179181 0.332589 0.245795 -0.081475 0.14825 -0.350955 -0.221966 -0.155733 -0.239902 -0.440952 0.142082 -0.41468 0.443153 -0.178797 0.415258 
0.168555 -0.699463 -0.00330389 -0.320018 0.0397684 -0.0374783 -0.30425 0.414807 -0.51698 -0.103901 -0.380739 -0.116287 -0.14649 0.204856 0.237817 -0.096725 
-0.398738 -0.245422 -0.0865339 -0.174234 0.16173 -0.169184 0.27299 0.525619 0.386662 0.180341 0.0115078 -0.0747315 0.287241 -0.160981 -0.167535 0.373632 
-0.0206139 0.123602 -0.0167025 0.271107 -0.0319536 -0.122851 -0.480534 -0.235273 0.189028 0.338022 -0.364337 -0.575141 -0.255003 -0.0583626 -0.321169 0.109004 
-0.0610925 0.191495 -0.421229 0.390115 -0.151536 0.346674 0.354735 -0.22326 0.129936 -0.371547 -0.15447 0.389568 0.0180131 0.627646 0.225065 0.524104 
0.163006 -0.331543 0.328355 0.0789288 0.300395 0.0825974 -0.131353 -0.241363 -0.0227043 0.387001 -0.0876354 0.0553157 -0.332874 -0.162638 -0.0661925 0.118926 
0.109849 0.0611198 0.0672393 0.272078 -0.303971 0.150198 0.363794 -0.281906 -0.15181 0.158164 0.0110263 0.235535 -0.186725 0.208987 0.486615 0.137621 
0.128878 -0.0319549 0.0512617 0.00648755 0.0747742 0.0392974 0.0722924 0.0396341 0.0945285 0.00592845 0.00719054 0.261928 -0.125142 -0.0713951 0.168388 0.0372919 
-0.264356 0.334102 0.180552 -0.272252 0.123735 -0.0952526 0.0104298 -0.18225 0.407066 0.00194085 0.115661 0.0168185 -0.194629 -0.00649187 -0.0190488 0.286647 
-0.0119538 0.205496 -0.4384 -0.234646 0.243258 0.302005 -0.123403 0.373321 0.147236 -0.0927182 -0.107473 0.0546505 -0.49815 0.479734 -0.213811 -0.247897 
0.0847493 0.0222599 -0.200113 0.118142 -0.207492 0.00214643 0.0473496 0.206855 -0.070134 0.0670245 0.39715 0.264172 0.610797 0.00481718 -0.127887 0.0668489 
0.387356 0.295974 0.00921195 0.0712835 0.467584 -0.222063 -0.617406 0.181334 0.202853 -0.116064 0.129658 0.214824 0.00304519 0.0808662 0.299896 -0.34242 
0.162082 -0.355042 -0.610436 0.118739 0.221418 -0.26387 0.159205 -0.475041 0.00991638 -0.418174 0.452716 0.335505 0.0166026 0.220808 0.0865767 -0.101528 
0.0471209 0.369538 0.270164 -0.368667 -0.272093 -0.33068 0.275153 -0.0914795 0.392405 -0.0484333 -0.0496479 0.138191 -0.472822 0.230648 -0.257751 0.0874528 
0.231456 0.143441 -0.6194 0.731231 -0.00281128 0.504722 0.873074 -0.325407 -0.160227 -0.231577 -0.318426 0.0226206 -0.549784 -0.0897821 0.0501646 -0.238347 
-0.073983 -0.345381 -0.305328 0.0307562 0.120811 0.153137 -0.318621 0.410881 -0.187954 0.370505 0.242678 0.0103045 -0.578032 0.117979 -0.237923 0.376913 
pop 8 layer 2
dims 4 16
0.253144 0.505001 -0.257798 0.368329 0.388275 0.272841 -0.0478617 0.266535 -0.433297 0.00793325 -0.137173 -0.276727 -0.203297 0.106389 0.0494227 -0.0775862 
0.158563 0.0257169 -0.247907 -0.0502556 0.328943 -0.338447 0.15271 0.206277 0.341295 -0.29145 -0.155107 0.0156016 0.569458 -0.351364 0.190259 -0.508031 
-0.265059 0.126677 0.321088 0.722923 0.0265462 -0.380336 0.199231 -0.675863 0.410984 0.0484859 -0.0112456 0.0838723 -0.254448 -0.502233 0.070673 0.214977 
-0.246677 0.106316 0.00427459 -0.115792 0.458725 -0.599002 0.354165 -0.0925113 0.23254 -0.298969 0.00801423 -0.112696 -0.0787457 -0.60723 -0.279405 0.590647 
pop 9 layer 0
dims 16 5
-0.147518 -0.192679 0.0682041 0.487445 0.245476 
0.349534 0.170235 0.0430195 0.12739 -0.201653 
-0.187268 0.475263 -0.398882 0.352265 0.115769 
-0.104009 0.200793 -0.0607695 0.180464 -0.0145205 
-0.187689 0.0636678 -0.229408 -0.151232 -0.119506 
0.0353331 -0.0684138 0.00745439 -0.171791 -0.091742 
0.26174 0.425926 -0.0493544 0.0587392 -0.0584523 
-0.0498482 0.128526 -0.0597912 -0.39579 0.0105681 
-0.298434 -0.363198 0.365826 0.0194344 0.306459 
0.00340947 0.322306 -0.036396 -0.165744 -0.482312 
-0.151769 -0.146813 -0.496224 0.479302 0.0984771 
0.129886 0.456282 -0.301284 0.120765 -0.0466587 
-0.075511 -0.0182851 -0.136462 0.0174488 0.227648 
0.0728683 0.790778 -0.375822 0.111178 0.15201 
-0.07718 -0.00102404 -0.109872 0.366482 -0.0956419 
0.10998 -0.407182 -0.0114943 -0.154561 -0.911413 
pop 9 layer 1
dims 16 16
0.0638388 0.140768 0.293494 0.371697 -0.121946 0.156136 -0.319605 -0.282304 -0.0408706 -0.203916 -0.540477 0.113047 -0.605982 0.152834 -0.386359 0.28097 
0.243289 -0.529687 -0.306166 -0.290827 0.00149675 0.0284925 0.102284 0.319822 -0.588196 -0.232861 -0.320985 -0.0643525 -0.110125 0.154847 0.286291 -0.0530696 
-0.306839 -0.0823676 -0.263561 -0.123761 0.419045 -0.19849 0.269871 0.461778 0.349981 0.203833 0.246335 -0.306162 -0.0157891 -0.327589 -0.160704 0.281201 
0.122418 0.302675 -0.143751 0.281013 -0.185226 -0.178648 -0.554795 -0.119483 0.375768 0.0834283 -0.402938 -0.333567 -0.336331 0.0473426 -0.0830384 0.292835 
0.00411009 0.0601815 -0.332697 0.566671 -0.104882 0.202798 0.253406 -0.499974 0.232452 -0.315743 -0.0791099 0.494999 0.361595 0.662484 0.297045 0.392012 
0.232609 -0.286568 0.354071 -0.149348 0.376651 0.0610823 -0.0605293 -0.319764 -0.0406475 0.354632 -0.0208774 -0.00105099 -0.27438 -0.235002 -0.0537139 -0.182765 
0.0561956 0.00819572 0.155186 0.166177 -0.516054 0.101519 0.564047 -0.115404 -0.0819108 0.375784 0.0706362 0.0427066 -0.312974 0.146 0.642976 -0.039306 
-0.00240417 0.0269605 0.0309265 0.26085 0.137023 0.0676954 0.173809 0.0237969 0.11274 -0.0755818 -0.00987184 0.0437465 -0.0823745 0.08509 0.395618 0.0521746 
-0.505629 0.441991 0.222277 -0.266708 0.158115 -0.183892 -0.104223 -0.288429 0.519506 -0.194888 -0.0087476 0.175586 -0.153813 -0.0819066 0.0885758 0.0237199 
-0.0844378 0.212046 -0.428274 -0.353538 0.148714 0.218671 -0.239503 0.184517 0.271397 0.0600695 -0.329364 -0.100574 -0.541485 0.434258 -0.318417 -0.0272511 
0.125183 0.0203431 -0.189196 0.130218 -0.292957 0.15958 0.12156 0.24669 -0.00945458 -0.105396 0.429709 0.206778 0.432956 0.35901 -0.0989114 0.274912 
0.221998 0.00348072 0.220288 0.117194 0.366702 -0.200116 -0.609413 0.195884 0.0587947 -0.0579129 0.1942 0.190602 0.00209291 -0.111797 0.30821 -0.14256 
0.0300196 -0.408075 -0.499639 -0.0150708 0.184646 -0.316869 0.347314 -0.429285 0.0819392 -0.501147 0.252946 0.390605 -0.196757 0.0875331 0.0642803 -0.237193 
0.0994695 0.524492 0.181789 -0.455508 -0.0542626 -0.317306 0.329552 -0.139079 0.446873 -0.152013 -0.0731556 0.163878 -0.591607 0.418372 -0.22228 0.194639 
0.252166 0.238561 -0.488907 0.630928 0.0203728 0.604885 0.655088 -0.320962 -0.217991 -0.379525 -0.27477 -0.0438724 -0.414824 -0.0845025 0.131825 -0.154032 
-0.138796 -0.21289 -0.210515 0.0321656 0.212609 -0.0381154 -0.308602 0.0445662 -0.0508996 0.329845 0.345645 0.197194 -0.311828 0.214434 -0.0704254 0.284215 
pop 9 layer 2
dims 4 16
0.0595528 0.266771 -0.254536 0.495841 0.577012 0.223169 -0.167351 0.168978 -0.377181 -0.134939 -0.000271214 -0.290872 -0.30879 0.109265 0.099602 -0.072276 
0.186224 0.135136 -0.123214 -0.0252182 0.466676 0.00982605 0.0759294 0.346419 0.259851 -0.431888 -0.227298 0.303074 0.440101 -0.224687 0.119636 -0.349759 
-0.218352 0.221781 0.370088 0.801657 -0.00208737 -0.705401 0.221858 -0.64165 0.181882 0.0520053 -0.0971488 -0.0132778 -0.247966 -0.478673 0.12786 0.164482 
-0.0789055 0.0174072 0.229736 -0.0132866 0.562858 -0.4922 0.338419 0.00755521 0.0331985 -0.242317 0.0187345 -0.112613 0.0829652 -0.525452 -0.524875 0.698972 
vWeights_end
generator 440748219 203500065 225070025 2686448091 2182589017 3890026980 338112511 3025660330 2576650325 3662372312 2629162576 3397286464 3016960450 3544578595 3077783125 123726691 4064915991 4185277486 1309627186 1766627795 708097301 1057547886 811556754 3639228600 1310334553 620935688 881133098 98676401 1841052932 2169463181 2671473919 316586350 175213439 3291888446 638337927 3469174766 2679719020 2797325331 3646771092 3101901944 2643905947 3885035687 2986263888 2341032208 2567575940 2375258176 1772381970 3445974626 3439801936 3987736439 1780525188 644069593 3708285576 1570097376 3321876248 3982876767 4110273267 1340533546 3637905930 1011253793 87189740 1115758095 3736743285 1098819916 662456331 279673256 1759200232 723735626 4129861392 2043923276 505447589 4126339190 2499792743 1814617059 2767226077 1447303524 3408981218 3590291152 3956563868 284705426 1025142475 3588265307 209510341 956389631 1006667371 2419477419 1710332095 296701276 1755227237 805682816 323872120 3332277935 349365175 3802672974 3571766859 3539310736 2646121569 4023117626 4209350941 3775999024 992188667 3954512633 4077926182 1196744081 1391738852 1995519820 2251981570 1339743880 2313379058 1193379650 2557227174 2599618228 4172109216 2444703005 3882323358 358545391 2797575336 1249149841 1715861294 1925508030 1465250678 1640785623 1713970273 60748917 1025342359 3660440263 1350157148 2822595102 820714081 1237932673 3339267295 3472940008 320467120 2793267125 4179540131 1957689820 3293364053 1949467850 2499990798 2605959303 3962881895 28956359 3411916454 773402993 2464164810 3075464977 2699118894 2224711673 2633430661 487193888 3859464285 1582092774 178154528 246362244 3768999557 37823217 3479543801 710002442 1436509628 3169853497 429666434 2969225942 2418560219 1541168019 2263862547 1098059884 502106410 969286872 3280054386 384830123 3661047655 72741187 1563533924 2282414276 1204341369 2284720859 1371958522 3001295405 113448422 1247857186 3867955724 554580927 3009756277 1159509749 495581911 806400858 2009922436 1836792070 2544675582 889792256 530116513 1674442961 661937130 4205123964 3271400965 4255517769 4111131269 3738138380 465714875 791867865 3545637443 2976468700 2324928655 4053607966 627973297 1036876241 815995001 445623604 869865484 2580840316 420374921 868776533 441980263 2710853682 1737642494 1302653503 2534500280 3718731480 2884359380 299921525 3736498668 2524365312 1471608765 1433016977 2411654623 3486095867 200151245 3834593828 1863837671 806667139 4176745148 3557693844 350147164 1513343161 3018042268 2246677345 493585205 1366401984 1027785285 2843790335 2574783952 4148796474 2023230376 2645617253 3359276973 1985338668 2501988065 1094909706 1500724676 3602572460 3167995701 9099097 507539275 3312753994 1292447744 609337401 1907492317 1006029561 1964862271 2539663674 3542881932 3521062253 4194611061 4185577807 1295373813 226032594 425363490 3274033594 1928260093 246185785 3037555668 1932358274 3105096747 2159232748 1195312993 401632017 4258264761 1759165585 2489170926 161648288 588705327 380015053 2908962375 3485116290 3466529568 2154914021 2683651023 2630722562 966202462 1844713104 3104110650 2398207575 299664018 1351032985 171607040 1056427011 2793560082 124792042 4258522246 2013786828 1578799033 2939623622 3710568819 2198670302 3308207950 3849077526 1523458639 3147222174 2869597205 3299769661 414672220 2117663018 430708818 2001251223 264621529 321021996 1474353540 3133593560 1932228332 2901586088 147683832 1228844479 2515670342 2128612565 3987087162 2560966447 4202914448 4035099665 3038111248 2581689033 1978150303 1458053809 2318388271 854402136 1482193540 2999100606 245211780 1945413162 687879134 3056910478 1897415004 1161509640 390634894 1255011784 2712268992 502644195 204013185 141030275 3335107525 1613877969 2920062561 3309035897 3789043622 1913901964 2016803725 3211810228 2242168084 2797035975 3566743420 3593988520 3585541646 1290585915 2375483990 153777544 4229922125 701638388 3844203326 3609544183 401860717 3149960542 1480473523 3499180330 534485381 2295211998 1801371455 741743946 1052224573 247088497 1295953707 443103687 317965537 371325265 3858861233 839295124 2373315262 3399643080 4071399077 1270003478 1866579978 1723205583 1962354565 2758723990 236456472 1904119206 3339975996 1847499618 3288893538 3636311457 4147945938 2089045182 3993362266 1105524182 807791624 2572800558 523968490 2435553607 3710090850 231540548 3108197460 3637247251 1200288392 1662443011 2812401052 62335085 849020300 3309644698 1125799869 1284855310 2729456544 3730932415 1447600047 3309490561 2279987467 1311809026 2707795958 1785139873 3945589895 2853756495 1680319918 1869960745 318252995 1824265028 3280112338 4062166503 474298607 3110488807 3607320391 1451801919 1336029060 456117255 2066386905 2155561428 3039802886 2122281937 1286926085 3370503837 3225262410 3835494994 1799872209 2428392545 2119310967 1775221193 2788688405 2482293855 2731332718 1090720983 4222240213 3363797242 2707468896 2049198903 3148990161 771380751 2581756987 899510502 1844187762 3466840712 570960273 1868163922 1864565961 1893839040 1557335861 2819400189 3074871253 3730930006 3210197358 2396681836 3002646227 2354790700 2848894473 4051292861 2328690891 1735041668 4164055478 2351469303 2936839616 830621869 1240357333 424396587 3732126486 3270257077 3312833119 2440486646 1785148137 4256820293 2291308781 703291871 76312907 549960517 2403415948 2009839554 4194877964 2999421892 317384865 2777335 3494859899 1830764176 2294784983 1652558674 3382875239 1475277891 80381762 1312515730 1482691370 3141093748 4155361746 3809152017 2653576533 3098716638 3478739877 14263818 3565085127 1679951038 4087227582 3686261460 678241274 2834678529 2287638659 1961001918 345455890 3895017968 3612944964 1675716790 3009898156 1339644744 534129993 3247698398 4138119807 3220341130 1498712507 413099379 1468328916 562504301 1166728147 3388285001 1615388193 1405842448 1400399406 3447369165 206322805 4171517159 3350337443 3986536371 4015403296 2542788916 3542453201 1291003925 3542347657 4172925219 798939904 2476904743 1278162800 3950805728 1738935861 3406521667 2564685016 3805451677 328233850 1623258920 4016163093 2276350631 2250802275 3133855133 24308535 1505163643 982725058 1014095468 145747160 4212353170 304733346 3539355683 1802770168 3110367174 27557723 2141535346 839944665 794747115 2288628226 956964209 1917195234 2213978224 4235873815 819569992 3923773989 3591767246 2838649205 2752291464 4021317381 3323982407 12838792 573585568 2821286118 60536137 2022123596 1564808468 3524124738 1756882844 310575371 1926053583 4294806071 1565342175 3749491890 4226014036 4037191256 2102749082 1082845354 2316356241 2773926953 966541999 1072544323 2614692865 2852469951 3308207278 3440526206 1344445664
